time	rmse	false positive	false negative
4.971	0.011321	0	0
5.005	0.011321	0	0
5.038	0.011321	0	0
5.071	0.011883	0	0
5.105	0.011883	0	0
5.138	0.011679	0	0
5.171	0.011694	0	0
5.205	0.011397	0	0
5.238	0.010901	0	0
5.271	0.010916	0	0
5.305	0.011014	0	0
5.338	0.011089	0	0
5.372	0.011081	0	0
5.405	0.011159	0	0
5.438	0.011058	0	0
5.472	0.011188	0	0
5.505	0.011444	0	0
5.538	0.011569	0	0
5.572	0.011630	0	0
5.605	0.011768	0	0
5.638	0.011816	0	0
5.672	0.011809	0	0
5.705	0.011817	0	0
5.739	0.011782	0	0
5.772	0.011754	0	0
5.805	0.011702	0	0
5.839	0.011557	0	0
5.872	0.011762	0	0
5.905	0.012012	0	0
5.939	0.012076	0	0
5.972	0.012347	0	0
6.006	0.012569	0	0
6.039	0.012648	0	0
6.072	0.012750	0	0
6.106	0.012892	0	0
6.139	0.012818	0	0
6.172	0.013019	0	0
6.206	0.012899	0	0
6.239	0.012762	0	0
6.272	0.012681	0	0
6.306	0.012773	0	0
6.339	0.012575	0	0
6.373	0.012567	0	0
6.406	0.012535	0	0
6.439	0.012356	0	0
6.473	0.012353	0	0
6.506	0.012348	0	0
6.539	0.012356	0	0
6.573	0.012154	0	0
6.606	0.013336	0	0
6.639	0.014310	0	0
6.673	0.014103	0	0
6.706	0.013597	0	0
6.740	0.013123	0	0
6.773	0.011415	0	0
6.806	0.009723	0	0
6.840	0.009398	0	0
6.873	0.009412	0	0
6.906	0.009894	0	0
6.940	0.010273	0	0
6.973	0.010568	0	0
7.007	0.010851	0	0
7.040	0.010898	0	0
7.073	0.010942	0	0
7.107	0.010992	0	0
7.140	0.010865	0	0
7.173	0.010854	0	0
7.207	0.010933	0	0
7.240	0.010816	0	0
7.273	0.010720	0	0
7.307	0.011004	0	0
7.340	0.010971	0	0
7.374	0.010958	0	0
7.407	0.010877	0	0
7.440	0.010907	0	0
7.474	0.010908	0	0
7.507	0.010966	0	0
7.540	0.011096	0	0
7.574	0.011118	0	0
7.607	0.011195	0	0
7.640	0.010996	0	0
7.674	0.010875	0	0
7.707	0.010794	0	0
7.741	0.010724	0	0
7.774	0.010537	0	0
7.807	0.010625	0	0
7.841	0.010617	0	0
7.874	0.010559	0	0
7.907	0.010288	0	0
7.941	0.009802	0	0
7.974	0.009223	0	0
8.008	0.008602	0	0
8.041	0.007960	0	0
8.074	0.007690	0	0
8.108	0.007663	0	0
8.141	0.007462	0	0
8.174	0.008067	0	0
8.208	0.008403	0	0
8.241	0.008512	0	0
8.274	0.008785	0	0
8.308	0.009229	0	0
8.341	0.009018	0	0
8.375	0.009442	0	0
8.408	0.010129	0	0
8.441	0.010503	0	0
8.475	0.011029	0	0
8.508	0.011269	0	0
8.541	0.010886	0	0
8.575	0.010658	0	0
8.608	0.010652	0	0
8.641	0.010033	0	0
8.675	0.009946	0	0
8.708	0.010142	0	0
8.742	0.009961	0	0
8.775	0.009741	0	0
8.808	0.009888	0	0
8.842	0.010022	0	0
8.875	0.009876	0	0
8.908	0.009857	0	0
8.942	0.009945	0	0
8.975	0.009867	0	0
9.009	0.009683	0	0
9.042	0.009611	0	0
9.075	0.009538	0	0
9.109	0.009416	0	0
9.142	0.009791	0	0
9.175	0.009800	0	0
9.209	0.009974	0	0
9.242	0.009966	0	0
9.275	0.009966	0	0
9.309	0.009670	0	0
9.342	0.009535	0	0
9.376	0.009758	0	0
9.409	0.010027	0	0
9.442	0.010290	0	0
9.476	0.010432	0	0
9.509	0.010516	0	0
9.542	0.009916	0	0
9.576	0.009512	0	0
9.609	0.008480	0	0
9.642	0.007935	0	0
9.676	0.007481	0	0
9.709	0.007093	0	0
9.743	0.006962	0	0
9.776	0.007287	0	0
9.809	0.007248	0	0
9.843	0.007222	0	0
9.876	0.007084	0	0
9.909	0.006981	0	0
9.943	0.005972	0	0
9.976	0.005861	0	0
10.010	0.005800	0	0
10.043	0.006144	0	0
10.076	0.006470	0	0
10.110	0.007402	0	0
10.143	0.007526	0	0
10.176	0.007748	0	0
10.210	0.007920	0	0
10.243	0.007697	0	0
10.276	0.007718	0	0
10.310	0.007470	0	0
10.343	0.007232	0	0
10.377	0.007038	0	0
10.410	0.006963	0	0
10.443	0.006904	0	0
10.477	0.007199	0	0
10.510	0.007242	0	0
10.543	0.007099	0	0
10.577	0.007184	0	0
10.610	0.007262	0	0
10.643	0.007203	0	0
10.677	0.007225	0	0
10.710	0.007434	0	0
10.744	0.007302	0	0
10.777	0.007197	0	0
10.810	0.007142	0	0
10.844	0.007148	0	0
10.877	0.007088	0	0
10.910	0.007275	0	0
10.944	0.007294	0	0
10.977	0.007156	0	0
11.011	0.006895	0	0
11.044	0.006732	0	0
11.077	0.008456	0	0
11.111	0.012883	0	0
11.144	0.017601	0	1
11.177	0.022518	0	0
11.211	0.025437	0	0
11.244	0.025186	0	0
11.277	0.021459	1	0
11.311	0.017114	0	0
11.344	0.012400	0	0
11.378	0.009678	0	0
11.411	0.008145	0	0
11.444	0.007572	0	0
11.478	0.007418	0	0
11.511	0.007417	0	0
11.544	0.007450	0	0
11.578	0.007423	0	0
11.611	0.007187	0	0
11.644	0.007084	0	0
11.678	0.007049	0	0
11.711	0.006956	0	0
11.745	0.007127	0	0
11.778	0.007344	0	0
11.811	0.007164	0	0
11.845	0.007204	0	0
11.878	0.007321	0	0
11.911	0.007063	0	0
11.945	0.007232	0	0
11.978	0.007555	0	0
12.012	0.007691	0	0
12.045	0.007858	0	0
12.078	0.008033	0	0
12.112	0.007929	0	0
12.145	0.008027	0	0
12.178	0.008004	0	0
12.212	0.007816	0	0
12.245	0.007673	0	0
12.278	0.007717	0	0
12.312	0.008120	0	0
12.345	0.011894	0	0
12.379	0.016240	0	1
12.412	0.020540	0	0
12.445	0.023839	0	0
12.479	0.025060	0	0
12.512	0.021857	1	0
12.545	0.017725	0	0
12.579	0.013627	0	0
12.612	0.009974	0	0
12.645	0.008286	0	0
12.679	0.007543	0	0
12.712	0.007349	0	0
12.746	0.006928	0	0
12.779	0.007194	0	0
12.812	0.007052	0	0
12.846	0.007302	0	0
12.879	0.007181	0	0
12.912	0.007515	0	0
12.946	0.007462	0	0
12.979	0.007991	0	0
13.013	0.011624	0	0
13.046	0.015865	0	1
13.079	0.020049	0	0
13.113	0.024316	0	0
13.146	0.026834	0	0
13.179	0.024676	0	0
13.213	0.021039	1	0
13.246	0.017044	0	0
13.279	0.013032	0	0
13.313	0.010006	0	0
13.346	0.008404	0	0
13.380	0.007715	0	0
13.413	0.007412	0	0
13.446	0.007222	0	0
13.480	0.007223	0	0
13.513	0.007327	0	0
13.546	0.007434	0	0
13.580	0.007538	0	0
13.613	0.007531	0	0
13.646	0.007511	0	0
13.680	0.007396	0	0
13.713	0.007350	0	0
13.747	0.007161	0	0
13.780	0.007032	0	0
13.813	0.007086	0	0
13.847	0.006959	0	0
13.880	0.006924	0	0
13.913	0.006967	0	0
13.947	0.006979	0	0
13.980	0.006874	0	0
14.014	0.006992	0	0
14.047	0.007193	0	0
14.080	0.007193	0	0
14.114	0.007347	0	0
14.147	0.007444	0	0
14.180	0.007476	0	0
14.214	0.007342	0	0
14.247	0.007299	0	0
14.280	0.007137	0	0
14.314	0.007057	0	0
14.347	0.006893	0	0
14.381	0.006852	0	0
14.414	0.006861	0	0
14.447	0.006907	0	0
14.481	0.007040	0	0
14.514	0.007291	0	0
14.547	0.007370	0	0
14.581	0.007546	0	0
14.614	0.007497	0	0
14.647	0.007326	0	0
14.681	0.007357	0	0
14.714	0.007255	0	0
14.748	0.007174	0	0
14.781	0.007166	0	0
14.814	0.007310	0	0
14.848	0.007140	0	0
14.881	0.007463	0	0
14.914	0.007419	0	0
14.948	0.007582	0	0
14.981	0.007481	0	0
15.015	0.007609	0	0
15.048	0.007462	0	0
15.081	0.007366	0	0
15.115	0.007419	0	0
15.148	0.007345	0	0
15.181	0.007253	0	0
15.215	0.007013	0	0
15.248	0.007283	0	0
15.281	0.007345	0	0
15.315	0.007442	0	0
15.348	0.007544	0	0
15.382	0.007732	0	0
15.415	0.007470	0	0
15.448	0.007240	0	0
15.482	0.006919	0	0
15.515	0.006690	0	0
15.548	0.006589	0	0
15.582	0.006410	0	0
15.615	0.006427	0	0
15.648	0.006797	0	0
15.682	0.006860	0	0
15.715	0.006616	0	0
15.749	0.006883	0	0
15.782	0.006769	0	0
15.815	0.006686	0	0
15.849	0.006579	0	0
15.882	0.006816	0	0
15.915	0.006878	0	0
15.949	0.006886	0	0
15.982	0.006934	0	0
16.016	0.007159	0	0
16.049	0.007215	0	0
16.082	0.007302	0	0
16.116	0.007484	0	0
16.149	0.007630	0	0
16.182	0.007663	0	0
16.216	0.007700	0	0
16.249	0.007670	0	0
16.282	0.007593	0	0
16.316	0.007629	0	0
16.349	0.007533	0	0
16.383	0.007530	0	0
16.416	0.007500	0	0
16.449	0.007534	0	0
16.483	0.007564	0	0
16.516	0.007515	0	0
16.549	0.007574	0	0
16.583	0.007522	0	0
16.616	0.007420	0	0
16.649	0.007325	0	0
16.683	0.007192	0	0
16.716	0.007102	0	0
16.750	0.007170	0	0
16.783	0.007398	0	0
16.816	0.007383	0	0
16.850	0.007651	0	0
16.883	0.007715	0	0
16.916	0.007802	0	0
16.950	0.007990	0	0
16.983	0.008126	0	0
17.017	0.008122	0	0
17.050	0.008342	0	0
17.083	0.008415	0	0
17.117	0.008288	0	0
17.150	0.008004	0	0
17.183	0.008154	0	0
17.217	0.007970	0	0
17.250	0.007873	0	0
17.283	0.007903	0	0
17.317	0.008052	0	0
17.350	0.007808	0	0
17.384	0.007844	0	0
17.417	0.007636	0	0
17.450	0.007475	0	0
17.484	0.007400	0	0
17.517	0.007548	0	0
17.550	0.007554	0	0
17.584	0.007628	0	0
17.617	0.007686	0	0
17.650	0.007862	0	0
17.684	0.007801	0	0
17.717	0.007726	0	0
17.751	0.008060	0	0
17.784	0.007993	0	0
17.817	0.007690	0	0
17.851	0.007725	0	0
17.884	0.007659	0	0
17.917	0.007250	0	0
17.951	0.007265	0	0
17.984	0.007153	0	0
18.018	0.006842	0	0
18.051	0.006862	0	0
18.084	0.006973	0	0
18.118	0.007009	0	0
18.151	0.007430	0	0
18.184	0.007624	0	0
18.218	0.007680	0	0
18.251	0.007641	0	0
18.284	0.007729	0	0
18.318	0.007567	0	0
18.351	0.007590	0	0
18.385	0.007596	0	0
18.418	0.007678	0	0
18.451	0.007369	0	0
18.485	0.007384	0	0
18.518	0.007563	0	0
18.551	0.007652	0	0
18.585	0.007527	0	0
18.618	0.007604	0	0
18.651	0.007442	0	0
18.685	0.007275	0	0
18.718	0.007080	0	0
18.752	0.007161	0	0
18.785	0.007249	0	0
18.818	0.007444	0	0
18.852	0.007474	0	0
18.885	0.007625	0	0
18.918	0.007829	0	0
18.952	0.007744	0	0
18.985	0.007578	0	0
19.019	0.007566	0	0
19.052	0.007523	0	0
19.085	0.007240	0	0
19.119	0.007381	0	0
19.152	0.007601	0	0
19.185	0.007644	0	0
19.219	0.007711	0	0
19.252	0.007644	0	0
19.285	0.007554	0	0
19.319	0.007321	0	0
19.352	0.007353	0	0
19.386	0.007431	0	0
19.419	0.007557	0	0
19.452	0.007735	0	0
19.486	0.008028	0	0
19.519	0.007944	0	0
19.552	0.007897	0	0
19.586	0.007871	0	0
19.619	0.007559	0	0
19.652	0.007486	0	0
19.686	0.007667	0	0
19.719	0.007494	0	0
19.753	0.007362	0	0
19.786	0.007488	0	0
19.819	0.007170	0	0
19.853	0.006659	0	0
19.886	0.006671	0	0
19.919	0.006731	0	0
19.953	0.006769	0	0
19.986	0.007035	0	0
20.020	0.007264	0	0
20.053	0.007396	0	0
20.086	0.007639	0	0
20.120	0.007668	0	0
20.153	0.007566	0	0
20.186	0.007672	0	0
20.220	0.007457	0	0
20.253	0.007240	0	0
20.286	0.007226	0	0
20.320	0.007388	0	0
20.353	0.007517	0	0
20.387	0.010128	0	0
20.420	0.014569	0	0
20.453	0.018713	0	0
20.487	0.022180	0	0
20.520	0.024118	0	0
20.553	0.022369	1	0
20.587	0.018305	1	0
20.620	0.014221	0	0
20.653	0.010703	0	0
20.687	0.008618	0	0
20.720	0.007769	0	0
20.754	0.007310	0	0
20.787	0.007016	0	0
20.820	0.006972	0	0
20.854	0.006970	0	0
20.887	0.007017	0	0
20.920	0.007151	0	0
20.954	0.007240	0	0
20.987	0.007013	0	0
21.021	0.006875	0	0
21.054	0.006668	0	0
21.087	0.006528	0	0
21.121	0.006526	0	0
21.154	0.006512	0	0
21.187	0.006530	0	0
21.221	0.006546	0	0
21.254	0.006501	0	0
21.287	0.006560	0	0
21.321	0.006563	0	0
21.354	0.006603	0	0
21.388	0.006656	0	0
21.421	0.006794	0	0
21.454	0.006720	0	0
21.488	0.006810	0	0
21.521	0.006686	0	0
21.554	0.006495	0	0
21.588	0.006311	0	0
21.621	0.006257	0	0
21.654	0.006230	0	0
21.688	0.006152	0	0
21.721	0.006436	0	0
21.755	0.006600	0	0
21.788	0.006700	0	0
21.821	0.006687	0	0
21.855	0.006742	0	0
21.888	0.006685	0	0
21.921	0.006604	0	0
21.955	0.006641	0	0
21.988	0.006590	0	0
22.022	0.006557	0	0
22.055	0.006597	0	0
22.088	0.006536	0	0
22.122	0.006365	0	0
22.155	0.006505	0	0
22.188	0.006759	0	0
22.222	0.006854	0	0
22.255	0.006823	0	0
22.288	0.006938	0	0
22.322	0.006710	0	0
22.355	0.006491	0	0
22.389	0.006323	0	0
22.422	0.006397	0	0
22.455	0.009095	0	0
22.489	0.013832	0	1
22.522	0.018566	0	0
22.555	0.022156	0	0
22.589	0.024614	0	0
22.622	0.023301	1	0
22.655	0.019694	1	0
22.689	0.015640	0	0
22.722	0.012437	0	0
22.756	0.010212	0	0
22.789	0.008861	0	0
22.822	0.008144	0	0
22.856	0.007657	0	0
22.889	0.007272	0	0
22.922	0.007048	0	0
22.956	0.007033	0	0
22.989	0.006874	0	0
23.023	0.006646	0	0
23.056	0.006671	0	0
23.089	0.006808	0	0
23.123	0.006791	0	0
23.156	0.006946	0	0
23.189	0.007299	0	0
23.223	0.007376	0	0
23.256	0.007220	0	0
23.289	0.007207	0	0
23.323	0.006946	0	0
23.356	0.006747	0	0
23.390	0.006589	0	0
23.423	0.006598	0	0
23.456	0.006677	0	0
23.490	0.006815	0	0
23.523	0.006776	0	0
23.556	0.006815	0	0
23.590	0.006724	0	0
23.623	0.006815	0	0
23.656	0.006951	0	0
23.690	0.007402	0	0
23.723	0.007806	0	0
23.757	0.009307	0	0
23.790	0.010976	0	0
23.823	0.012691	0	0
23.857	0.014157	0	0
23.890	0.015890	0	0
23.923	0.016518	0	0
23.957	0.016593	0	0
23.990	0.016620	0	0
24.024	0.016775	0	0
24.057	0.016835	0	0
24.090	0.017075	0	0
24.124	0.017468	0	0
24.157	0.017669	0	0
24.190	0.017877	0	0
24.224	0.018117	1	0
24.257	0.018244	1	0
24.290	0.018180	1	0
24.324	0.018196	1	0
24.357	0.018118	1	0
24.391	0.017963	0	0
24.424	0.017907	0	0
24.457	0.017737	0	0
24.491	0.017662	0	0
24.524	0.017679	0	0
24.557	0.017569	0	0
24.591	0.017468	0	0
24.624	0.017715	0	0
24.657	0.017823	0	0
24.691	0.017924	0	0
24.724	0.018116	1	0
24.758	0.018157	1	0
24.791	0.018046	1	0
24.824	0.018024	1	0
24.858	0.017894	0	0
24.891	0.017939	0	0
24.924	0.017926	0	0
24.958	0.017865	0	0
24.991	0.017875	0	0
25.025	0.017872	0	0
25.058	0.017632	0	0
25.091	0.017678	0	0
25.125	0.017770	0	0
25.158	0.017781	0	0
25.191	0.017784	0	0
25.225	0.017979	0	0
25.258	0.017855	0	0
25.291	0.017957	0	0
25.325	0.017957	0	0
25.358	0.018062	1	0
25.392	0.018204	1	0
25.425	0.018365	1	0
25.458	0.018231	1	0
25.492	0.018303	1	0
25.525	0.018285	1	0
25.558	0.018058	1	0
25.592	0.017860	0	0
25.625	0.017810	0	0
25.658	0.017623	0	0
25.692	0.017519	0	0
25.725	0.016242	0	0
25.759	0.015135	0	0
25.792	0.013793	0	0
25.825	0.012211	0	0
25.859	0.010660	0	0
25.892	0.010376	0	0
25.925	0.009977	0	0
25.959	0.009658	0	0
25.992	0.009686	0	0
26.026	0.009604	0	0
26.059	0.009403	0	0
26.092	0.009321	0	0
26.126	0.009416	0	0
26.159	0.009445	0	0
26.192	0.009523	0	0
26.226	0.009629	0	0
26.259	0.009658	0	0
26.292	0.009545	0	0
26.326	0.009475	0	0
26.359	0.009314	0	0
26.393	0.009281	0	0
26.426	0.009316	0	0
26.459	0.009510	0	0
26.493	0.009715	0	0
26.526	0.009858	0	0
26.559	0.009776	0	0
26.593	0.009630	0	0
26.626	0.009411	0	0
26.659	0.009153	0	0
26.693	0.009108	0	0
26.726	0.009284	0	0
26.760	0.009295	0	0
26.793	0.009305	0	0
26.826	0.009327	0	0
26.860	0.009284	0	0
26.893	0.009085	0	0
26.926	0.009156	0	0
26.960	0.009144	0	0
26.993	0.009209	0	0
27.027	0.009387	0	0
27.060	0.009398	0	0
27.093	0.009417	0	0
27.127	0.009503	0	0
27.160	0.009315	0	0
27.193	0.009010	0	0
27.227	0.009130	0	0
27.260	0.009008	0	0
27.293	0.009045	0	0
27.327	0.009205	0	0
27.360	0.009249	0	0
27.394	0.009140	0	0
27.427	0.009156	0	0
27.460	0.008934	0	0
27.494	0.008895	0	0
27.527	0.008991	0	0
27.560	0.009222	0	0
27.594	0.009391	0	0
27.627	0.009451	0	0
27.660	0.009549	0	0
27.694	0.009659	0	0
27.727	0.009387	0	0
27.761	0.009203	0	0
27.794	0.009264	0	0
27.827	0.009114	0	0
27.861	0.008911	0	0
27.894	0.009042	0	0
27.927	0.009104	0	0
27.961	0.008965	0	0
27.994	0.009047	0	0
28.028	0.009093	0	0
28.061	0.009022	0	0
28.094	0.009089	0	0
28.128	0.009310	0	0
28.161	0.009282	0	0
28.194	0.009344	0	0
28.228	0.009325	0	0
28.261	0.009144	0	0
28.294	0.009006	0	0
28.328	0.008959	0	0
28.361	0.008859	0	0
28.395	0.008838	0	0
28.428	0.008989	0	0
28.461	0.008969	0	0
28.495	0.008907	0	0
28.528	0.008842	0	0
28.561	0.008889	0	0
28.595	0.008833	0	0
28.628	0.008642	0	0
28.661	0.008635	0	0
28.695	0.008554	0	0
28.728	0.008333	0	0
28.762	0.008008	0	0
28.795	0.010997	0	0
28.828	0.013939	0	0
28.862	0.016241	0	0
28.895	0.017364	0	0
28.928	0.017923	0	0
28.962	0.015168	0	0
28.995	0.011921	0	0
29.029	0.009387	0	0
29.062	0.008102	0	0
29.095	0.007585	0	0
29.129	0.007191	0	0
29.162	0.007377	0	0
29.195	0.007578	0	0
29.229	0.007664	0	0
29.262	0.007713	0	0
29.295	0.007879	0	0
29.329	0.007990	0	0
29.362	0.007887	0	0
29.396	0.008005	0	0
29.429	0.008188	0	0
29.462	0.008190	0	0
29.496	0.008008	0	0
29.529	0.008107	0	0
29.562	0.008215	0	0
29.596	0.008047	0	0
29.629	0.008119	0	0
29.662	0.008065	0	0
29.696	0.008065	0	0
29.729	0.008031	0	0
29.763	0.008074	0	0
29.796	0.008066	0	0
29.829	0.008269	0	0
29.863	0.008323	0	0
29.896	0.008198	0	0
29.929	0.008236	0	0
29.963	0.008131	0	0
29.996	0.008204	0	0
30.030	0.008080	0	0
30.063	0.008155	0	0
30.096	0.008440	0	0
30.130	0.008826	0	0
30.163	0.008951	0	0
30.196	0.009115	0	0
30.230	0.009267	0	0
30.263	0.009241	0	0
30.296	0.009103	0	0
30.330	0.009064	0	0
30.363	0.009290	0	0
30.397	0.009196	0	0
30.430	0.009046	0	0
30.463	0.008912	0	0
30.497	0.008711	0	0
30.530	0.008674	0	0
30.563	0.008939	0	0
30.597	0.008820	0	0
30.630	0.008981	0	0
30.663	0.009060	0	0
30.697	0.009029	0	0
30.730	0.008786	0	0
30.764	0.009149	0	0
30.797	0.009100	0	0
30.830	0.009193	0	0
30.864	0.009263	0	0
30.897	0.009592	0	0
30.930	0.009258	0	0
30.964	0.009188	0	0
30.997	0.009093	0	0
31.031	0.008930	0	0
31.064	0.008410	0	0
31.097	0.008636	0	0
31.131	0.008552	0	0
31.164	0.008453	0	0
31.197	0.008493	0	0
31.231	0.008506	0	0
31.264	0.008284	0	0
31.297	0.008401	0	0
31.331	0.008446	0	0
31.364	0.008329	0	0
31.398	0.008520	0	0
31.431	0.008788	0	0
31.464	0.008947	0	0
31.498	0.008940	0	0
31.531	0.008990	0	0
31.564	0.009023	0	0
31.598	0.008688	0	0
31.631	0.008469	0	0
31.664	0.008509	0	0
31.698	0.008477	0	0
31.731	0.008203	0	0
31.765	0.008099	0	0
31.798	0.008072	0	0
31.831	0.008081	0	0
31.865	0.008052	0	0
31.898	0.008310	0	0
31.931	0.008395	0	0
31.965	0.008446	0	0
31.998	0.008431	0	0
32.032	0.008507	0	0
32.065	0.008569	0	0
32.098	0.008761	0	0
32.132	0.008799	0	0
32.165	0.008899	0	0
32.198	0.008867	0	0
32.232	0.008827	0	0
32.265	0.008621	0	0
32.298	0.008615	0	0
32.332	0.008366	0	0
32.365	0.008309	0	0
32.399	0.008102	0	0
32.432	0.008169	0	0
32.465	0.008091	0	0
32.499	0.008243	0	0
32.532	0.008146	0	0
32.565	0.008144	0	0
32.599	0.008050	0	0
32.632	0.007923	0	0
32.665	0.007674	0	0
32.699	0.007649	0	0
32.732	0.007648	0	0
32.766	0.007591	0	0
32.799	0.007696	0	0
32.832	0.007966	0	0
32.866	0.007964	0	0
32.899	0.010046	0	0
32.932	0.014428	0	1
32.966	0.018699	0	0
32.999	0.022731	0	0
33.033	0.026837	0	0
33.066	0.028777	0	0
33.099	0.028634	0	0
33.133	0.028483	0	0
33.166	0.028462	0	0
33.199	0.028580	0	0
33.233	0.028679	0	0
33.266	0.028648	0	0
33.299	0.027267	0	0
33.333	0.024087	0	0
33.366	0.020352	1	0
33.400	0.016425	0	0
33.433	0.012606	0	0
33.466	0.010004	0	0
33.500	0.009301	0	0
33.533	0.009154	0	0
33.566	0.009174	0	0
33.600	0.009136	0	0
33.633	0.009310	0	0
33.666	0.009358	0	0
33.700	0.009299	0	0
33.733	0.009412	0	0
33.767	0.009516	0	0
33.800	0.009404	0	0
33.833	0.009168	0	0
33.867	0.009207	0	0
33.900	0.009145	0	0
33.933	0.008893	0	0
33.967	0.008943	0	0
34.000	0.009136	0	0
34.034	0.009283	0	0
34.067	0.009261	0	0
34.100	0.009449	0	0
34.134	0.009262	0	0
34.167	0.009228	0	0
34.200	0.009157	0	0
34.234	0.009144	0	0
34.267	0.008987	0	0
34.300	0.008913	0	0
34.334	0.008941	0	0
34.367	0.008977	0	0
34.401	0.009050	0	0
34.434	0.009233	0	0
34.467	0.009352	0	0
34.501	0.009148	0	0
34.534	0.009096	0	0
34.567	0.008949	0	0
34.601	0.008755	0	0
34.634	0.008848	0	0
34.667	0.008997	0	0
34.701	0.009093	0	0
34.734	0.009173	0	0
34.768	0.009335	0	0
34.801	0.009496	0	0
34.834	0.009543	0	0
34.868	0.009402	0	0
34.901	0.009371	0	0
34.934	0.009241	0	0
34.968	0.009115	0	0
35.001	0.009202	0	0
35.035	0.009205	0	0
35.068	0.009113	0	0
35.101	0.008885	0	0
35.135	0.008787	0	0
35.168	0.008220	0	0
35.201	0.008129	0	0
35.235	0.008014	0	0
35.268	0.008108	0	0
35.301	0.008077	0	0
35.335	0.008242	0	0
35.368	0.008135	0	0
35.402	0.008231	0	0
35.435	0.008321	0	0
35.468	0.008077	0	0
35.502	0.008181	0	0
35.535	0.008073	0	0
35.568	0.007804	0	0
35.602	0.007676	0	0
35.635	0.007741	0	0
35.668	0.007591	0	0
35.702	0.007565	0	0
35.735	0.007738	0	0
35.769	0.009754	0	0
35.802	0.011873	0	0
35.835	0.013028	0	0
35.869	0.013647	0	0
35.902	0.013783	0	0
35.935	0.011750	0	0
35.969	0.009662	0	0
36.002	0.008572	0	0
36.036	0.008198	0	0
36.069	0.008205	0	0
36.102	0.008377	0	0
36.136	0.008513	0	0
36.169	0.008836	0	0
36.202	0.008781	0	0
36.236	0.008692	0	0
36.269	0.008646	0	0
36.302	0.008755	0	0
36.336	0.008523	0	0
36.369	0.008551	0	0
36.403	0.008683	0	0
36.436	0.008957	0	0
36.469	0.008877	0	0
36.503	0.008933	0	0
36.536	0.008926	0	0
36.569	0.008816	0	0
36.603	0.008478	0	0
36.636	0.008582	0	0
36.669	0.008642	0	0
36.703	0.008700	0	0
36.736	0.008644	0	0
36.770	0.008673	0	0
36.803	0.008609	0	0
36.836	0.008570	0	0
36.870	0.008571	0	0
36.903	0.008592	0	0
36.936	0.008586	0	0
36.970	0.008477	0	0
37.003	0.008397	0	0
37.037	0.008410	0	0
37.070	0.008468	0	0
37.103	0.008463	0	0
37.137	0.008384	0	0
37.170	0.008556	0	0
37.203	0.008511	0	0
37.237	0.008641	0	0
37.270	0.008736	0	0
37.303	0.008853	0	0
37.337	0.008881	0	0
37.370	0.008783	0	0
37.404	0.008555	0	0
37.437	0.008501	0	0
37.470	0.008211	0	0
37.504	0.008055	0	0
37.537	0.008055	0	0
37.570	0.008295	0	0
37.604	0.008355	0	0
37.637	0.008635	0	0
37.670	0.008683	0	0
37.704	0.008812	0	0
37.737	0.008703	0	0
37.771	0.008591	0	0
37.804	0.008615	0	0
37.837	0.008394	0	0
37.871	0.008298	0	0
37.904	0.008433	0	0
37.937	0.008407	0	0
37.971	0.008144	0	0
38.004	0.008186	0	0
38.038	0.008081	0	0
38.071	0.007680	0	0
38.104	0.007610	0	0
38.138	0.007833	0	0
38.171	0.008010	0	0
38.204	0.008861	0	0
38.238	0.009636	0	0
38.271	0.010025	0	0
38.304	0.010267	0	0
38.338	0.010365	0	0
38.371	0.009757	0	0
38.405	0.009358	0	0
38.438	0.009477	0	0
38.471	0.009479	0	0
38.505	0.009765	0	0
38.538	0.009870	0	0
38.571	0.009961	0	0
38.605	0.009893	0	0
38.638	0.010034	0	0
38.671	0.009852	0	0
38.705	0.009936	0	0
38.738	0.010150	0	0
38.772	0.010248	0	0
38.805	0.010247	0	0
38.838	0.010199	0	0
38.872	0.010311	0	0
38.905	0.010043	0	0
38.938	0.009947	0	0
38.972	0.009719	0	0
39.005	0.009828	0	0
39.039	0.009603	0	0
39.072	0.009663	0	0
39.105	0.009640	0	0
39.139	0.009657	0	0
39.172	0.009442	0	0
39.205	0.009639	0	0
39.239	0.009714	0	0
39.272	0.009719	0	0
39.305	0.009748	0	0
39.339	0.009778	0	0
39.372	0.009517	0	0
39.406	0.009455	0	0
39.439	0.009447	0	0
39.472	0.009431	0	0
39.506	0.009663	0	0
39.539	0.009698	0	0
39.572	0.009614	0	0
39.606	0.009615	0	0
39.639	0.009723	0	0
39.672	0.009535	0	0
39.706	0.009758	0	0
39.739	0.009872	0	0
39.773	0.009740	0	0
39.806	0.009693	0	0
39.839	0.009393	0	0
39.873	0.008939	0	0
39.906	0.008352	0	0
39.939	0.008017	0	0
39.973	0.007656	0	0
40.006	0.007458	0	0
40.040	0.007267	0	0
40.073	0.007274	0	0
40.106	0.007131	0	0
40.140	0.006916	0	0
40.173	0.007013	0	0
40.206	0.006838	0	0
40.240	0.006865	0	0
40.273	0.007092	0	0
40.306	0.007241	0	0
40.340	0.007231	0	0
40.373	0.007495	0	0
40.407	0.007642	0	0
40.440	0.007536	0	0
40.473	0.007541	0	0
40.507	0.007562	0	0
40.540	0.007537	0	0
40.573	0.007614	0	0
40.607	0.007712	0	0
40.640	0.007728	0	0
40.673	0.007870	0	0
40.707	0.007827	0	0
40.740	0.007658	0	0
40.774	0.007714	0	0
40.807	0.007730	0	0
40.840	0.007584	0	0
40.874	0.007486	0	0
40.907	0.007331	0	0
40.940	0.007099	0	0
40.974	0.007006	0	0
41.007	0.006761	0	0
41.041	0.006829	0	0
41.074	0.006731	0	0
41.107	0.006860	0	0
41.141	0.006968	0	0
41.174	0.008766	0	0
41.207	0.009794	0	0
41.241	0.010541	0	0
41.274	0.010606	0	0
41.307	0.010560	0	0
41.341	0.008995	0	0
41.374	0.007933	0	0
41.408	0.007634	0	0
41.441	0.007560	0	0
41.474	0.007662	0	0
41.508	0.007774	0	0
41.541	0.007880	0	0
41.574	0.007549	0	0
41.608	0.007566	0	0
41.641	0.007384	0	0
41.674	0.007352	0	0
41.708	0.007156	0	0
41.741	0.007377	0	0
41.775	0.007196	0	0
41.808	0.007245	0	0
41.841	0.007226	0	0
41.875	0.007218	0	0
41.908	0.007060	0	0
41.941	0.007158	0	0
41.975	0.007019	0	0
42.008	0.006936	0	0
42.042	0.007102	0	0
42.075	0.006979	0	0
42.108	0.006841	0	0
42.142	0.006808	0	0
42.175	0.006715	0	0
42.208	0.006700	0	0
42.242	0.006798	0	0
42.275	0.006802	0	0
42.308	0.006743	0	0
42.342	0.006950	0	0
42.375	0.007144	0	0
42.409	0.007500	0	0
42.442	0.007720	0	0
42.475	0.007958	0	0
42.509	0.007960	0	0
42.542	0.008027	0	0
42.575	0.007767	0	0
42.609	0.007714	0	0
42.642	0.007661	0	0
42.675	0.007436	0	0
42.709	0.007314	0	0
42.742	0.007332	0	0
42.776	0.007298	0	0
42.809	0.007360	0	0
42.842	0.007511	0	0
42.876	0.007401	0	0
42.909	0.007353	0	0
42.942	0.007478	0	0
42.976	0.007327	0	0
43.009	0.007368	0	0
43.043	0.007491	0	0
43.076	0.007737	0	0
43.109	0.007666	0	0
43.143	0.007794	0	0
43.176	0.007765	0	0
43.209	0.007547	0	0
43.243	0.007377	0	0
43.276	0.007239	0	0
43.309	0.007401	0	0
43.343	0.007466	0	0
43.376	0.007707	0	0
43.410	0.007677	0	0
43.443	0.008025	0	0
43.476	0.008037	0	0
43.510	0.008230	0	0
43.543	0.008270	0	0
43.576	0.008230	0	0
43.610	0.008308	0	0
43.643	0.008064	0	0
43.676	0.007677	0	0
43.710	0.007490	0	0
43.743	0.007650	0	0
43.777	0.007495	0	0
43.810	0.007572	0	0
43.843	0.007565	0	0
43.877	0.007445	0	0
43.910	0.007275	0	0
43.943	0.007138	0	0
43.977	0.007141	0	0
44.010	0.007309	0	0
44.044	0.007406	0	0
44.077	0.007477	0	0
44.110	0.007718	0	0
44.144	0.010801	0	0
44.177	0.012981	0	0
44.210	0.014357	0	0
44.244	0.014958	0	0
44.277	0.014841	0	0
44.310	0.011914	0	0
44.344	0.009697	0	0
44.377	0.008370	0	0
44.411	0.007791	0	0
44.444	0.007638	0	0
44.477	0.007470	0	0
44.511	0.007649	0	0
44.544	0.007711	0	0
44.577	0.007722	0	0
44.611	0.007907	0	0
44.644	0.008066	0	0
44.677	0.007991	0	0
44.711	0.008013	0	0
44.744	0.008066	0	0
44.778	0.007909	0	0
44.811	0.007871	0	0
44.844	0.007741	0	0
44.878	0.007628	0	0
44.911	0.007680	0	0
44.944	0.007674	0	0
44.978	0.007683	0	0
45.011	0.007805	0	0
45.045	0.007858	0	0
45.078	0.007714	0	0
45.111	0.007836	0	0
45.145	0.007721	0	0
45.178	0.007665	0	0
45.211	0.007582	0	0
45.245	0.007601	0	0
45.278	0.010327	0	0
45.311	0.014226	0	1
45.345	0.018385	0	0
45.378	0.021758	0	0
45.412	0.023719	0	0
45.445	0.021811	1	0
45.478	0.018390	1	0
45.512	0.014415	0	0
45.545	0.011297	0	0
45.578	0.009381	0	0
45.612	0.008558	0	0
45.645	0.007993	0	0
45.678	0.007907	0	0
45.712	0.007790	0	0
45.745	0.007601	0	0
45.779	0.007534	0	0
45.812	0.007599	0	0
45.845	0.007715	0	0
45.879	0.007533	0	0
45.912	0.007591	0	0
45.945	0.007474	0	0
45.979	0.007434	0	0
46.012	0.007344	0	0
46.046	0.007490	0	0
46.079	0.007714	0	0
46.112	0.007827	0	0
46.146	0.009341	0	0
46.179	0.013111	0	0
46.212	0.016954	0	1
46.246	0.020651	0	0
46.279	0.024707	0	0
46.312	0.026922	0	0
46.346	0.027227	0	0
46.379	0.026139	0	0
46.413	0.023463	0	0
46.446	0.019853	1	0
46.479	0.016322	0	0
46.513	0.012315	0	0
46.546	0.009644	0	0
46.579	0.008628	0	0
46.613	0.008301	0	0
46.646	0.008374	0	0
46.679	0.008533	0	0
46.713	0.008812	0	0
46.746	0.008892	0	0
46.780	0.009038	0	0
46.813	0.009006	0	0
46.846	0.008967	0	0
46.880	0.008787	0	0
46.913	0.008668	0	0
46.946	0.008547	0	0
46.980	0.008418	0	0
47.013	0.008224	0	0
47.047	0.008108	0	0
47.080	0.007978	0	0
47.113	0.007869	0	0
47.147	0.008026	0	0
47.180	0.008011	0	0
47.213	0.007975	0	0
47.247	0.008101	0	0
47.280	0.008136	0	0
47.313	0.008107	0	0
47.347	0.008321	0	0
47.380	0.008284	0	0
47.414	0.008311	0	0
47.447	0.008531	0	0
47.480	0.008346	0	0
47.514	0.008395	0	0
47.547	0.008571	0	0
47.580	0.008619	0	0
47.614	0.008391	0	0
47.647	0.008786	0	0
47.680	0.008674	0	0
47.714	0.008463	0	0
47.747	0.008457	0	0
47.781	0.008674	0	0
47.814	0.008595	0	0
47.847	0.008457	0	0
47.881	0.008734	0	0
47.914	0.008676	0	0
47.947	0.008606	0	0
47.981	0.008448	0	0
48.014	0.008592	0	0
48.048	0.008470	0	0
48.081	0.008621	0	0
48.114	0.008390	0	0
48.148	0.008426	0	0
48.181	0.008337	0	0
48.214	0.008172	0	0
48.248	0.008026	0	0
48.281	0.008135	0	0
48.314	0.008105	0	0
48.348	0.008128	0	0
48.381	0.008390	0	0
48.415	0.008460	0	0
48.448	0.008547	0	0
48.481	0.008538	0	0
48.515	0.008578	0	0
48.548	0.008633	0	0
48.581	0.008633	0	0
48.615	0.008734	0	0
48.648	0.008839	0	0
48.681	0.008801	0	0
48.715	0.008756	0	0
48.748	0.008666	0	0
48.782	0.008610	0	0
48.815	0.008466	0	0
48.848	0.008492	0	0
48.882	0.008371	0	0
48.915	0.008434	0	0
48.948	0.008436	0	0
48.982	0.008231	0	0
49.015	0.008069	0	0
49.049	0.008021	0	0
49.082	0.008060	0	0
49.115	0.009454	0	0
49.149	0.013494	0	0
49.182	0.016131	0	0
49.215	0.017433	0	0
49.249	0.017787	0	0
49.282	0.016726	0	0
49.315	0.012997	0	0
49.349	0.010533	0	0
49.382	0.009396	0	0
49.416	0.008897	0	0
49.449	0.008331	0	0
49.482	0.008414	0	0
49.516	0.008327	0	0
49.549	0.008225	0	0
49.582	0.008328	0	0
49.616	0.008445	0	0
49.649	0.008378	0	0
49.682	0.008304	0	0
49.716	0.008232	0	0
49.749	0.007979	0	0
49.783	0.007968	0	0
49.816	0.007919	0	0
49.849	0.008056	0	0
49.883	0.007968	0	0
49.916	0.008072	0	0
49.949	0.008197	0	0
49.983	0.008159	0	0
50.016	0.008104	0	0
50.050	0.008276	0	0
50.083	0.008428	0	0
50.116	0.008329	0	0
50.150	0.008199	0	0
50.183	0.008030	0	0
50.216	0.007858	0	0
50.250	0.007884	0	0
50.283	0.007823	0	0
50.316	0.007792	0	0
50.350	0.007815	0	0
50.383	0.007855	0	0
50.417	0.007595	0	0
50.450	0.007562	0	0
50.483	0.007602	0	0
50.517	0.007582	0	0
50.550	0.007575	0	0
50.583	0.007726	0	0
50.617	0.007823	0	0
50.650	0.007761	0	0
50.683	0.007995	0	0
50.717	0.008003	0	0
50.750	0.008022	0	0
50.784	0.007768	0	0
50.817	0.007840	0	0
50.850	0.007836	0	0
50.884	0.007997	0	0
50.917	0.007860	0	0
50.950	0.008137	0	0
50.984	0.008214	0	0
51.017	0.008056	0	0
51.051	0.007954	0	0
51.084	0.008159	0	0
51.117	0.007954	0	0
51.151	0.007807	0	0
51.184	0.007954	0	0
51.217	0.007914	0	0
51.251	0.007740	0	0
51.284	0.007880	0	0
51.317	0.008169	0	0
51.351	0.008125	0	0
51.384	0.008279	0	0
51.418	0.008544	0	0
51.451	0.008629	0	0
51.484	0.008587	0	0
51.518	0.008589	0	0
51.551	0.008592	0	0
51.584	0.008555	0	0
51.618	0.008607	0	0
51.651	0.008692	0	0
51.684	0.008668	0	0
51.718	0.008628	0	0
51.751	0.008708	0	0
51.785	0.008704	0	0
51.818	0.008666	0	0
51.851	0.008941	0	0
51.885	0.009089	0	0
51.918	0.009142	0	0
51.951	0.009118	0	0
51.985	0.009021	0	0
52.018	0.008918	0	0
52.052	0.008668	0	0
52.085	0.008725	0	0
52.118	0.008709	0	0
52.152	0.008951	0	0
52.185	0.008777	0	0
52.218	0.008859	0	0
52.252	0.008875	0	0
52.285	0.008853	0	0
52.318	0.008909	0	0
52.352	0.009068	0	0
52.385	0.009213	0	0
52.419	0.009161	0	0
52.452	0.009179	0	0
52.485	0.009054	0	0
52.519	0.009098	0	0
52.552	0.009079	0	0
52.585	0.009005	0	0
52.619	0.008979	0	0
52.652	0.008981	0	0
52.685	0.008941	0	0
52.719	0.008878	0	0
52.752	0.008966	0	0
52.786	0.009070	0	0
52.819	0.009038	0	0
52.852	0.009005	0	0
52.886	0.009078	0	0
52.919	0.008909	0	0
52.952	0.008845	0	0
52.986	0.008798	0	0
53.019	0.008786	0	0
53.053	0.008760	0	0
53.086	0.008650	0	0
53.119	0.008624	0	0
53.153	0.008743	0	0
53.186	0.008950	0	0
53.219	0.009077	0	0
53.253	0.009366	0	0
53.286	0.009476	0	0
53.319	0.009468	0	0
53.353	0.009308	0	0
53.386	0.009432	0	0
53.420	0.009563	0	0
53.453	0.009908	0	0
53.486	0.010195	0	0
53.520	0.010349	0	0
53.553	0.010121	0	0
53.586	0.009870	0	0
53.620	0.009594	0	0
53.653	0.009328	0	0
53.686	0.009080	0	0
53.720	0.009071	0	0
53.753	0.009089	0	0
53.787	0.008966	0	0
53.820	0.011123	0	0
53.853	0.014615	0	1
53.887	0.016875	0	1
53.920	0.018130	0	0
53.953	0.018642	1	0
53.987	0.018482	1	0
54.020	0.017762	0	0
54.054	0.016623	0	0
54.087	0.015480	0	0
54.120	0.015205	0	0
54.154	0.013249	0	0
54.187	0.010510	0	0
54.220	0.009541	0	0
54.254	0.009268	0	0
54.287	0.009153	0	0
54.320	0.009137	0	0
54.354	0.009387	0	0
54.387	0.009323	0	0
54.421	0.009464	0	0
54.454	0.009384	0	0
54.487	0.009410	0	0
54.521	0.009303	0	0
54.554	0.009170	0	0
54.587	0.009270	0	0
54.621	0.009519	0	0
54.654	0.009436	0	0
54.687	0.009474	0	0
54.721	0.009555	0	0
54.754	0.009602	0	0
54.788	0.009305	0	0
54.821	0.009508	0	0
54.854	0.009340	0	0
54.888	0.009401	0	0
54.921	0.009496	0	0
54.954	0.009790	0	0
54.988	0.009760	0	0
55.021	0.010029	0	0
55.055	0.010121	0	0
55.088	0.010017	0	0
55.121	0.009794	0	0
55.155	0.009839	0	0
55.188	0.009679	0	0
55.221	0.009457	0	0
55.255	0.009447	0	0
55.288	0.009450	0	0
55.321	0.009424	0	0
55.355	0.009583	0	0
55.388	0.009705	0	0
55.422	0.009852	0	0
55.455	0.009939	0	0
55.488	0.009884	0	0
55.522	0.009854	0	0
55.555	0.009925	0	0
55.588	0.009682	0	0
55.622	0.009795	0	0
55.655	0.009737	0	0
55.688	0.009665	0	0
55.722	0.009680	0	0
55.755	0.010010	0	0
55.789	0.009987	0	0
55.822	0.009864	0	0
55.855	0.009746	0	0
55.889	0.009764	0	0
55.922	0.009565	0	0
55.955	0.009541	0	0
55.989	0.009601	0	0
56.022	0.009721	0	0
56.056	0.009584	0	0
56.089	0.009776	0	0
56.122	0.009884	0	0
56.156	0.009906	0	0
56.189	0.009877	0	0
56.222	0.010047	0	0
56.256	0.009797	0	0
56.289	0.009543	0	0
56.322	0.009514	0	0
56.356	0.009488	0	0
56.389	0.009226	0	0
56.423	0.009235	0	0
56.456	0.009394	0	0
56.489	0.009260	0	0
56.523	0.009297	0	0
56.556	0.009310	0	0
56.589	0.009262	0	0
56.623	0.009084	0	0
56.656	0.009217	0	0
56.689	0.009140	0	0
56.723	0.009173	0	0
56.756	0.009118	0	0
56.790	0.009128	0	0
56.823	0.009149	0	0
56.856	0.009185	0	0
56.890	0.009115	0	0
56.923	0.009048	0	0
56.956	0.010252	0	0
56.990	0.012011	0	0
57.023	0.012475	0	0
57.057	0.012629	0	0
57.090	0.012797	0	0
57.123	0.011631	0	0
57.157	0.010119	0	0
57.190	0.009827	0	0
57.223	0.010164	0	0
57.257	0.010600	0	0
57.290	0.011159	0	0
57.323	0.011406	0	0
57.357	0.011784	0	0
57.390	0.012017	0	0
57.424	0.012256	0	0
57.457	0.012272	0	0
57.490	0.012470	0	0
57.524	0.012546	0	0
57.557	0.012594	0	0
57.590	0.012432	0	0
57.624	0.012496	0	0
57.657	0.012390	0	0
57.690	0.012375	0	0
57.724	0.012350	0	0
57.757	0.012444	0	0
57.791	0.012491	0	0
57.824	0.012498	0	0
57.857	0.012706	0	0
57.891	0.012799	0	0
57.924	0.012955	0	0
57.957	0.013010	0	0
57.991	0.013089	0	0
58.024	0.012975	0	0
58.058	0.013024	0	0
58.091	0.012944	0	0
58.124	0.012912	0	0
58.158	0.012818	0	0
58.191	0.012640	0	0
58.224	0.012398	0	0
58.258	0.012094	0	0
58.291	0.011720	0	0
58.324	0.011606	0	0
58.358	0.011498	0	0
58.391	0.011366	0	0
58.425	0.011437	0	0
58.458	0.011673	0	0
58.491	0.011734	0	0
58.525	0.011947	0	0
58.558	0.012074	0	0
58.591	0.012042	0	0
58.625	0.012036	0	0
58.658	0.012089	0	0
58.691	0.012069	0	0
58.725	0.012223	0	0
58.758	0.012343	0	0
58.792	0.012415	0	0
58.825	0.012579	0	0
58.858	0.012486	0	0
58.892	0.012404	0	0
58.925	0.012379	0	0
58.958	0.012152	0	0
58.992	0.011924	0	0
59.025	0.011890	0	0
59.059	0.011901	0	0
59.092	0.011983	0	0
59.125	0.012081	0	0
59.159	0.012086	0	0
59.192	0.012065	0	0
59.225	0.012006	0	0
59.259	0.011910	0	0
59.292	0.011897	0	0
59.325	0.011927	0	0
59.359	0.012079	0	0
59.392	0.011939	0	0
59.426	0.012015	0	0
59.459	0.012044	0	0
59.492	0.011971	0	0
59.526	0.011709	0	0
59.559	0.011845	0	0
59.592	0.011765	0	0
59.626	0.011695	0	0
59.659	0.011670	0	0
59.692	0.011785	0	0
59.726	0.011734	0	0
59.759	0.011697	0	0
59.793	0.011624	0	0
59.826	0.011653	0	0
59.859	0.011671	0	0
59.893	0.011595	0	0
59.926	0.011762	0	0
59.959	0.011966	0	0
59.993	0.012024	0	0
60.026	0.012107	0	0
60.060	0.012296	0	0
60.093	0.012163	0	0
60.126	0.012157	0	0
60.160	0.012215	0	0
60.193	0.012187	0	0
60.226	0.012131	0	0
60.260	0.012304	0	0
60.293	0.012291	0	0
60.326	0.012294	0	0
60.360	0.012361	0	0
60.393	0.012315	0	0
60.427	0.012237	0	0
60.460	0.012340	0	0
60.493	0.012279	0	0
60.527	0.012278	0	0
60.560	0.012516	0	0
60.593	0.012493	0	0
60.627	0.012433	0	0
60.660	0.012339	0	0
60.693	0.012313	0	0
60.727	0.012231	0	0
60.760	0.012173	0	0
60.794	0.012065	0	0
60.827	0.012152	0	0
60.860	0.012028	0	0
60.894	0.011898	0	0
60.927	0.011972	0	0
60.960	0.012076	0	0
60.994	0.012066	0	0
61.027	0.012108	0	0
61.061	0.012300	0	0
61.094	0.012181	0	0
61.127	0.012206	0	0
61.161	0.012299	0	0
61.194	0.012361	0	0
61.227	0.012288	0	0
61.261	0.012402	0	0
61.294	0.012272	0	0
61.327	0.012222	0	0
61.361	0.012143	0	0
61.394	0.011971	0	0
61.428	0.011916	0	0
61.461	0.011906	0	0
61.494	0.011748	0	0
61.528	0.011777	0	0
61.561	0.011799	0	0
61.594	0.011737	0	0
61.628	0.011905	0	0
61.661	0.012061	0	0
61.694	0.012007	0	0
61.728	0.012013	0	0
61.761	0.012045	0	0
61.795	0.011936	0	0
61.828	0.012017	0	0
61.861	0.012075	0	0
61.895	0.012009	0	0
61.928	0.012020	0	0
61.961	0.012086	0	0
61.995	0.011886	0	0
62.028	0.011917	0	0
62.062	0.012067	0	0
62.095	0.012090	0	0
62.128	0.012059	0	0
62.162	0.012062	0	0
62.195	0.011960	0	0
62.228	0.011960	0	0
62.262	0.011923	0	0
62.295	0.011887	0	0
62.328	0.011981	0	0
62.362	0.011998	0	0
62.395	0.011958	0	0
62.429	0.011912	0	0
62.462	0.011845	0	0
62.495	0.011794	0	0
62.529	0.011795	0	0
62.562	0.011804	0	0
62.595	0.011823	0	0
62.629	0.011857	0	0
62.662	0.011914	0	0
62.695	0.011970	0	0
62.729	0.012015	0	0
62.762	0.012002	0	0
62.796	0.011965	0	0
62.829	0.011897	0	0
62.862	0.011935	0	0
62.896	0.011814	0	0
62.929	0.011801	0	0
62.962	0.011843	0	0
62.996	0.011795	0	0
63.029	0.011726	0	0
63.063	0.011749	0	0
63.096	0.011803	0	0
63.129	0.011926	0	0
63.163	0.011880	0	0
63.196	0.011830	0	0
63.229	0.011809	0	0
63.263	0.011755	0	0
63.296	0.011546	0	0
63.329	0.011666	0	0
63.363	0.011588	0	0
63.396	0.011504	0	0
63.430	0.011435	0	0
63.463	0.011474	0	0
63.496	0.011429	0	0
63.530	0.011449	0	0
63.563	0.011561	0	0
63.596	0.011534	0	0
63.630	0.011370	0	0
63.663	0.012573	0	0
63.696	0.012750	0	0
63.730	0.012437	0	0
63.763	0.012173	0	0
63.797	0.012086	0	0
63.830	0.010644	0	0
63.863	0.010415	0	0
63.897	0.010600	0	0
63.930	0.010728	0	0
63.963	0.010961	0	0
63.997	0.011150	0	0
64.030	0.011308	0	0
64.064	0.011296	0	0
64.097	0.011364	0	0
64.130	0.011352	0	0
64.164	0.011498	0	0
64.197	0.011444	0	0
64.230	0.011574	0	0
64.264	0.011769	0	0
64.297	0.011778	0	0
64.330	0.011624	0	0
64.364	0.011702	0	0
64.397	0.011833	0	0
64.431	0.011913	0	0
64.464	0.012033	0	0
64.497	0.012230	0	0
64.531	0.012119	0	0
64.564	0.011989	0	0
64.597	0.011850	0	0
64.631	0.011878	0	0
64.664	0.011735	0	0
64.697	0.011916	0	0
64.731	0.011935	0	0
64.764	0.011999	0	0
64.798	0.011985	0	0
64.831	0.012172	0	0
64.864	0.012198	0	0
64.898	0.012303	0	0
64.931	0.012453	0	0
64.964	0.012449	0	0
64.998	0.012284	0	0
65.031	0.012094	0	0
65.065	0.012098	0	0
65.098	0.011946	0	0
65.131	0.011825	0	0
65.165	0.011783	0	0
65.198	0.011710	0	0
65.231	0.011547	0	0
65.265	0.011432	0	0
65.298	0.011437	0	0
65.331	0.011481	0	0
65.365	0.011582	0	0
65.398	0.011537	0	0
65.432	0.011630	0	0
65.465	0.011616	0	0
65.498	0.011708	0	0
65.532	0.011812	0	0
65.565	0.012024	0	0
65.598	0.012056	0	0
65.632	0.012067	0	0
65.665	0.011952	0	0
65.698	0.011835	0	0
65.732	0.011653	0	0
65.765	0.011563	0	0
65.799	0.011433	0	0
65.832	0.011375	0	0
65.865	0.011321	0	0
65.899	0.011311	0	0
65.932	0.011219	0	0
65.965	0.011317	0	0
65.999	0.011202	0	0
66.032	0.011311	0	0
66.066	0.011321	0	0
66.099	0.011475	0	0
66.132	0.011577	0	0
66.166	0.011795	0	0
66.199	0.011796	0	0
66.232	0.011722	0	0
66.266	0.011563	0	0
66.299	0.011364	0	0
66.332	0.011329	0	0
66.366	0.011169	0	0
66.399	0.011280	0	0
66.433	0.011414	0	0
66.466	0.011449	0	0
66.499	0.011437	0	0
66.533	0.011626	0	0
66.566	0.011610	0	0
66.599	0.011534	0	0
66.633	0.011534	0	0
66.666	0.011472	0	0
66.699	0.011299	0	0
66.733	0.011145	0	0
66.766	0.011253	0	0
66.800	0.011268	0	0
66.833	0.011315	0	0
66.866	0.011346	0	0
66.900	0.011406	0	0
66.933	0.011434	0	0
66.966	0.011505	0	0
67.000	0.011484	0	0
67.033	0.011542	0	0
67.067	0.011625	0	0
67.100	0.011412	0	0
67.133	0.011315	0	0
67.167	0.011229	0	0
67.200	0.011278	0	0
67.233	0.011367	0	0
67.267	0.011487	0	0
67.300	0.011564	0	0
67.333	0.011548	0	0
67.367	0.011429	0	0
67.400	0.011283	0	0
67.434	0.011280	0	0
67.467	0.011322	0	0
67.500	0.011372	0	0
67.534	0.011363	0	0
67.567	0.011397	0	0
67.600	0.011364	0	0
67.634	0.011346	0	0
67.667	0.011498	0	0
67.700	0.011536	0	0
67.734	0.011622	0	0
67.767	0.011747	0	0
67.801	0.011639	0	0
67.834	0.011544	0	0
67.867	0.011603	0	0
67.901	0.011508	0	0
67.934	0.011378	0	0
67.967	0.011469	0	0
68.001	0.011500	0	0
68.034	0.011339	0	0
68.068	0.011305	0	0
68.101	0.011223	0	0
68.134	0.011258	0	0
68.168	0.011308	0	0
68.201	0.011482	0	0
68.234	0.011654	0	0
68.268	0.011861	0	0
68.301	0.011908	0	0
68.334	0.011812	0	0
68.368	0.011751	0	0
68.401	0.011699	0	0
68.435	0.011689	0	0
68.468	0.011587	0	0
68.501	0.011617	0	0
68.535	0.011749	0	0
68.568	0.011908	0	0
68.601	0.011878	0	0
68.635	0.012067	0	0
68.668	0.012144	0	0
68.701	0.012086	0	0
68.735	0.011965	0	0
68.768	0.011961	0	0
68.802	0.011853	0	0
68.835	0.011800	0	0
68.868	0.011885	0	0
68.902	0.011748	0	0
68.935	0.011873	0	0
68.968	0.011935	0	0
69.002	0.011944	0	0
69.035	0.011756	0	0
69.069	0.011845	0	0
69.102	0.011548	0	0
69.135	0.011358	0	0
69.169	0.011149	0	0
69.202	0.011157	0	0
69.235	0.010916	0	0
69.269	0.010896	0	0
69.302	0.010820	0	0
69.335	0.010884	0	0
69.369	0.010784	0	0
69.402	0.010936	0	0
69.436	0.010900	0	0
69.469	0.010947	0	0
69.502	0.010943	0	0
69.536	0.010930	0	0
69.569	0.010764	0	0
69.602	0.010710	0	0
69.636	0.010513	0	0
69.669	0.010479	0	0
69.702	0.010469	0	0
69.736	0.010571	0	0
69.769	0.010686	0	0
69.803	0.010768	0	0
69.836	0.010842	0	0
69.869	0.010715	0	0
69.903	0.010552	0	0
69.936	0.010617	0	0
69.969	0.010701	0	0
70.003	0.010543	0	0
70.036	0.010755	0	0
70.070	0.010917	0	0
70.103	0.010982	0	0
70.136	0.010940	0	0
70.170	0.011048	0	0
70.203	0.011047	0	0
70.236	0.011081	0	0
70.270	0.010876	0	0
70.303	0.010816	0	0
70.336	0.010871	0	0
70.370	0.010718	0	0
70.403	0.010557	0	0
70.437	0.010795	0	0
70.470	0.010977	0	0
70.503	0.010917	0	0
70.537	0.011158	0	0
70.570	0.011274	0	0
70.603	0.011018	0	0
70.637	0.011074	0	0
70.670	0.010991	0	0
70.703	0.010848	0	0
70.737	0.010696	0	0
70.770	0.010692	0	0
70.804	0.010384	0	0
70.837	0.010349	0	0
70.870	0.010255	0	0
70.904	0.010201	0	0
70.937	0.010108	0	0
70.970	0.010012	0	0
71.004	0.009910	0	0
71.037	0.009837	0	0
71.071	0.009823	0	0
71.104	0.009829	0	0
71.137	0.011233	0	0
71.171	0.013780	0	0
71.204	0.015174	0	0
71.237	0.015865	0	0
71.271	0.016018	0	0
71.304	0.014563	0	0
71.337	0.012007	0	0
71.371	0.010448	0	0
71.404	0.009576	0	0
71.438	0.009451	0	0
71.471	0.009508	0	0
71.504	0.009461	0	0
71.538	0.009481	0	0
71.571	0.009556	0	0
71.604	0.009392	0	0
71.638	0.009352	0	0
71.671	0.009225	0	0
71.704	0.009161	0	0
71.738	0.009195	0	0
71.771	0.009208	0	0
71.805	0.009309	0	0
71.838	0.009338	0	0
71.871	0.009398	0	0
71.905	0.009547	0	0
71.938	0.009631	0	0
71.971	0.009571	0	0
72.005	0.009707	0	0
72.038	0.009999	0	0
72.072	0.010054	0	0
72.105	0.010205	0	0
72.138	0.010398	0	0
72.172	0.010573	0	0
72.205	0.010561	0	0
72.238	0.010486	0	0
72.272	0.010331	0	0
72.305	0.010264	0	0
72.338	0.010163	0	0
72.372	0.010202	0	0
72.405	0.010282	0	0
72.439	0.010525	0	0
72.472	0.010436	0	0
72.505	0.010500	0	0
72.539	0.010334	0	0
72.572	0.010397	0	0
72.605	0.010254	0	0
72.639	0.010232	0	0
72.672	0.009963	0	0
72.705	0.009788	0	0
72.739	0.009651	0	0
72.772	0.009672	0	0
72.806	0.009484	0	0
72.839	0.009489	0	0
72.872	0.009453	0	0
72.906	0.009302	0	0
72.939	0.009215	0	0
72.972	0.009438	0	0
73.006	0.009330	0	0
73.039	0.009453	0	0
73.073	0.009293	0	0
73.106	0.009446	0	0
73.139	0.012134	0	0
73.173	0.015938	0	0
73.206	0.018475	1	0
73.239	0.020339	1	0
73.273	0.020580	1	0
73.306	0.017821	0	0
73.339	0.014092	0	0
73.373	0.011398	0	0
73.406	0.009456	0	0
73.440	0.008880	0	0
73.473	0.008644	0	0
73.506	0.008698	0	0
73.540	0.008645	0	0
73.573	0.008672	0	0
73.606	0.008574	0	0
73.640	0.008689	0	0
73.673	0.008601	0	0
73.706	0.008599	0	0
73.740	0.008882	0	0
73.773	0.009000	0	0
73.807	0.009029	0	0
73.840	0.009112	0	0
73.873	0.009093	0	0
73.907	0.008797	0	0
73.940	0.008713	0	0
73.973	0.008661	0	0
74.007	0.008547	0	0
74.040	0.008507	0	0
74.074	0.008530	0	0
74.107	0.008574	0	0
74.140	0.008533	0	0
74.174	0.008495	0	0
74.207	0.008437	0	0
74.240	0.008404	0	0
74.274	0.008349	0	0
74.307	0.008269	0	0
74.340	0.008339	0	0
74.374	0.008412	0	0
74.407	0.008429	0	0
74.441	0.008535	0	0
74.474	0.008618	0	0
74.507	0.008596	0	0
74.541	0.008830	0	0
74.574	0.008841	0	0
74.607	0.008939	0	0
74.641	0.009114	0	0
74.674	0.009308	0	0
74.707	0.009187	0	0
74.741	0.009412	0	0
74.774	0.009356	0	0
74.808	0.009424	0	0
74.841	0.009414	0	0
74.874	0.009515	0	0
74.908	0.009510	0	0
74.941	0.009557	0	0
74.974	0.009576	0	0
75.008	0.009519	0	0
75.041	0.009617	0	0
75.075	0.009725	0	0
75.108	0.009781	0	0
75.141	0.009668	0	0
75.175	0.009742	0	0
75.208	0.009663	0	0
75.241	0.009486	0	0
75.275	0.009478	0	0
75.308	0.009496	0	0
75.341	0.009301	0	0
75.375	0.009307	0	0
75.408	0.009210	0	0
75.442	0.009070	0	0
75.475	0.008997	0	0
75.508	0.008862	0	0
75.542	0.008569	0	0
75.575	0.008626	0	0
75.608	0.008453	0	0
75.642	0.008389	0	0
75.675	0.008590	0	0
75.708	0.008737	0	0
75.742	0.008523	0	0
75.775	0.008747	0	0
75.809	0.008835	0	0
75.842	0.008865	0	0
75.875	0.008820	0	0
75.909	0.008948	0	0
75.942	0.008792	0	0
75.975	0.008472	0	0
76.009	0.008262	0	0
76.042	0.008306	0	0
76.076	0.008361	0	0
76.109	0.008418	0	0
76.142	0.008600	0	0
76.176	0.008497	0	0
76.209	0.008350	0	0
76.242	0.008180	0	0
76.276	0.007990	0	0
76.309	0.007828	0	0
76.342	0.007899	0	0
76.376	0.007905	0	0
76.409	0.008031	0	0
76.443	0.008156	0	0
76.476	0.008298	0	0
76.509	0.008456	0	0
76.543	0.008606	0	0
76.576	0.008516	0	0
76.609	0.008450	0	0
76.643	0.008344	0	0
76.676	0.008234	0	0
76.709	0.008148	0	0
76.743	0.008245	0	0
76.776	0.008318	0	0
76.810	0.008445	0	0
76.843	0.008593	0	0
76.876	0.008571	0	0
76.910	0.008490	0	0
76.943	0.008394	0	0
76.976	0.008312	0	0
77.010	0.009804	0	0
77.043	0.011049	0	0
77.077	0.012702	0	1
77.110	0.015836	0	1
77.143	0.018260	0	0
77.177	0.017879	0	1
77.210	0.017311	0	0
77.243	0.015904	0	0
77.277	0.012854	0	0
77.310	0.010529	0	0
77.343	0.009356	0	0
77.377	0.008902	0	0
77.410	0.008667	0	0
77.444	0.008730	0	0
77.477	0.008777	0	0
77.510	0.008662	0	0
77.544	0.008688	0	0
77.577	0.008870	0	0
77.610	0.009036	0	0
77.644	0.009117	0	0
77.677	0.009185	0	0
77.710	0.008947	0	0
77.744	0.008668	0	0
77.777	0.008545	0	0
77.811	0.008431	0	0
77.844	0.008388	0	0
77.877	0.008539	0	0
77.911	0.008695	0	0
77.944	0.008589	0	0
77.977	0.008495	0	0
78.011	0.008553	0	0
78.044	0.008558	0	0
78.078	0.008616	0	0
78.111	0.008667	0	0
78.144	0.008882	0	0
78.178	0.009014	0	0
78.211	0.009017	0	0
78.244	0.008938	0	0
78.278	0.008909	0	0
78.311	0.008796	0	0
78.344	0.008609	0	0
78.378	0.008628	0	0
78.411	0.008927	0	0
78.445	0.009010	0	0
78.478	0.009189	0	0
78.511	0.009417	0	0
78.545	0.009440	0	0
78.578	0.009110	0	0
78.611	0.008984	0	0
78.645	0.008888	0	0
78.678	0.008800	0	0
78.711	0.008554	0	0
78.745	0.008623	0	0
78.778	0.008540	0	0
78.812	0.008386	0	0
78.845	0.008324	0	0
78.878	0.008411	0	0
78.912	0.008320	0	0
78.945	0.008390	0	0
78.978	0.008355	0	0
79.012	0.008346	0	0
79.045	0.008344	0	0
79.079	0.008371	0	0
79.112	0.008295	0	0
79.145	0.008500	0	0
79.179	0.008446	0	0
79.212	0.008353	0	0
79.245	0.008489	0	0
79.279	0.008899	0	0
79.312	0.008698	0	0
79.345	0.008901	0	0
79.379	0.009179	0	0
79.412	0.009116	0	0
79.446	0.008690	0	0
79.479	0.008764	0	0
79.512	0.008526	0	0
79.546	0.008382	0	0
79.579	0.008273	0	0
79.612	0.008260	0	0
79.646	0.008269	0	0
79.679	0.008342	0	0
79.712	0.008116	0	0
79.746	0.008277	0	0
79.779	0.008441	0	0
79.813	0.008403	0	0
79.846	0.008392	0	0
79.879	0.008542	0	0
79.913	0.008300	0	0
79.946	0.008069	0	0
79.979	0.008085	0	0
80.013	0.008040	0	0
80.046	0.008132	0	0
80.080	0.008240	0	0
80.113	0.008463	0	0
80.146	0.008636	0	0
80.180	0.008620	0	0
80.213	0.008534	0	0
80.246	0.008626	0	0
80.280	0.008877	0	0
80.313	0.008793	0	0
80.346	0.008893	0	0
80.380	0.008902	0	0
80.413	0.008745	0	0
80.447	0.008450	0	0
80.480	0.008476	0	0
80.513	0.008454	0	0
80.547	0.008427	0	0
80.580	0.008598	0	0
80.613	0.008668	0	0
80.647	0.008675	0	0
80.680	0.008720	0	0
80.713	0.008878	0	0
80.747	0.008817	0	0
80.780	0.009943	0	0
80.814	0.013758	0	0
80.847	0.017695	0	1
80.880	0.020869	0	0
80.914	0.022802	0	0
80.947	0.022446	0	0
80.980	0.018783	1	0
81.014	0.014866	0	0
81.047	0.011330	0	0
81.081	0.009042	0	0
81.114	0.008026	0	0
81.147	0.007746	0	0
81.181	0.007672	0	0
81.214	0.007930	0	0
81.247	0.008088	0	0
81.281	0.008218	0	0
81.314	0.007940	0	0
81.347	0.007776	0	0
81.381	0.007492	0	0
81.414	0.007484	0	0
81.448	0.007400	0	0
81.481	0.007352	0	0
81.514	0.007248	0	0
81.548	0.007418	0	0
81.581	0.007536	0	0
81.614	0.007652	0	0
81.648	0.007665	0	0
81.681	0.007732	0	0
81.714	0.007581	0	0
81.748	0.007418	0	0
81.781	0.009653	0	0
81.815	0.013861	0	0
81.848	0.018159	0	0
81.881	0.022606	0	0
81.915	0.025330	0	0
81.948	0.024121	0	0
81.981	0.020336	1	0
82.015	0.016345	0	0
82.048	0.012064	0	0
82.082	0.009319	0	0
82.115	0.008134	0	0
82.148	0.007898	0	0
82.182	0.007513	0	0
82.215	0.007380	0	0
82.248	0.007426	0	0
82.282	0.007584	0	0
82.315	0.007572	0	0
82.348	0.007798	0	0
82.382	0.007956	0	0
82.415	0.008026	0	0
82.449	0.007880	0	0
82.482	0.007999	0	0
82.515	0.007914	0	0
82.549	0.007860	0	0
82.582	0.007843	0	0
82.615	0.007868	0	0
82.649	0.007824	0	0
82.682	0.007881	0	0
82.715	0.007990	0	0
82.749	0.008080	0	0
82.782	0.008038	0	0
82.816	0.011012	0	0
82.849	0.015023	0	0
82.882	0.019083	0	0
82.916	0.022705	0	0
82.949	0.024535	0	0
82.982	0.022202	0	0
83.016	0.018301	1	0
83.049	0.014134	0	0
83.083	0.010530	0	0
83.116	0.008733	0	0
83.149	0.007981	0	0
83.183	0.007868	0	0
83.216	0.007677	0	0
83.249	0.007691	0	0
83.283	0.007842	0	0
83.316	0.007684	0	0
83.349	0.007694	0	0
83.383	0.007866	0	0
83.416	0.007651	0	0
83.450	0.007411	0	0
83.483	0.007863	0	0
83.516	0.007766	0	0
83.550	0.007885	0	0
83.583	0.008104	0	0
83.616	0.008410	0	0
83.650	0.008502	0	0
83.683	0.008753	0	0
83.716	0.008609	0	0
83.750	0.008618	0	0
83.783	0.008533	0	0
83.817	0.008215	0	0
83.850	0.008176	0	0
83.883	0.008198	0	0
83.917	0.008106	0	0
83.950	0.008264	0	0
83.983	0.008471	0	0
84.017	0.008303	0	0
84.050	0.008377	0	0
84.084	0.008476	0	0
84.117	0.008459	0	0
84.150	0.008323	0	0
84.184	0.008239	0	0
84.217	0.008213	0	0
84.250	0.008255	0	0
84.284	0.007926	0	0
84.317	0.007932	0	0
84.350	0.008079	0	0
84.384	0.008205	0	0
84.417	0.008285	0	0
84.451	0.008456	0	0
84.484	0.008562	0	0
84.517	0.008564	0	0
84.551	0.008489	0	0
84.584	0.008391	0	0
84.617	0.008701	0	0
84.651	0.012661	0	0
84.684	0.016955	0	1
84.717	0.020927	0	0
84.751	0.024290	0	0
84.784	0.025521	0	0
84.818	0.022181	1	0
84.851	0.018115	1	0
84.884	0.014054	0	0
84.918	0.010707	0	0
84.951	0.009064	0	0
84.984	0.008302	0	0
85.018	0.007950	0	0
85.051	0.007874	0	0
85.085	0.007600	0	0
85.118	0.007719	0	0
85.151	0.007802	0	0
85.185	0.007995	0	0
85.218	0.008086	0	0
85.251	0.008505	0	0
85.285	0.008453	0	0
85.318	0.008510	0	0
85.351	0.008560	0	0
85.385	0.008595	0	0
85.418	0.008314	0	0
85.452	0.008312	0	0
85.485	0.008020	0	0
85.518	0.007864	0	0
85.552	0.007780	0	0
85.585	0.007725	0	0
85.618	0.007566	0	0
85.652	0.007794	0	0
85.685	0.007795	0	0
85.718	0.007786	0	0
85.752	0.007903	0	0
85.785	0.007912	0	0
85.819	0.007656	0	0
85.852	0.007655	0	0
85.885	0.007805	0	0
85.919	0.007649	0	0
85.952	0.007766	0	0
85.985	0.007967	0	0
86.019	0.007702	0	0
86.052	0.007748	0	0
86.086	0.007873	0	0
86.119	0.007824	0	0
86.152	0.007613	0	0
86.186	0.007942	0	0
86.219	0.007737	0	0
86.252	0.007910	0	0
86.286	0.007924	0	0
86.319	0.008100	0	0
86.352	0.008142	0	0
86.386	0.008299	0	0
86.419	0.008047	0	0
86.453	0.008071	0	0
86.486	0.008002	0	0
86.519	0.007724	0	0
86.553	0.007703	0	0
86.586	0.007946	0	0
86.619	0.008126	0	0
86.653	0.008238	0	0
86.686	0.008193	0	0
86.719	0.008082	0	0
86.753	0.007860	0	0
86.786	0.007650	0	0
86.820	0.007494	0	0
86.853	0.007480	0	0
86.886	0.007547	0	0
86.920	0.007555	0	0
86.953	0.007542	0	0
86.986	0.007724	0	0
87.020	0.008014	0	0
87.053	0.008155	0	0
87.087	0.008094	0	0
87.120	0.008136	0	0
87.153	0.008055	0	0
87.187	0.008055	0	0
87.220	0.007815	0	0
87.253	0.007921	0	0
87.287	0.007831	0	0
87.320	0.007618	0	0
87.353	0.007395	0	0
87.387	0.007418	0	0
87.420	0.007224	0	0
87.454	0.007378	0	0
87.487	0.007633	0	0
87.520	0.007698	0	0
87.554	0.007575	0	0
87.587	0.007647	0	0
87.620	0.007412	0	0
87.654	0.007234	0	0
87.687	0.007208	0	0
87.720	0.007123	0	0
87.754	0.007403	0	0
87.787	0.007772	0	0
87.821	0.007803	0	0
87.854	0.007837	0	0
87.887	0.007982	0	0
87.921	0.007727	0	0
87.954	0.007338	0	0
87.987	0.007364	0	0
88.021	0.007199	0	0
88.054	0.006994	0	0
88.088	0.006996	0	0
88.121	0.007038	0	0
88.154	0.007117	0	0
88.188	0.007281	0	0
88.221	0.007333	0	0
88.254	0.007395	0	0
88.288	0.007689	0	0
88.321	0.007432	0	0
88.354	0.007300	0	0
88.388	0.007335	0	0
88.421	0.007150	0	0
88.455	0.007163	0	0
88.488	0.007228	0	0
88.521	0.007436	0	0
88.555	0.007514	0	0
88.588	0.007814	0	0
88.621	0.007636	0	0
88.655	0.007643	0	0
88.688	0.008115	0	0
88.721	0.011655	0	0
88.755	0.015966	0	1
88.788	0.019910	0	0
88.822	0.022402	0	0
88.855	0.023116	1	0
88.888	0.020233	1	0
88.922	0.016049	0	0
88.955	0.012175	0	0
88.988	0.009915	0	0
89.022	0.008753	0	0
89.055	0.008156	0	0
89.089	0.007815	0	0
89.122	0.007663	0	0
89.155	0.007524	0	0
89.189	0.007375	0	0
89.222	0.007479	0	0
89.255	0.007447	0	0
89.289	0.007477	0	0
89.322	0.007604	0	0
89.355	0.007577	0	0
89.389	0.007531	0	0
89.422	0.007679	0	0
89.456	0.007719	0	0
89.489	0.007548	0	0
89.522	0.007712	0	0
89.556	0.007705	0	0
89.589	0.007807	0	0
89.622	0.007865	0	0
89.656	0.008128	0	0
89.689	0.008119	0	0
89.722	0.008118	0	0
89.756	0.007978	0	0
89.789	0.007879	0	0
89.823	0.007713	0	0
89.856	0.007744	0	0
89.889	0.007961	0	0
89.923	0.007972	0	0
89.956	0.008113	0	0
89.989	0.008066	0	0
90.023	0.007952	0	0
90.056	0.007734	0	0
90.090	0.007586	0	0
90.123	0.007266	0	0
90.156	0.007233	0	0
90.190	0.007144	0	0
90.223	0.006988	0	0
90.256	0.007029	0	0
90.290	0.007262	0	0
90.323	0.007264	0	0
90.356	0.007438	0	0
90.390	0.007436	0	0
90.423	0.008024	0	0
90.457	0.011840	0	0
90.490	0.016230	0	1
90.523	0.020464	0	0
90.557	0.023419	0	0
90.590	0.024700	0	0
90.623	0.021765	1	0
90.657	0.017776	0	0
90.690	0.013516	0	0
90.723	0.010986	0	0
90.757	0.009223	0	0
90.790	0.008500	0	0
90.824	0.008277	0	0
90.857	0.008092	0	0
90.890	0.007831	0	0
90.924	0.007778	0	0
90.957	0.007575	0	0
90.990	0.007334	0	0
91.024	0.007279	0	0
91.057	0.007446	0	0
91.091	0.007510	0	0
91.124	0.007495	0	0
91.157	0.007732	0	0
91.191	0.008064	0	0
91.224	0.007746	0	0
91.257	0.007661	0	0
91.291	0.007700	0	0
91.324	0.007482	0	0
91.357	0.007363	0	0
91.391	0.007490	0	0
91.424	0.007427	0	0
91.458	0.007255	0	0
91.491	0.007290	0	0
91.524	0.007153	0	0
91.558	0.007252	0	0
91.591	0.007701	0	0
91.624	0.008034	0	0
91.658	0.008260	0	0
91.691	0.008774	0	0
91.724	0.008981	0	0
91.758	0.008871	0	0
91.791	0.008843	0	0
91.825	0.008975	0	0
91.858	0.008787	0	0
91.891	0.008686	0	0
91.925	0.008602	0	0
91.958	0.008850	0	0
91.991	0.008882	0	0
92.025	0.008916	0	0
92.058	0.008897	0	0
92.092	0.008999	0	0
92.125	0.008912	0	0
92.158	0.009042	0	0
92.192	0.009039	0	0
92.225	0.009161	0	0
92.258	0.009239	0	0
92.292	0.009408	0	0
92.325	0.009215	0	0
92.358	0.009244	0	0
92.392	0.009245	0	0
92.425	0.009190	0	0
92.459	0.008923	0	0
92.492	0.009053	0	0
92.525	0.009027	0	0
92.559	0.009061	0	0
92.592	0.009120	0	0
92.625	0.009018	0	0
92.659	0.008937	0	0
92.692	0.008908	0	0
92.725	0.008713	0	0
92.759	0.008581	0	0
92.792	0.008725	0	0
92.826	0.008637	0	0
92.859	0.008673	0	0
92.892	0.008733	0	0
92.926	0.008562	0	0
92.959	0.008508	0	0
92.992	0.008722	0	0
93.026	0.008752	0	0
93.059	0.008816	0	0
93.093	0.009115	0	0
93.126	0.009012	0	0
93.159	0.008720	0	0
93.193	0.008748	0	0
93.226	0.008564	0	0
93.259	0.008467	0	0
93.293	0.008669	0	0
93.326	0.008686	0	0
93.359	0.008644	0	0
93.393	0.008639	0	0
93.426	0.008530	0	0
93.460	0.008511	0	0
93.493	0.008648	0	0
93.526	0.008591	0	0
93.560	0.008688	0	0
93.593	0.008887	0	0
93.626	0.008754	0	0
93.660	0.008642	0	0
93.693	0.008584	0	0
93.726	0.008603	0	0
93.760	0.008600	0	0
93.793	0.008709	0	0
93.827	0.008693	0	0
93.860	0.008902	0	0
93.893	0.008863	0	0
93.927	0.008788	0	0
93.960	0.008757	0	0
93.993	0.008978	0	0
94.027	0.009047	0	0
94.060	0.009375	0	0
94.094	0.009512	0	0
94.127	0.009700	0	0
94.160	0.009822	0	0
94.194	0.009787	0	0
94.227	0.009769	0	0
94.260	0.009780	0	0
94.294	0.009977	0	0
94.327	0.009541	0	0
94.360	0.009598	0	0
94.394	0.009539	0	0
94.427	0.009366	0	0
94.461	0.009000	0	0
94.494	0.009137	0	0
94.527	0.008629	0	0
94.561	0.008477	0	0
94.594	0.008435	0	0
94.627	0.008702	0	0
94.661	0.008938	0	0
94.694	0.009385	0	0
94.727	0.009463	0	0
94.761	0.009701	0	0
94.794	0.009643	0	0
94.828	0.009596	0	0
94.861	0.009627	0	0
94.894	0.009606	0	0
94.928	0.009599	0	0
94.961	0.009503	0	0
94.994	0.009422	0	0
95.028	0.009339	0	0
95.061	0.009358	0	0
95.095	0.009049	0	0
95.128	0.009033	0	0
95.161	0.008896	0	0
95.195	0.008770	0	0
95.228	0.008706	0	0
95.261	0.008938	0	0
95.295	0.008927	0	0
95.328	0.009015	0	0
95.361	0.009141	0	0
95.395	0.009238	0	0
95.428	0.009198	0	0
95.462	0.009311	0	0
95.495	0.009297	0	0
95.528	0.009265	0	0
95.562	0.009230	0	0
95.595	0.009143	0	0
95.628	0.008886	0	0
95.662	0.008945	0	0
95.695	0.009063	0	0
95.728	0.009021	0	0
95.762	0.009298	0	0
95.795	0.009465	0	0
95.829	0.009484	0	0
95.862	0.009269	0	0
95.895	0.009161	0	0
95.929	0.008979	0	0
95.962	0.008919	0	0
95.995	0.008789	0	0
96.029	0.008823	0	0
96.062	0.008926	0	0
96.096	0.008875	0	0
96.129	0.008906	0	0
96.162	0.008952	0	0
96.196	0.008964	0	0
96.229	0.008942	0	0
96.262	0.008852	0	0
96.296	0.008958	0	0
96.329	0.009154	0	0
96.362	0.009099	0	0
96.396	0.009188	0	0
96.429	0.009431	0	0
96.463	0.009458	0	0
96.496	0.009187	0	0
96.529	0.009440	0	0
96.563	0.009527	0	0
96.596	0.009575	0	0
96.629	0.009618	0	0
96.663	0.009780	0	0
96.696	0.009766	0	0
96.729	0.009666	0	0
96.763	0.009421	0	0
96.796	0.009239	0	0
96.830	0.013075	0	0
96.863	0.016998	0	1
96.896	0.020188	0	0
96.930	0.021682	0	0
96.963	0.022038	1	0
96.996	0.018180	1	0
97.030	0.014029	0	0
97.063	0.010737	0	0
97.097	0.009282	0	0
97.130	0.008927	0	0
97.163	0.008890	0	0
97.197	0.008954	0	0
97.230	0.009165	0	0
97.263	0.009235	0	0
97.297	0.009265	0	0
97.330	0.009316	0	0
97.363	0.009559	0	0
97.397	0.009561	0	0
97.430	0.009515	0	0
97.464	0.009472	0	0
97.497	0.009515	0	0
97.530	0.009340	0	0
97.564	0.009102	0	0
97.597	0.009250	0	0
97.630	0.009255	0	0
97.664	0.009207	0	0
97.697	0.009089	0	0
97.730	0.009227	0	0
97.764	0.009183	0	0
97.797	0.009220	0	0
97.831	0.009108	0	0
97.864	0.009205	0	0
97.897	0.009121	0	0
97.931	0.008947	0	0
97.964	0.008849	0	0
97.997	0.008868	0	0
98.031	0.008823	0	0
98.064	0.008701	0	0
98.098	0.008763	0	0
98.131	0.008713	0	0
98.164	0.008694	0	0
98.198	0.008561	0	0
98.231	0.008786	0	0
98.264	0.008966	0	0
98.298	0.009202	0	0
98.331	0.009133	0	0
98.364	0.009242	0	0
98.398	0.009232	0	0
98.431	0.009116	0	0
98.465	0.009125	0	0
98.498	0.009327	0	0
98.531	0.009254	0	0
98.565	0.009070	0	0
98.598	0.008987	0	0
98.631	0.008830	0	0
98.665	0.008726	0	0
98.698	0.008762	0	0
98.731	0.009024	0	0
98.765	0.008536	0	0
98.798	0.011463	0	0
98.832	0.014792	0	0
98.865	0.016454	0	0
98.898	0.016660	0	0
98.932	0.017072	0	0
98.965	0.013948	0	0
98.998	0.010482	0	0
99.032	0.008768	0	0
99.065	0.008329	0	0
99.099	0.008528	0	0
99.132	0.008911	0	0
99.165	0.009439	0	0
99.199	0.009786	0	0
99.232	0.010050	0	0
99.265	0.010281	0	0
99.299	0.010214	0	0
99.332	0.009939	0	0
99.365	0.009830	0	0
99.399	0.009828	0	0
99.432	0.009585	0	0
99.466	0.009595	0	0
99.499	0.009726	0	0
99.532	0.009677	0	0
99.566	0.009809	0	0
99.599	0.009775	0	0
99.632	0.009687	0	0
99.666	0.009550	0	0
99.699	0.009705	0	0
99.732	0.009449	0	0
99.766	0.009525	0	0
99.799	0.009352	0	0
99.833	0.009267	0	0
99.866	0.009211	0	0
99.899	0.009261	0	0
99.933	0.009233	0	0
99.966	0.009435	0	0
99.999	0.009510	0	0
100.033	0.009384	0	0
100.066	0.009374	0	0
100.100	0.009291	0	0
100.133	0.009285	0	0
100.166	0.009251	0	0
100.200	0.009409	0	0
100.233	0.009267	0	0
100.266	0.009321	0	0
100.300	0.009439	0	0
100.333	0.009471	0	0
100.366	0.009280	0	0
100.400	0.009509	0	0
100.433	0.009471	0	0
100.467	0.009466	0	0
100.500	0.009509	0	0
100.533	0.009493	0	0
100.567	0.009373	0	0
100.600	0.009417	0	0
100.633	0.009423	0	0
100.667	0.009293	0	0
100.700	0.009482	0	0
100.733	0.009493	0	0
100.767	0.009444	0	0
100.800	0.009281	0	0
100.834	0.009111	0	0
100.867	0.008805	0	0
100.900	0.008530	0	0
100.934	0.008393	0	0
100.967	0.008195	0	0
101.000	0.008123	0	0
101.034	0.008055	0	0
101.067	0.008096	0	0
101.101	0.008165	0	0
101.134	0.008195	0	0
101.167	0.008282	0	0
101.201	0.008488	0	0
101.234	0.008634	0	0
101.267	0.008643	0	0
101.301	0.008642	0	0
101.334	0.008771	0	0
101.367	0.008623	0	0
101.401	0.008548	0	0
101.434	0.008512	0	0
101.468	0.008628	0	0
101.501	0.008600	0	0
101.534	0.008552	0	0
101.568	0.010353	0	0
101.601	0.014198	0	0
101.634	0.017983	0	1
101.668	0.021478	0	0
101.701	0.023381	0	0
101.734	0.021633	0	0
101.768	0.017912	0	0
101.801	0.014283	0	0
101.835	0.010973	0	0
101.868	0.009510	0	0
101.901	0.009759	0	0
101.935	0.010843	0	0
101.968	0.012402	0	0
102.001	0.014213	0	0
102.035	0.015799	0	0
102.068	0.017353	0	0
102.102	0.018019	1	0
102.135	0.018032	1	0
102.168	0.018076	1	0
102.202	0.018261	1	0
102.235	0.018428	1	0
102.268	0.018747	1	0
102.302	0.019094	1	0
102.335	0.019113	1	0
102.368	0.019232	1	0
102.402	0.019488	1	0
102.435	0.019509	1	0
102.469	0.019466	1	0
102.502	0.019548	1	0
102.535	0.019421	1	0
102.569	0.019225	1	0
102.602	0.019042	1	0
102.635	0.017553	0	0
102.669	0.016020	0	0
102.702	0.014412	0	0
102.735	0.012929	0	0
102.769	0.011471	0	0
102.802	0.011511	0	0
102.836	0.011510	0	0
102.869	0.011669	0	0
102.902	0.011565	0	0
102.936	0.011654	0	0
102.969	0.011594	0	0
103.002	0.011487	0	0
103.036	0.011429	0	0
103.069	0.011480	0	0
103.103	0.011342	0	0
103.136	0.011176	0	0
103.169	0.011187	0	0
103.203	0.011110	0	0
103.236	0.010981	0	0
103.269	0.010893	0	0
103.303	0.010652	0	0
103.336	0.010342	0	0
103.369	0.009947	0	0
103.403	0.009634	0	0
103.436	0.009229	0	0
103.470	0.009213	0	0
103.503	0.009325	0	0
103.536	0.009286	0	0
103.570	0.009350	0	0
103.603	0.009409	0	0
103.636	0.009369	0	0
103.670	0.009194	0	0
103.703	0.009429	0	0
103.736	0.009296	0	0
103.770	0.009445	0	0
103.803	0.009509	0	0
103.837	0.009604	0	0
103.870	0.009412	0	0
103.903	0.009590	0	0
103.937	0.009512	0	0
103.970	0.009453	0	0
104.003	0.009356	0	0
104.037	0.009358	0	0
104.070	0.009316	0	0
104.104	0.009269	0	0
104.137	0.009310	0	0
104.170	0.009291	0	0
104.204	0.009243	0	0
104.237	0.009158	0	0
104.270	0.009262	0	0
104.304	0.009157	0	0
104.337	0.009191	0	0
104.370	0.009317	0	0
104.404	0.009261	0	0
104.437	0.009214	0	0
104.471	0.009163	0	0
104.504	0.009221	0	0
104.537	0.009086	0	0
104.571	0.009177	0	0
104.604	0.009252	0	0
104.637	0.009488	0	0
104.671	0.009535	0	0
104.704	0.009614	0	0
104.737	0.009697	0	0
104.771	0.009644	0	0
104.804	0.009667	0	0
104.838	0.009512	0	0
104.871	0.009490	0	0
104.904	0.009461	0	0
104.938	0.009251	0	0
104.971	0.009090	0	0
105.004	0.009150	0	0
105.038	0.009136	0	0
105.071	0.008964	0	0
105.105	0.009050	0	0
105.138	0.009092	0	0
105.171	0.009220	0	0
105.205	0.009258	0	0
105.238	0.009518	0	0
105.271	0.009649	0	0
105.305	0.009625	0	0
105.338	0.009668	0	0
105.371	0.009627	0	0
105.405	0.009460	0	0
105.438	0.009258	0	0
105.472	0.009278	0	0
105.505	0.009307	0	0
105.538	0.009320	0	0
105.572	0.009287	0	0
105.605	0.009412	0	0
105.638	0.009143	0	0
105.672	0.008888	0	0
105.705	0.008513	0	0
105.738	0.008395	0	0
105.772	0.008023	0	0
105.805	0.007876	0	0
105.839	0.007560	0	0
105.872	0.007649	0	0
105.905	0.007642	0	0
105.939	0.007973	0	0
105.972	0.008299	0	0
106.005	0.008340	0	0
106.039	0.008474	0	0
106.072	0.008500	0	0
106.106	0.008175	0	0
106.139	0.008010	0	0
106.172	0.007916	0	0
106.206	0.007865	0	0
106.239	0.007732	0	0
106.272	0.007950	0	0
106.306	0.007847	0	0
106.339	0.008032	0	0
106.372	0.008121	0	0
106.406	0.008153	0	0
106.439	0.008149	0	0
106.473	0.008357	0	0
106.506	0.008584	0	0
106.539	0.008556	0	0
106.573	0.008861	0	0
106.606	0.008913	0	0
106.639	0.009093	0	0
106.673	0.009080	0	0
106.706	0.009117	0	0
106.739	0.008921	0	0
106.773	0.008867	0	0
106.806	0.008915	0	0
106.840	0.008688	0	0
106.873	0.008790	0	0
106.906	0.008971	0	0
106.940	0.008920	0	0
106.973	0.008787	0	0
107.006	0.008933	0	0
107.040	0.008721	0	0
107.073	0.008341	0	0
107.107	0.010464	0	0
107.140	0.014064	0	1
107.173	0.017775	0	1
107.207	0.021677	0	0
107.240	0.024518	0	0
107.273	0.024121	0	0
107.307	0.021073	1	0
107.340	0.017609	0	0
107.373	0.013883	0	0
107.407	0.011224	0	0
107.440	0.009665	0	0
107.474	0.009029	0	0
107.507	0.008783	0	0
107.540	0.008684	0	0
107.574	0.008767	0	0
107.607	0.008815	0	0
107.640	0.008848	0	0
107.674	0.008738	0	0
107.707	0.008604	0	0
107.740	0.008593	0	0
107.774	0.008619	0	0
107.807	0.008522	0	0
107.841	0.008504	0	0
107.874	0.008785	0	0
107.907	0.008774	0	0
107.941	0.008678	0	0
107.974	0.008839	0	0
108.007	0.009037	0	0
108.041	0.009057	0	0
108.074	0.009004	0	0
108.108	0.008929	0	0
108.141	0.008842	0	0
108.174	0.008771	0	0
108.208	0.008689	0	0
108.241	0.008942	0	0
108.274	0.009047	0	0
108.308	0.009245	0	0
108.341	0.009293	0	0
108.374	0.009125	0	0
108.408	0.008938	0	0
108.441	0.008887	0	0
108.475	0.008672	0	0
108.508	0.008403	0	0
108.541	0.008425	0	0
108.575	0.008463	0	0
108.608	0.008591	0	0
108.641	0.008653	0	0
108.675	0.008919	0	0
108.708	0.008866	0	0
108.741	0.008942	0	0
108.775	0.008805	0	0
108.808	0.008703	0	0
108.842	0.008661	0	0
108.875	0.008743	0	0
108.908	0.008413	0	0
108.942	0.008300	0	0
108.975	0.008301	0	0
109.008	0.008077	0	0
109.042	0.008137	0	0
109.075	0.008337	0	0
109.109	0.008442	0	0
109.142	0.008653	0	0
109.175	0.008622	0	0
109.209	0.011096	0	0
109.242	0.014795	0	1
109.275	0.018554	0	0
109.309	0.021795	0	0
109.342	0.023879	0	0
109.375	0.022455	1	0
109.409	0.019114	1	0
109.442	0.015483	0	0
109.476	0.012099	0	0
109.509	0.010202	0	0
109.542	0.008959	0	0
109.576	0.008442	0	0
109.609	0.008299	0	0
109.642	0.007875	0	0
109.676	0.007822	0	0
109.709	0.007932	0	0
109.742	0.007794	0	0
109.776	0.007601	0	0
109.809	0.007810	0	0
109.843	0.007614	0	0
109.876	0.007486	0	0
109.909	0.009016	0	0
109.943	0.012973	0	0
109.976	0.017104	0	1
110.009	0.021071	0	0
110.043	0.023585	0	0
110.076	0.023026	0	0
110.110	0.019353	1	0
110.143	0.015360	0	0
110.176	0.011412	0	0
110.210	0.008731	0	0
110.243	0.007896	0	0
110.276	0.007713	0	0
110.310	0.007332	0	0
110.343	0.007524	0	0
110.376	0.007688	0	0
110.410	0.007786	0	0
110.443	0.009935	0	0
110.477	0.014211	0	0
110.510	0.017877	0	1
110.543	0.021282	0	0
110.577	0.023160	0	0
110.610	0.021824	1	0
110.643	0.018167	1	0
110.677	0.014437	0	0
110.710	0.011148	0	0
110.743	0.009173	0	0
110.777	0.008316	0	0
110.810	0.008019	0	0
110.844	0.008021	0	0
110.877	0.008016	0	0
110.910	0.007931	0	0
110.944	0.007703	0	0
110.977	0.007589	0	0
111.010	0.007531	0	0
111.044	0.007214	0	0
111.077	0.007146	0	0
111.111	0.007408	0	0
111.144	0.007269	0	0
111.177	0.007356	0	0
111.211	0.007422	0	0
111.244	0.007424	0	0
111.277	0.007325	0	0
111.311	0.007527	0	0
111.344	0.007211	0	0
111.377	0.007385	0	0
111.411	0.010825	0	0
111.444	0.015246	0	1
111.478	0.019880	0	0
111.511	0.023627	0	0
111.544	0.025488	0	0
111.578	0.023064	1	0
111.611	0.019080	1	0
111.644	0.014459	0	0
111.678	0.010749	0	0
111.711	0.008841	0	0
111.744	0.007974	0	0
111.778	0.007526	0	0
111.811	0.007288	0	0
111.845	0.007441	0	0
111.878	0.007598	0	0
111.911	0.007781	0	0
111.945	0.007866	0	0
111.978	0.009320	0	0
112.011	0.013798	0	0
112.045	0.018078	0	0
112.078	0.021504	0	0
112.112	0.023109	0	0
112.145	0.022649	1	0
112.178	0.018548	1	0
112.212	0.014382	0	0
112.245	0.010742	0	0
112.278	0.009213	0	0
112.312	0.008533	0	0
112.345	0.008520	0	0
112.378	0.008385	0	0
112.412	0.008454	0	0
112.445	0.008509	0	0
112.479	0.008373	0	0
112.512	0.008129	0	0
112.545	0.008108	0	0
112.579	0.008041	0	0
112.612	0.008172	0	0
112.645	0.008336	0	0
112.679	0.008309	0	0
112.712	0.008413	0	0
112.745	0.008459	0	0
112.779	0.008261	0	0
112.812	0.008233	0	0
112.846	0.008282	0	0
112.879	0.008249	0	0
112.912	0.008336	0	0
112.946	0.008033	0	0
112.979	0.007984	0	0
113.012	0.008024	0	0
113.046	0.007887	0	0
113.079	0.007816	0	0
113.113	0.008155	0	0
113.146	0.008220	0	0
113.179	0.008102	0	0
113.213	0.008297	0	0
113.246	0.008311	0	0
113.279	0.008391	0	0
113.313	0.008490	0	0
113.346	0.008396	0	0
113.379	0.008289	0	0
113.413	0.008486	0	0
113.446	0.008183	0	0
113.480	0.008164	0	0
113.513	0.009758	0	0
113.546	0.013680	0	0
113.580	0.017560	0	1
113.613	0.020096	0	0
113.646	0.021062	0	0
113.680	0.019968	1	0
113.713	0.016076	0	0
113.746	0.012019	0	0
113.780	0.009662	0	0
113.813	0.008748	0	0
113.847	0.008380	0	0
113.880	0.008436	0	0
113.913	0.008323	0	0
113.947	0.008299	0	0
113.980	0.008219	0	0
114.013	0.008242	0	0
114.047	0.007970	0	0
114.080	0.010620	0	0
114.114	0.014826	0	0
114.147	0.018781	0	0
114.180	0.020852	0	0
114.214	0.021827	0	0
114.247	0.019739	1	0
114.280	0.015642	0	0
114.314	0.011578	0	0
114.347	0.009579	0	0
114.380	0.008935	0	0
114.414	0.008750	0	0
114.447	0.008693	0	0
114.481	0.008762	0	0
114.514	0.008744	0	0
114.547	0.008769	0	0
114.581	0.008644	0	0
114.614	0.008638	0	0
114.647	0.008519	0	0
114.681	0.008457	0	0
114.714	0.008241	0	0
114.747	0.008045	0	0
114.781	0.008139	0	0
114.814	0.008284	0	0
114.848	0.008415	0	0
114.881	0.008578	0	0
114.914	0.008734	0	0
114.948	0.008665	0	0
114.981	0.008596	0	0
115.014	0.008522	0	0
115.048	0.008457	0	0
115.081	0.008533	0	0
115.115	0.008506	0	0
115.148	0.008549	0	0
115.181	0.008574	0	0
115.215	0.008617	0	0
115.248	0.008443	0	0
115.281	0.008228	0	0
115.315	0.008209	0	0
115.348	0.008095	0	0
115.381	0.007910	0	0
115.415	0.007986	0	0
115.448	0.008057	0	0
115.482	0.008082	0	0
115.515	0.008339	0	0
115.548	0.008335	0	0
115.582	0.008395	0	0
115.615	0.008618	0	0
115.648	0.008553	0	0
115.682	0.008326	0	0
115.715	0.008363	0	0
115.748	0.008158	0	0
115.782	0.008094	0	0
115.815	0.008163	0	0
115.849	0.008157	0	0
115.882	0.008274	0	0
115.915	0.008353	0	0
115.949	0.008249	0	0
115.982	0.008219	0	0
116.015	0.008070	0	0
116.049	0.008058	0	0
116.082	0.008037	0	0
116.116	0.008200	0	0
116.149	0.008325	0	0
116.182	0.008653	0	0
116.216	0.008861	0	0
116.249	0.008893	0	0
116.282	0.008935	0	0
116.316	0.008834	0	0
116.349	0.008823	0	0
116.382	0.008570	0	0
116.416	0.008543	0	0
116.449	0.008449	0	0
116.483	0.008548	0	0
116.516	0.008440	0	0
116.549	0.008464	0	0
116.583	0.008454	0	0
116.616	0.008349	0	0
116.649	0.008168	0	0
116.683	0.008235	0	0
116.716	0.008250	0	0
116.749	0.008188	0	0
116.783	0.008221	0	0
116.816	0.008476	0	0
116.850	0.008314	0	0
116.883	0.008363	0	0
116.916	0.008530	0	0
116.950	0.008450	0	0
116.983	0.008372	0	0
117.016	0.008455	0	0
117.050	0.008349	0	0
117.083	0.008321	0	0
117.117	0.008390	0	0
117.150	0.008168	0	0
117.183	0.008180	0	0
117.217	0.008323	0	0
117.250	0.008396	0	0
117.283	0.008658	0	0
117.317	0.008859	0	0
117.350	0.008893	0	0
117.383	0.008608	0	0
117.417	0.008543	0	0
117.450	0.008346	0	0
117.484	0.008333	0	0
117.517	0.008280	0	0
117.550	0.008255	0	0
117.584	0.008315	0	0
117.617	0.008477	0	0
117.650	0.008304	0	0
117.684	0.008379	0	0
117.717	0.008601	0	0
117.750	0.008551	0	0
117.784	0.008378	0	0
117.817	0.008745	0	0
117.851	0.008808	0	0
117.884	0.008688	0	0
117.917	0.008532	0	0
117.951	0.008650	0	0
117.984	0.008448	0	0
118.017	0.008319	0	0
118.051	0.008593	0	0
118.084	0.008729	0	0
118.118	0.008631	0	0
118.151	0.008449	0	0
118.184	0.008550	0	0
118.218	0.008643	0	0
118.251	0.008565	0	0
118.284	0.008372	0	0
118.318	0.008461	0	0
118.351	0.008289	0	0
118.384	0.008066	0	0
118.418	0.008103	0	0
118.451	0.008237	0	0
118.485	0.008466	0	0
118.518	0.008450	0	0
118.551	0.008441	0	0
118.585	0.008647	0	0
118.618	0.008685	0	0
118.651	0.008588	0	0
118.685	0.008957	0	0
118.718	0.009003	0	0
118.751	0.008807	0	0
118.785	0.008886	0	0
118.818	0.008957	0	0
118.852	0.008575	0	0
118.885	0.008494	0	0
118.918	0.009237	0	0
118.952	0.012275	0	0
118.985	0.014321	0	0
119.018	0.015351	0	0
119.052	0.015677	0	0
119.085	0.015022	0	0
119.119	0.011880	0	0
119.152	0.009597	0	0
119.185	0.008550	0	0
119.219	0.008070	0	0
119.252	0.007714	0	0
119.285	0.007874	0	0
119.319	0.007988	0	0
119.352	0.008170	0	0
119.385	0.008313	0	0
119.419	0.008585	0	0
119.452	0.008394	0	0
119.486	0.008387	0	0
119.519	0.008154	0	0
119.552	0.008078	0	0
119.586	0.008274	0	0
119.619	0.008259	0	0
119.652	0.008332	0	0
119.686	0.008522	0	0
119.719	0.008696	0	0
119.752	0.008543	0	0
119.786	0.008644	0	0
119.819	0.008667	0	0
119.853	0.008630	0	0
119.886	0.008679	0	0
119.919	0.008562	0	0
119.953	0.008586	0	0
119.986	0.008498	0	0
120.019	0.008620	0	0
120.053	0.008529	0	0
120.086	0.008748	0	0
120.120	0.008845	0	0
120.153	0.008914	0	0
120.186	0.008952	0	0
120.220	0.009020	0	0
120.253	0.008990	0	0
120.286	0.008872	0	0
120.320	0.009004	0	0
120.353	0.008807	0	0
120.386	0.008793	0	0
120.420	0.008803	0	0
120.453	0.008898	0	0
120.487	0.008856	0	0
120.520	0.008944	0	0
120.553	0.009024	0	0
120.587	0.009077	0	0
120.620	0.008892	0	0
120.653	0.008676	0	0
120.687	0.008753	0	0
120.720	0.008731	0	0
120.753	0.008672	0	0
120.787	0.008968	0	0
120.820	0.009069	0	0
120.854	0.008863	0	0
120.887	0.008715	0	0
120.920	0.009034	0	0
120.954	0.012180	0	0
120.987	0.015699	0	0
121.020	0.017710	0	0
121.054	0.018552	1	0
121.087	0.018287	1	0
121.121	0.015160	0	0
121.154	0.011659	0	0
121.187	0.009860	0	0
121.221	0.009071	0	0
121.254	0.009041	0	0
121.287	0.008824	0	0
121.321	0.008878	0	0
121.354	0.008676	0	0
121.387	0.008762	0	0
121.421	0.008877	0	0
121.454	0.008917	0	0
121.488	0.008939	0	0
121.521	0.009140	0	0
121.554	0.009071	0	0
121.588	0.009031	0	0
121.621	0.009063	0	0
121.654	0.009042	0	0
121.688	0.009021	0	0
121.721	0.009119	0	0
121.754	0.009015	0	0
121.788	0.008960	0	0
121.821	0.009041	0	0
121.855	0.009092	0	0
121.888	0.009213	0	0
121.921	0.009178	0	0
121.955	0.009364	0	0
121.988	0.009274	0	0
122.021	0.009239	0	0
122.055	0.009108	0	0
122.088	0.009054	0	0
122.122	0.008892	0	0
122.155	0.008765	0	0
122.188	0.008759	0	0
122.222	0.008835	0	0
122.255	0.008928	0	0
122.288	0.008843	0	0
122.322	0.008865	0	0
122.355	0.008807	0	0
122.388	0.008867	0	0
122.422	0.008895	0	0
122.455	0.009004	0	0
122.489	0.009074	0	0
122.522	0.009011	0	0
122.555	0.008878	0	0
122.589	0.008757	0	0
122.622	0.008926	0	0
122.655	0.009199	0	0
122.689	0.009327	0	0
122.722	0.009448	0	0
122.755	0.009702	0	0
122.789	0.009741	0	0
122.822	0.009614	0	0
122.856	0.009751	0	0
122.889	0.009882	0	0
122.922	0.009940	0	0
122.956	0.009753	0	0
122.989	0.009948	0	0
123.022	0.009976	0	0
123.056	0.009763	0	0
123.089	0.009624	0	0
123.123	0.009905	0	0
123.156	0.009760	0	0
123.189	0.009738	0	0
123.223	0.009867	0	0
123.256	0.009881	0	0
123.289	0.009785	0	0
123.323	0.010378	0	0
123.356	0.010704	0	0
123.389	0.010936	0	0
123.423	0.011355	0	0
123.456	0.011664	0	0
123.490	0.011155	0	0
123.523	0.011049	0	0
123.556	0.011035	0	0
123.590	0.011089	0	0
123.623	0.011103	0	0
123.656	0.011295	0	0
123.690	0.011518	0	0
123.723	0.011663	0	0
123.756	0.011148	0	0
123.790	0.011236	0	0
123.823	0.011358	0	0
123.857	0.011112	0	0
123.890	0.011225	0	0
123.923	0.011673	0	0
123.957	0.011497	0	0
123.990	0.011577	0	0
124.023	0.011986	0	0
124.057	0.011907	0	0
124.090	0.012157	0	0
124.124	0.012215	0	0
124.157	0.011924	0	0
124.190	0.011745	0	0
124.224	0.011680	0	0
124.257	0.011480	0	0
124.290	0.011639	0	0
124.324	0.011822	0	0
124.357	0.011645	0	0
124.390	0.011594	0	0
124.424	0.011519	0	0
124.457	0.011380	0	0
124.491	0.011329	0	0
124.524	0.011475	0	0
124.557	0.011576	0	0
124.591	0.011572	0	0
124.624	0.011595	0	0
124.657	0.011886	0	0
124.691	0.011846	0	0
124.724	0.011636	0	0
124.757	0.011351	0	0
124.791	0.011159	0	0
124.824	0.011109	0	0
124.858	0.011182	0	0
124.891	0.011282	0	0
124.924	0.011771	0	0
124.958	0.012243	0	0
124.991	0.012821	0	0
125.024	0.014325	0	0
125.058	0.017327	0	0
125.091	0.019831	1	0
125.125	0.021604	1	0
125.158	0.022502	1	0
125.191	0.022270	1	0
125.225	0.020908	1	0
125.258	0.019398	1	0
125.291	0.015020	0	0
125.325	0.011016	0	0
125.358	0.007372	0	0
125.391	0.003460	0	0
125.425	0.000000	0	0
125.458	0.000000	0	0
125.492	0.000000	0	0
125.525	0.000000	0	0
125.558	0.000000	0	0
125.592	0.000000	0	0
125.625	0.000000	0	0
125.658	0.000000	0	0
125.692	0.000000	0	0
125.725	0.000000	0	0
125.758	0.000000	0	0
125.792	0.000000	0	0
125.825	0.000000	0	0
125.859	0.000000	0	0
125.892	0.000000	0	0
125.925	0.000000	0	0
125.959	0.000000	0	0
125.992	0.000000	0	0
126.025	0.000000	0	0
126.059	0.000000	0	0
126.092	0.000000	0	0
126.126	0.000000	0	0
126.159	0.000000	0	0
126.192	0.000000	0	0
126.226	0.000000	0	0
126.259	0.000000	0	0
126.292	0.000000	0	0
126.326	0.000000	0	0
126.359	0.000000	0	0
126.392	0.000000	0	0
126.426	0.000000	0	0
126.459	0.000000	0	0
126.493	0.000000	0	0
126.526	0.000000	0	0
126.559	0.000000	0	0
126.593	0.000000	0	0
126.626	0.000000	0	0