time	rmse	false positive	false negative
4.971	0.021061	0	0
5.005	0.021061	0	0
5.038	0.021061	0	0
5.071	0.021070	0	0
5.105	0.021099	0	0
5.138	0.020997	0	0
5.171	0.021322	0	0
5.205	0.022112	0	0
5.238	0.022344	0	0
5.271	0.022639	0	0
5.305	0.022981	0	0
5.338	0.023002	0	0
5.372	0.022911	0	0
5.405	0.023005	0	0
5.438	0.023044	0	0
5.472	0.023039	0	0
5.505	0.023179	0	0
5.538	0.022896	0	0
5.572	0.022726	0	0
5.605	0.022788	0	0
5.638	0.022969	0	0
5.672	0.022748	0	0
5.705	0.022625	0	0
5.739	0.022227	0	0
5.772	0.022031	0	0
5.805	0.022000	0	0
5.839	0.022034	0	0
5.872	0.021855	0	0
5.905	0.022347	0	0
5.939	0.022340	0	0
5.972	0.022177	0	0
6.006	0.022058	0	0
6.039	0.022304	0	0
6.072	0.022401	0	0
6.106	0.022495	0	0
6.139	0.022576	0	0
6.172	0.022844	0	0
6.206	0.023004	0	0
6.239	0.022868	0	0
6.272	0.023133	0	0
6.306	0.022946	0	0
6.339	0.023048	0	0
6.373	0.023196	0	0
6.406	0.023525	0	0
6.439	0.023553	0	0
6.473	0.024070	0	0
6.506	0.023995	0	0
6.539	0.023975	0	0
6.573	0.023799	0	0
6.606	0.023299	0	0
6.639	0.023121	0	0
6.673	0.023086	0	0
6.706	0.022956	0	0
6.740	0.022753	0	0
6.773	0.023031	0	0
6.806	0.022858	0	0
6.840	0.022757	0	0
6.873	0.022914	0	0
6.906	0.022919	0	0
6.940	0.022708	0	0
6.973	0.022368	0	0
7.007	0.022234	0	0
7.040	0.022259	0	0
7.073	0.022319	0	0
7.107	0.022557	0	0
7.140	0.022981	0	0
7.173	0.023291	0	0
7.207	0.023175	0	0
7.240	0.022720	0	0
7.273	0.021975	0	0
7.307	0.021212	0	0
7.340	0.020286	0	0
7.374	0.019650	0	0
7.407	0.019499	0	0
7.440	0.021184	0	0
7.474	0.024527	0	0
7.507	0.027355	0	0
7.540	0.028930	0	0
7.574	0.029030	0	0
7.607	0.027640	1	0
7.640	0.025004	1	0
7.674	0.024920	1	0
7.707	0.026197	0	0
7.741	0.029036	0	0
7.774	0.031173	0	0
7.807	0.031662	0	0
7.841	0.029687	0	0
7.874	0.026917	1	0
7.907	0.023917	0	0
7.941	0.021363	0	0
7.974	0.018911	0	0
8.008	0.017147	0	0
8.041	0.015095	0	0
8.074	0.013474	0	0
8.108	0.011692	0	0
8.141	0.010841	0	0
8.174	0.009810	0	0
8.208	0.009731	0	0
8.241	0.009288	0	0
8.274	0.009036	0	0
8.308	0.009187	0	0
8.341	0.009765	0	0
8.375	0.009456	0	0
8.408	0.009195	0	0
8.441	0.009147	0	0
8.475	0.010562	0	0
8.508	0.013318	0	0
8.541	0.018500	0	0
8.575	0.024357	0	0
8.608	0.029972	1	0
8.641	0.033857	1	0
8.675	0.035773	1	0
8.708	0.035983	1	0
8.742	0.035775	1	0
8.775	0.036070	1	0
8.808	0.036898	1	0
8.842	0.037750	1	0
8.875	0.038444	1	0
8.908	0.039154	1	0
8.942	0.039607	0	0
8.975	0.039890	0	0
9.009	0.040302	0	0
9.042	0.040625	0	0
9.075	0.040720	0	0
9.109	0.040321	0	0
9.142	0.039576	0	0
9.175	0.038735	0	0
9.209	0.038220	0	0
9.242	0.037546	0	0
9.275	0.037475	0	0
9.309	0.037764	0	0
9.342	0.037788	0	0
9.376	0.037518	0	0
9.409	0.037369	0	0
9.442	0.036837	1	0
9.476	0.035869	1	0
9.509	0.035600	1	0
9.542	0.035138	1	0
9.576	0.034623	1	0
9.609	0.034494	1	0
9.642	0.034206	1	0
9.676	0.033920	1	0
9.709	0.034175	1	0
9.743	0.034143	1	0
9.776	0.033986	1	0
9.809	0.033914	1	0
9.843	0.033679	1	0
9.876	0.033016	1	0
9.909	0.033248	1	0
9.943	0.032974	1	0
9.976	0.032860	1	0
10.010	0.032998	1	0
10.043	0.033329	0	0
10.076	0.033361	0	0
10.110	0.033642	0	0
10.143	0.033436	0	0
10.176	0.032150	0	0
10.210	0.030272	0	0
10.243	0.027541	1	0
10.276	0.024732	1	0
10.310	0.022753	0	0
10.343	0.021252	0	0
10.377	0.020478	0	0
10.410	0.020459	0	0
10.443	0.020664	0	0
10.477	0.020675	0	0
10.510	0.021015	0	0
10.543	0.021348	0	0
10.577	0.021557	0	0
10.610	0.021495	0	0
10.643	0.021595	0	0
10.677	0.021304	0	0
10.710	0.021198	0	0
10.744	0.020909	0	0
10.777	0.020810	0	0
10.810	0.020712	0	0
10.844	0.020867	0	0
10.877	0.018948	0	0
10.910	0.016629	0	0
10.944	0.013967	0	0
10.977	0.011366	0	0
11.011	0.008832	0	0
11.044	0.008190	0	0
11.077	0.008418	0	0
11.111	0.009255	0	0
11.144	0.008905	0	0
11.177	0.009971	0	0
11.211	0.012234	0	0
11.244	0.016252	0	0
11.277	0.019781	0	0
11.311	0.024443	0	0
11.344	0.027512	0	0
11.378	0.029738	0	0
11.411	0.029940	0	0
11.444	0.030478	0	0
11.478	0.030897	0	0
11.511	0.031059	0	0
11.544	0.030367	0	0
11.578	0.028442	0	0
11.611	0.025409	0	0
11.644	0.021711	0	0
11.678	0.018072	0	0
11.711	0.014830	0	0
11.745	0.012775	0	0
11.778	0.012189	0	0
11.811	0.011582	0	0
11.845	0.011684	0	0
11.878	0.011123	0	0
11.911	0.010788	0	0
11.945	0.009926	0	0
11.978	0.009532	0	0
12.012	0.009302	0	0
12.045	0.009316	0	0
12.078	0.009482	0	0
12.112	0.009646	0	0
12.145	0.010192	0	0
12.178	0.010331	0	0
12.212	0.010750	0	0
12.245	0.010709	0	0
12.278	0.010373	0	0
12.312	0.010329	0	0
12.345	0.009849	0	0
12.379	0.009564	0	0
12.412	0.009610	0	0
12.445	0.009885	0	0
12.479	0.009545	0	0
12.512	0.009618	0	0
12.545	0.009600	0	0
12.579	0.009578	0	0
12.612	0.009452	0	0
12.645	0.009467	0	0
12.679	0.009571	0	0
12.712	0.009802	0	0
12.746	0.009893	0	0
12.779	0.009955	0	0
12.812	0.010095	0	0
12.846	0.010306	0	0
12.879	0.009993	0	0
12.912	0.009972	0	0
12.946	0.009920	0	0
12.979	0.009685	0	0
13.013	0.009226	0	0
13.046	0.009265	0	0
13.079	0.009222	0	0
13.113	0.009490	0	0
13.146	0.012980	0	0
13.179	0.017757	0	0
13.213	0.022386	0	0
13.246	0.026976	1	0
13.279	0.031552	1	0
13.313	0.032922	1	0
13.346	0.033087	1	0
13.380	0.033781	1	0
13.413	0.034200	1	0
13.446	0.034910	1	0
13.480	0.036247	0	0
13.513	0.037334	0	0
13.546	0.037788	0	0
13.580	0.038734	0	0
13.613	0.039025	0	0
13.646	0.038709	0	0
13.680	0.038505	0	0
13.713	0.038358	0	0
13.747	0.037961	0	0
13.780	0.037560	0	0
13.813	0.037366	0	0
13.847	0.037139	0	0
13.880	0.036511	0	0
13.913	0.035902	0	0
13.947	0.035605	1	0
13.980	0.035353	1	0
14.014	0.034855	1	0
14.047	0.034581	1	0
14.080	0.034514	1	0
14.114	0.034247	1	0
14.147	0.034095	1	0
14.180	0.033690	1	0
14.214	0.032316	1	0
14.247	0.029885	1	0
14.280	0.027590	1	0
14.314	0.024581	1	0
14.347	0.022105	0	0
14.381	0.020983	0	0
14.414	0.020665	0	0
14.447	0.020363	0	0
14.481	0.020374	0	0
14.514	0.020209	0	0
14.547	0.020275	0	0
14.581	0.019871	0	0
14.614	0.019824	0	0
14.647	0.019322	0	0
14.681	0.019070	0	0
14.714	0.018749	0	0
14.748	0.019025	0	0
14.781	0.019332	0	0
14.814	0.020117	0	0
14.848	0.020894	0	0
14.881	0.021510	0	0
14.914	0.023163	0	0
14.948	0.026964	0	0
14.981	0.030975	0	0
15.015	0.034494	0	0
15.048	0.037789	0	0
15.081	0.038746	0	0
15.115	0.035954	0	0
15.148	0.032898	0	0
15.181	0.030072	1	0
15.215	0.027573	1	0
15.248	0.025974	1	0
15.281	0.025353	1	0
15.315	0.024845	1	0
15.348	0.024457	0	0
15.382	0.023739	0	0
15.415	0.023380	0	0
15.448	0.023119	0	0
15.482	0.022852	0	0
15.515	0.022641	0	0
15.548	0.022664	0	0
15.582	0.022447	0	0
15.615	0.022890	0	0
15.648	0.024074	0	0
15.682	0.026751	0	0
15.715	0.029554	0	0
15.749	0.032013	0	0
15.782	0.033922	0	0
15.815	0.034249	0	0
15.849	0.032447	1	0
15.882	0.030276	1	0
15.915	0.029570	1	0
15.949	0.029838	0	0
15.982	0.030896	0	0
16.016	0.032379	0	0
16.049	0.033288	0	0
16.082	0.032476	0	0
16.116	0.030508	1	0
16.149	0.028410	1	0
16.182	0.026332	1	0
16.216	0.025006	1	0
16.249	0.024349	0	0
16.282	0.024035	0	0
16.316	0.023745	0	0
16.349	0.023716	0	0
16.383	0.023791	0	0
16.416	0.023682	0	0
16.449	0.023442	0	0
16.483	0.023593	0	0
16.516	0.023606	0	0
16.549	0.023379	0	0
16.583	0.023257	0	0
16.616	0.023491	0	0
16.649	0.023254	0	0
16.683	0.023099	0	0
16.716	0.023149	0	0
16.750	0.023197	0	0
16.783	0.022978	0	0
16.816	0.022909	0	0
16.850	0.022947	0	0
16.883	0.022879	0	0
16.916	0.023052	0	0
16.950	0.022999	0	0
16.983	0.023049	0	0
17.017	0.023271	0	0
17.050	0.023368	0	0
17.083	0.025450	0	0
17.117	0.028089	0	0
17.150	0.030407	0	0
17.183	0.032421	0	0
17.217	0.034293	0	0
17.250	0.033642	0	0
17.283	0.031946	0	0
17.317	0.030256	1	0
17.350	0.028777	1	0
17.384	0.027240	1	0
17.417	0.025997	1	0
17.450	0.025414	1	0
17.484	0.024893	1	0
17.517	0.024428	0	0
17.550	0.024462	0	0
17.584	0.024220	0	0
17.617	0.024239	0	0
17.650	0.024157	0	0
17.684	0.023853	0	0
17.717	0.023447	0	0
17.751	0.023336	0	0
17.784	0.023138	0	0
17.817	0.023278	0	0
17.851	0.023216	0	0
17.884	0.023289	0	0
17.917	0.023529	0	0
17.951	0.023425	0	0
17.984	0.023332	0	0
18.018	0.023431	0	0
18.051	0.023474	0	0
18.084	0.023522	0	0
18.118	0.023580	0	0
18.151	0.023673	0	0
18.184	0.023719	0	0
18.218	0.023716	0	0
18.251	0.023453	0	0
18.284	0.023525	0	0
18.318	0.023467	0	0
18.351	0.023453	0	0
18.385	0.023413	0	0
18.418	0.023505	0	0
18.451	0.023452	0	0
18.485	0.023529	0	0
18.518	0.023561	0	0
18.551	0.023185	0	0
18.585	0.021920	0	0
18.618	0.019672	0	0
18.651	0.017521	0	0
18.685	0.015046	0	0
18.718	0.012762	0	0
18.752	0.011298	0	0
18.785	0.010830	0	0
18.818	0.009620	0	0
18.852	0.008982	0	0
18.885	0.008870	0	0
18.918	0.008710	0	0
18.952	0.008838	0	0
18.985	0.008760	0	0
19.019	0.008912	0	0
19.052	0.008280	0	0
19.085	0.007898	0	0
19.119	0.007420	0	0
19.152	0.007929	0	0
19.185	0.008107	0	0
19.219	0.008441	0	0
19.252	0.009178	0	0
19.285	0.009278	0	0
19.319	0.009305	0	0
19.352	0.009504	0	0
19.386	0.009783	0	0
19.419	0.009149	0	0
19.452	0.009457	0	0
19.486	0.009308	0	0
19.519	0.009306	0	0
19.552	0.009133	0	0
19.586	0.009058	0	0
19.619	0.009072	0	0
19.652	0.009052	0	0
19.686	0.008466	0	0
19.719	0.008590	0	0
19.753	0.009146	0	0
19.786	0.008481	0	0
19.819	0.008354	0	0
19.853	0.008664	0	0
19.886	0.008401	0	0
19.919	0.008009	0	0
19.953	0.007222	0	0
19.986	0.007495	0	0
20.020	0.007294	0	0
20.053	0.007682	0	0
20.086	0.007619	0	0
20.120	0.008563	0	0
20.153	0.007812	0	0
20.186	0.007887	0	0
20.220	0.007218	0	0
20.253	0.006816	0	0
20.286	0.006846	0	0
20.320	0.007146	0	0
20.353	0.007569	0	0
20.387	0.007835	0	0
20.420	0.008499	0	0
20.453	0.008717	0	0
20.487	0.008928	0	0
20.520	0.008561	0	0
20.553	0.008177	0	0
20.587	0.008224	0	0
20.620	0.008282	0	0
20.653	0.008334	0	0
20.687	0.008582	0	0
20.720	0.008836	0	0
20.754	0.008547	0	0
20.787	0.008830	0	0
20.820	0.008847	0	0
20.854	0.008192	0	0
20.887	0.008844	0	0
20.920	0.008676	0	0
20.954	0.007776	0	0
20.987	0.007758	0	0
21.021	0.008253	0	0
21.054	0.007580	0	0
21.087	0.007560	0	0
21.121	0.008898	0	0
21.154	0.009109	0	0
21.187	0.009087	0	0
21.221	0.009762	0	0
21.254	0.009684	0	0
21.287	0.009410	0	0
21.321	0.012270	0	0
21.354	0.016593	0	1
21.388	0.020677	0	1
21.421	0.024521	0	0
21.454	0.025841	0	0
21.488	0.024267	0	0
21.521	0.020487	0	0
21.554	0.016430	0	0
21.588	0.013591	0	0
21.621	0.012142	0	0
21.654	0.011534	0	0
21.688	0.011312	0	0
21.721	0.011296	0	0
21.755	0.011355	0	0
21.788	0.011393	0	0
21.821	0.010855	0	0
21.855	0.010750	0	0
21.888	0.010800	0	0
21.921	0.010526	0	0
21.955	0.010172	0	0
21.988	0.010217	0	0
22.022	0.009991	0	0
22.055	0.010030	0	0
22.088	0.010790	0	0
22.122	0.011777	0	0
22.155	0.012679	0	0
22.188	0.013686	0	0
22.222	0.014830	0	0
22.255	0.015110	0	0
22.288	0.015298	0	0
22.322	0.015265	0	0
22.355	0.015364	0	0
22.389	0.015196	0	0
22.422	0.015341	0	0
22.455	0.015530	0	0
22.489	0.015941	0	0
22.522	0.016193	0	0
22.555	0.015934	0	0
22.589	0.015673	0	0
22.622	0.015671	0	0
22.655	0.015476	0	0
22.689	0.015571	0	0
22.722	0.015552	0	0
22.756	0.015555	0	0
22.789	0.015261	0	0
22.822	0.015055	0	0
22.856	0.014710	0	0
22.889	0.014993	0	0
22.922	0.014814	0	0
22.956	0.014870	0	0
22.989	0.015049	0	0
23.023	0.014993	0	0
23.056	0.014572	0	0
23.089	0.015152	0	0
23.123	0.015426	0	0
23.156	0.015113	0	0
23.189	0.015385	0	0
23.223	0.015580	0	0
23.256	0.015210	0	0
23.289	0.014800	0	0
23.323	0.014951	0	0
23.356	0.015024	0	0
23.390	0.015125	0	0
23.423	0.015152	0	0
23.456	0.015152	0	0
23.490	0.015505	0	0
23.523	0.015302	0	0
23.556	0.015276	0	0
23.590	0.015361	0	0
23.623	0.015892	0	0
23.656	0.018070	0	0
23.690	0.022093	0	0
23.723	0.025670	0	0
23.757	0.029365	0	0
23.790	0.032511	0	0
23.823	0.032327	0	0
23.857	0.030072	0	0
23.890	0.027341	0	0
23.923	0.024325	0	0
23.957	0.021367	0	0
23.990	0.019770	0	0
24.024	0.018575	0	0
24.057	0.018179	0	0
24.090	0.017934	0	0
24.124	0.018114	0	0
24.157	0.017958	0	0
24.190	0.017982	0	0
24.224	0.017910	0	0
24.257	0.017816	0	0
24.290	0.017542	0	0
24.324	0.017508	0	0
24.357	0.016909	0	0
24.391	0.016999	0	0
24.424	0.017035	0	0
24.457	0.017470	0	0
24.491	0.019625	0	0
24.524	0.023581	0	0
24.557	0.026900	0	0
24.591	0.030025	0	0
24.624	0.032751	0	0
24.657	0.033399	0	0
24.691	0.033142	0	0
24.724	0.033280	0	0
24.758	0.032724	0	0
24.791	0.031197	0	0
24.824	0.029140	0	0
24.858	0.026156	0	0
24.891	0.022997	0	0
24.924	0.020419	0	0
24.958	0.019117	0	0
24.991	0.018341	0	0
25.025	0.017764	0	0
25.058	0.017326	0	0
25.091	0.017126	0	0
25.125	0.016647	0	0
25.158	0.016765	0	0
25.191	0.017252	0	0
25.225	0.017632	0	0
25.258	0.017691	0	0
25.291	0.017834	0	0
25.325	0.017936	0	0
25.358	0.017422	0	0
25.392	0.016989	0	0
25.425	0.017138	0	0
25.458	0.017121	0	0
25.492	0.016976	0	0
25.525	0.017313	0	0
25.558	0.017098	0	0
25.592	0.016930	0	0
25.625	0.016675	0	0
25.658	0.016670	0	0
25.692	0.016885	0	0
25.725	0.017062	0	0
25.759	0.017031	0	0
25.792	0.017074	0	0
25.825	0.016561	0	0
25.859	0.016012	0	0
25.892	0.016111	0	0
25.925	0.016037	0	0
25.959	0.016248	0	0
25.992	0.016612	0	0
26.026	0.016611	0	0
26.059	0.016681	0	0
26.092	0.016660	0	0
26.126	0.016417	0	0
26.159	0.016793	0	0
26.192	0.020441	0	0
26.226	0.024249	0	0
26.259	0.028028	0	0
26.292	0.031037	0	0
26.326	0.032058	0	0
26.359	0.029311	0	0
26.393	0.025849	0	0
26.426	0.022782	0	0
26.459	0.020301	0	0
26.493	0.019033	0	0
26.526	0.018524	0	0
26.559	0.018315	0	0
26.593	0.017773	0	0
26.626	0.017719	0	0
26.659	0.017915	0	0
26.693	0.018084	0	0
26.726	0.018254	0	0
26.760	0.018454	0	0
26.793	0.018548	0	0
26.826	0.018746	0	0
26.860	0.018994	0	0
26.893	0.022015	0	0
26.926	0.026317	1	0
26.960	0.030363	1	0
26.993	0.034095	1	0
27.027	0.037601	1	0
27.060	0.038608	1	0
27.093	0.038592	1	0
27.127	0.038609	1	0
27.160	0.038651	1	0
27.193	0.039173	1	0
27.227	0.039641	1	0
27.260	0.039640	0	0
27.293	0.039990	0	0
27.327	0.040527	0	0
27.360	0.040718	0	0
27.394	0.040834	0	0
27.427	0.041267	0	0
27.460	0.041244	0	0
27.494	0.041213	0	0
27.527	0.041218	0	0
27.560	0.040531	0	0
27.594	0.039795	0	0
27.627	0.039059	0	0
27.660	0.038182	1	0
27.694	0.037439	1	0
27.727	0.037242	1	0
27.761	0.036684	0	0
27.794	0.036455	0	0
27.827	0.036176	0	0
27.861	0.034953	0	0
27.894	0.031412	0	0
27.927	0.028065	0	0
27.961	0.024480	0	0
27.994	0.020935	0	0
28.028	0.018415	0	0
28.061	0.017892	0	0
28.094	0.017509	0	0
28.128	0.017305	0	0
28.161	0.019551	0	0
28.194	0.022427	0	0
28.228	0.025478	0	0
28.261	0.028277	0	0
28.294	0.030339	0	0
28.328	0.029688	0	0
28.361	0.027420	0	0
28.395	0.024854	1	0
28.428	0.022562	0	0
28.461	0.020864	0	0
28.495	0.019451	0	0
28.528	0.019032	0	0
28.561	0.018795	0	0
28.595	0.018817	0	0
28.628	0.018390	0	0
28.661	0.018256	0	0
28.695	0.018074	0	0
28.728	0.017967	0	0
28.762	0.017522	0	0
28.795	0.017792	0	0
28.828	0.017896	0	0
28.862	0.017688	0	0
28.895	0.017901	0	0
28.928	0.017935	0	0
28.962	0.017815	0	0
28.995	0.017586	0	0
29.029	0.017684	0	0
29.062	0.017241	0	0
29.095	0.017617	0	0
29.129	0.017609	0	0
29.162	0.017728	0	0
29.195	0.017824	0	0
29.229	0.017882	0	0
29.262	0.017596	0	0
29.295	0.017897	0	0
29.329	0.018393	0	0
29.362	0.019221	0	0
29.396	0.022539	0	0
29.429	0.025912	0	0
29.462	0.028713	0	0
29.496	0.030953	0	0
29.529	0.032276	0	0
29.562	0.030624	0	0
29.596	0.028493	0	0
29.629	0.026071	1	0
29.662	0.023635	0	0
29.696	0.021590	0	0
29.729	0.020502	0	0
29.763	0.019492	0	0
29.796	0.019212	0	0
29.829	0.019180	0	0
29.863	0.019057	0	0
29.896	0.018708	0	0
29.929	0.018540	0	0
29.963	0.018318	0	0
29.996	0.018491	0	0
30.030	0.018548	0	0
30.063	0.018499	0	0
30.096	0.018500	0	0
30.130	0.018556	0	0
30.163	0.018009	0	0
30.196	0.018003	0	0
30.230	0.018019	0	0
30.263	0.018047	0	0
30.296	0.018016	0	0
30.330	0.018413	0	0
30.363	0.018144	0	0
30.397	0.018364	0	0
30.430	0.018509	0	0
30.463	0.018494	0	0
30.497	0.018382	0	0
30.530	0.018749	0	0
30.563	0.018555	0	0
30.597	0.018488	0	0
30.630	0.018401	0	0
30.663	0.018267	0	0
30.697	0.017706	0	0
30.730	0.017600	0	0
30.764	0.017453	0	0
30.797	0.017506	0	0
30.830	0.017518	0	0
30.864	0.017701	0	0
30.897	0.018039	0	0
30.930	0.018569	0	0
30.964	0.018758	0	0
30.997	0.018921	0	0
31.031	0.019164	0	0
31.064	0.018840	0	0
31.097	0.018539	0	0
31.131	0.018441	0	0
31.164	0.018235	0	0
31.197	0.018225	0	0
31.231	0.018472	0	0
31.264	0.018219	0	0
31.297	0.018082	0	0
31.331	0.018126	0	0
31.364	0.018192	0	0
31.398	0.018136	0	0
31.431	0.018510	0	0
31.464	0.018482	0	0
31.498	0.018706	0	0
31.531	0.018819	0	0
31.564	0.018889	0	0
31.598	0.018749	0	0
31.631	0.019057	0	0
31.664	0.018803	0	0
31.698	0.019212	0	0
31.731	0.019636	0	0
31.765	0.020328	0	0
31.798	0.020634	0	0
31.831	0.021624	0	0
31.865	0.021505	0	0
31.898	0.021582	0	0
31.931	0.021445	0	0
31.965	0.021770	0	0
31.998	0.021909	0	0
32.032	0.022594	0	0
32.065	0.022819	0	0
32.098	0.022581	0	0
32.132	0.022845	0	0
32.165	0.023030	0	0
32.198	0.022907	0	0
32.232	0.023059	0	0
32.265	0.023735	0	0
32.298	0.023455	0	0
32.332	0.023067	0	0
32.365	0.022494	0	0
32.399	0.021927	0	0
32.432	0.021196	0	0
32.465	0.020628	0	0
32.499	0.020443	0	0
32.532	0.020486	0	0
32.565	0.020608	0	0
32.599	0.020745	0	0
32.632	0.021015	0	0
32.665	0.020796	0	0
32.699	0.020705	0	0
32.732	0.020438	0	0
32.766	0.019314	0	0
32.799	0.017674	0	0
32.832	0.016009	0	0
32.866	0.013771	0	0
32.899	0.011845	0	0
32.932	0.010972	0	0
32.966	0.010683	0	0
32.999	0.010451	0	0
33.033	0.010448	0	0
33.066	0.010322	0	0
33.099	0.010070	0	0
33.133	0.009993	0	0
33.166	0.009858	0	0
33.199	0.009858	0	0
33.233	0.009994	0	0
33.266	0.010129	0	0
33.299	0.009990	0	0
33.333	0.010084	0	0
33.366	0.010076	0	0
33.400	0.010481	0	0
33.433	0.010084	0	0
33.466	0.009582	0	0
33.500	0.009126	0	0
33.533	0.009104	0	0
33.566	0.007931	0	0
33.600	0.008003	0	0
33.633	0.008407	0	0
33.666	0.008175	0	0
33.700	0.008568	0	0
33.733	0.009023	0	0
33.767	0.008843	0	0
33.800	0.008678	0	0
33.833	0.009041	0	0
33.867	0.008482	0	0
33.900	0.008281	0	0
33.933	0.008617	0	0
33.967	0.008821	0	0
34.000	0.009669	0	0
34.034	0.014179	0	0
34.067	0.019472	0	0
34.100	0.024125	0	0
34.134	0.029048	0	0
34.167	0.032601	0	0
34.200	0.031974	0	0
34.234	0.030088	0	0
34.267	0.027977	0	0
34.300	0.025159	1	0
34.334	0.022869	0	0
34.367	0.021335	0	0
34.401	0.020418	0	0
34.434	0.020011	0	0
34.467	0.019767	0	0
34.501	0.019564	0	0
34.534	0.019246	0	0
34.567	0.018631	0	0
34.601	0.017959	0	0
34.634	0.017838	0	0
34.667	0.017636	0	0
34.701	0.017444	0	0
34.734	0.017344	0	0
34.768	0.017180	0	0
34.801	0.016775	0	0
34.834	0.016899	0	0
34.868	0.017045	0	0
34.901	0.017490	0	0
34.934	0.017660	0	0
34.968	0.017578	0	0
35.001	0.017326	0	0
35.035	0.017121	0	0
35.068	0.016536	0	0
35.101	0.016342	0	0
35.135	0.016533	0	0
35.168	0.016632	0	0
35.201	0.017086	0	0
35.235	0.017362	0	0
35.268	0.017571	0	0
35.301	0.017729	0	0
35.335	0.017857	0	0
35.368	0.017586	0	0
35.402	0.017821	0	0
35.435	0.017843	0	0
35.468	0.017680	0	0
35.502	0.017494	0	0
35.535	0.017269	0	0
35.568	0.017019	0	0
35.602	0.017360	0	0
35.635	0.017218	0	0
35.668	0.017121	0	0
35.702	0.017445	0	0
35.735	0.017962	0	0
35.769	0.018065	0	0
35.802	0.018259	0	0
35.835	0.018417	0	0
35.869	0.018094	0	0
35.902	0.017618	0	0
35.935	0.017408	0	0
35.969	0.017387	0	0
36.002	0.017709	0	0
36.036	0.017800	0	0
36.069	0.017738	0	0
36.102	0.017634	0	0
36.136	0.017831	0	0
36.169	0.017421	0	0
36.202	0.017465	0	0
36.236	0.017719	0	0
36.269	0.017548	0	0
36.302	0.017488	0	0
36.336	0.017710	0	0
36.369	0.018116	0	0
36.403	0.018243	0	0
36.436	0.018394	0	0
36.469	0.018542	0	0
36.503	0.018805	0	0
36.536	0.018642	0	0
36.569	0.018447	0	0
36.603	0.018524	0	0
36.636	0.018400	0	0
36.669	0.017921	0	0
36.703	0.017688	0	0
36.736	0.017632	0	0
36.770	0.017250	0	0
36.803	0.017080	0	0
36.836	0.017451	0	0
36.870	0.017514	0	0
36.903	0.017955	0	0
36.936	0.018229	0	0
36.970	0.018303	0	0
37.003	0.017997	0	0
37.037	0.017918	0	0
37.070	0.017737	0	0
37.103	0.018284	0	0
37.137	0.018493	0	0
37.170	0.018816	0	0
37.203	0.018940	0	0
37.237	0.018633	0	0
37.270	0.018139	0	0
37.303	0.018147	0	0
37.337	0.017993	0	0
37.370	0.018164	0	0
37.404	0.018461	0	0
37.437	0.018896	0	0
37.470	0.018835	0	0
37.504	0.018796	0	0
37.537	0.018645	0	0
37.570	0.018361	0	0
37.604	0.017858	0	0
37.637	0.017820	0	0
37.670	0.017800	0	0
37.704	0.017969	0	0
37.737	0.018331	0	0
37.771	0.018744	0	0
37.804	0.018762	0	0
37.837	0.018928	0	0
37.871	0.018600	0	0
37.904	0.018409	0	0
37.937	0.018138	0	0
37.971	0.018030	0	0
38.004	0.017820	0	0
38.038	0.017723	0	0
38.071	0.017393	0	0
38.104	0.017571	0	0
38.138	0.017620	0	0
38.171	0.020229	0	0
38.204	0.023443	0	0
38.238	0.026978	0	0
38.271	0.030086	0	0
38.304	0.033480	0	0
38.338	0.034153	0	0
38.371	0.033525	0	0
38.405	0.031509	0	0
38.438	0.029212	0	0
38.471	0.026590	1	0
38.505	0.023776	0	0
38.538	0.021580	0	0
38.571	0.020628	0	0
38.605	0.019667	0	0
38.638	0.019063	0	0
38.671	0.018432	0	0
38.705	0.018237	0	0
38.738	0.017976	0	0
38.772	0.017860	0	0
38.805	0.017862	0	0
38.838	0.018162	0	0
38.872	0.018176	0	0
38.905	0.018118	0	0
38.938	0.018138	0	0
38.972	0.017897	0	0
39.005	0.017903	0	0
39.039	0.017947	0	0
39.072	0.018094	0	0
39.105	0.018156	0	0
39.139	0.018420	0	0
39.172	0.018634	0	0
39.205	0.018805	0	0
39.239	0.018528	0	0
39.272	0.018597	0	0
39.305	0.018636	0	0
39.339	0.018259	0	0
39.372	0.017974	0	0
39.406	0.018087	0	0
39.439	0.018188	0	0
39.472	0.017753	0	0
39.506	0.017809	0	0
39.539	0.018032	0	0
39.572	0.017994	0	0
39.606	0.017708	0	0
39.639	0.019217	0	0
39.672	0.022998	0	0
39.706	0.026990	1	0
39.739	0.031286	1	0
39.773	0.035723	1	0
39.806	0.038920	1	0
39.839	0.039867	1	0
39.873	0.040455	1	0
39.906	0.040964	1	0
39.939	0.041105	1	0
39.973	0.041090	1	0
40.006	0.041176	1	0
40.040	0.041097	0	0
40.073	0.041152	0	0
40.106	0.041463	0	0
40.140	0.041677	0	0
40.173	0.041383	0	0
40.206	0.041021	0	0
40.240	0.040434	0	0
40.273	0.039789	0	0
40.306	0.039059	0	0
40.340	0.038632	0	0
40.373	0.038546	0	0
40.407	0.038858	0	0
40.440	0.038754	0	0
40.473	0.038509	0	0
40.507	0.038062	0	0
40.540	0.037757	0	0
40.573	0.037511	0	0
40.607	0.038005	0	0
40.640	0.038620	0	0
40.673	0.039640	0	0
40.707	0.040297	0	0
40.740	0.040515	0	0
40.774	0.040580	0	0
40.807	0.040414	0	0
40.840	0.039757	0	0
40.874	0.039039	0	0
40.907	0.038493	0	0
40.940	0.037681	1	0
40.974	0.037222	1	0
41.007	0.036898	1	0
41.041	0.036849	1	0
41.074	0.036595	0	0
41.107	0.036541	0	0
41.141	0.036307	0	0
41.174	0.036081	0	0
41.207	0.035959	0	0
41.241	0.036122	0	0
41.274	0.036018	1	0
41.307	0.036148	1	0
41.341	0.035974	1	0
41.374	0.035656	1	0
41.408	0.035289	1	0
41.441	0.034916	1	0
41.474	0.034194	1	0
41.508	0.033885	1	0
41.541	0.033590	1	0
41.574	0.033002	1	0
41.608	0.032252	1	0
41.641	0.032173	1	0
41.674	0.030517	1	0
41.708	0.028218	1	0
41.741	0.025877	1	0
41.775	0.023928	0	0
41.808	0.021658	0	0
41.841	0.020860	0	0
41.875	0.020622	0	0
41.908	0.020399	0	0
41.941	0.020499	0	0
41.975	0.022957	0	0
42.008	0.025771	0	0
42.042	0.028470	0	0
42.075	0.030917	0	0
42.108	0.032587	0	0
42.142	0.031288	0	0
42.175	0.029406	1	0
42.208	0.027044	1	0
42.242	0.025188	1	0
42.275	0.023695	0	0
42.308	0.022676	0	0
42.342	0.021966	0	0
42.375	0.021655	0	0
42.409	0.021340	0	0
42.442	0.021129	0	0
42.475	0.021272	0	0
42.509	0.021170	0	0
42.542	0.021355	0	0
42.575	0.021509	0	0
42.609	0.021701	0	0
42.642	0.021511	0	0
42.675	0.021497	0	0
42.709	0.021300	0	0
42.742	0.021218	0	0
42.776	0.021103	0	0
42.809	0.021082	0	0
42.842	0.020879	0	0
42.876	0.020861	0	0
42.909	0.020977	0	0
42.942	0.021006	0	0
42.976	0.020940	0	0
43.009	0.021365	0	0
43.043	0.021836	0	0
43.076	0.022979	0	0
43.109	0.025397	1	0
43.143	0.028108	1	0
43.176	0.030595	1	0
43.209	0.032788	1	0
43.243	0.034428	1	0
43.276	0.034589	1	0
43.309	0.034716	1	0
43.343	0.034995	1	0
43.376	0.035292	1	0
43.410	0.035021	1	0
43.443	0.035028	1	0
43.476	0.034819	1	0
43.510	0.034618	1	0
43.543	0.034437	1	0
43.576	0.034341	1	0
43.610	0.034314	1	0
43.643	0.034324	1	0
43.676	0.033377	1	0
43.710	0.031213	1	0
43.743	0.028841	1	0
43.777	0.026583	1	0
43.810	0.024109	0	0
43.843	0.022538	0	0
43.877	0.022271	0	0
43.910	0.022119	0	0
43.943	0.021790	0	0
43.977	0.021756	0	0
44.010	0.021360	0	0
44.044	0.020937	0	0
44.077	0.020746	0	0
44.110	0.020724	0	0
44.144	0.020703	0	0
44.177	0.020649	0	0
44.210	0.021005	0	0
44.244	0.021225	0	0
44.277	0.020952	0	0
44.310	0.020684	0	0
44.344	0.020732	0	0
44.377	0.020624	0	0
44.411	0.020538	0	0
44.444	0.020697	0	0
44.477	0.020965	0	0
44.511	0.021339	0	0
44.544	0.021516	0	0
44.577	0.021415	0	0
44.611	0.021255	0	0
44.644	0.021325	0	0
44.677	0.021087	0	0
44.711	0.020829	0	0
44.744	0.020943	0	0
44.778	0.021185	0	0
44.811	0.020999	0	0
44.844	0.021000	0	0
44.878	0.020797	0	0
44.911	0.020804	0	0
44.944	0.020838	0	0
44.978	0.020816	0	0
45.011	0.021075	0	0
45.045	0.021344	0	0
45.078	0.021595	0	0
45.111	0.021851	0	0
45.145	0.022057	0	0
45.178	0.022250	0	0
45.211	0.022614	0	0
45.245	0.022863	0	0
45.278	0.022938	0	0
45.311	0.023055	0	0
45.345	0.022670	0	0
45.378	0.022154	0	0
45.412	0.021633	0	0
45.445	0.021548	0	0
45.478	0.021325	0	0
45.512	0.021600	0	0
45.545	0.021738	0	0
45.578	0.021675	0	0
45.612	0.021442	0	0
45.645	0.021434	0	0
45.678	0.021036	0	0
45.712	0.020519	0	0
45.745	0.019967	0	0
45.779	0.018990	0	0
45.812	0.018225	0	0
45.845	0.017636	0	0
45.879	0.017389	0	0
45.912	0.017418	0	0
45.945	0.017656	0	0
45.979	0.017709	0	0
46.012	0.017531	0	0
46.046	0.017498	0	0
46.079	0.017203	0	0
46.112	0.017065	0	0
46.146	0.017155	0	0
46.179	0.017138	0	0
46.212	0.017053	0	0
46.246	0.016881	0	0
46.279	0.016682	0	0
46.312	0.016430	0	0
46.346	0.016353	0	0
46.379	0.016113	0	0
46.413	0.016367	0	0
46.446	0.016698	0	0
46.479	0.016587	0	0
46.513	0.016663	0	0
46.546	0.016900	0	0
46.579	0.016865	0	0
46.613	0.016790	0	0
46.646	0.017067	0	0
46.679	0.016971	0	0
46.713	0.017437	0	0
46.746	0.017334	0	0
46.780	0.017308	0	0
46.813	0.017304	0	0
46.846	0.017477	0	0
46.880	0.016881	0	0
46.913	0.017184	0	0
46.946	0.017214	0	0
46.980	0.017045	0	0
47.013	0.016877	0	0
47.047	0.017194	0	0
47.080	0.016674	0	0
47.113	0.016518	0	0
47.147	0.016415	0	0
47.180	0.016338	0	0
47.213	0.016227	0	0
47.247	0.016614	0	0
47.280	0.016581	0	0
47.313	0.016817	0	0
47.347	0.017086	0	0
47.380	0.016971	0	0
47.414	0.016621	0	0
47.447	0.016729	0	0
47.480	0.016291	0	0
47.514	0.016034	0	0
47.547	0.016131	0	0
47.580	0.016506	0	0
47.614	0.019274	0	0
47.647	0.022920	0	0
47.680	0.026130	0	0
47.714	0.029493	0	0
47.747	0.032169	0	0
47.781	0.031356	0	0
47.814	0.028486	0	0
47.847	0.025511	0	0
47.881	0.021586	0	0
47.914	0.018341	0	0
47.947	0.015645	0	0
47.981	0.014469	0	0
48.014	0.013993	0	0
48.048	0.014120	0	0
48.081	0.013853	0	0
48.114	0.013733	0	0
48.148	0.013802	0	0
48.181	0.013184	0	0
48.214	0.012705	0	0
48.248	0.012669	0	0
48.281	0.012689	0	0
48.314	0.012458	0	0
48.348	0.012471	0	0
48.381	0.012853	0	0
48.415	0.012871	0	0
48.448	0.012769	0	0
48.481	0.012970	0	0
48.515	0.013307	0	0
48.548	0.013191	0	0
48.581	0.013466	0	0
48.615	0.013162	0	0
48.648	0.013008	0	0
48.681	0.012612	0	0
48.715	0.012081	0	0
48.748	0.011594	0	0
48.782	0.011516	0	0
48.815	0.011352	0	0
48.848	0.011579	0	0
48.882	0.011357	0	0
48.915	0.011551	0	0
48.948	0.011551	0	0
48.982	0.011628	0	0
49.015	0.011495	0	0
49.049	0.011976	0	0
49.082	0.011808	0	0
49.115	0.012171	0	0
49.149	0.011883	0	0
49.182	0.011894	0	0
49.215	0.011873	0	0
49.249	0.011810	0	0
49.282	0.011778	0	0
49.315	0.011896	0	0
49.349	0.011540	0	0
49.382	0.011510	0	0
49.416	0.011530	0	0
49.449	0.012643	0	0
49.482	0.016052	0	0
49.516	0.021569	0	0
49.549	0.027000	1	0
49.582	0.032261	1	0
49.616	0.036418	1	0
49.649	0.038052	1	0
49.682	0.037490	1	0
49.716	0.036726	1	0
49.749	0.036393	1	0
49.783	0.035975	1	0
49.816	0.035804	1	0
49.849	0.036085	1	0
49.883	0.035896	1	0
49.916	0.035717	1	0
49.949	0.035715	1	0
49.983	0.035814	1	0
50.016	0.035745	1	0
50.050	0.035646	1	0
50.083	0.035243	1	0
50.116	0.035197	1	0
50.150	0.034999	1	0
50.183	0.035028	1	0
50.216	0.035310	1	0
50.250	0.035773	1	0
50.283	0.035843	1	0
50.316	0.035892	1	0
50.350	0.035695	0	0
50.383	0.035690	0	0
50.417	0.035509	0	0
50.450	0.034958	0	0
50.483	0.034135	0	0
50.517	0.031588	0	0
50.550	0.028473	0	0
50.583	0.025300	1	0
50.617	0.022640	0	0
50.650	0.020178	0	0
50.683	0.019257	0	0
50.717	0.018985	0	0
50.750	0.018869	0	0
50.784	0.018761	0	0
50.817	0.018594	0	0
50.850	0.018709	0	0
50.884	0.018555	0	0
50.917	0.018679	0	0
50.950	0.018744	0	0
50.984	0.020556	0	0
51.017	0.023885	0	0
51.051	0.027050	0	0
51.084	0.029321	0	0
51.117	0.030180	0	0
51.151	0.029335	1	0
51.184	0.027871	1	0
51.217	0.027527	1	0
51.251	0.027566	0	0
51.284	0.029105	0	0
51.317	0.030866	0	0
51.351	0.030911	0	0
51.384	0.029465	0	0
51.418	0.027547	0	0
51.451	0.025210	1	0
51.484	0.022825	0	0
51.518	0.021125	0	0
51.551	0.020112	0	0
51.584	0.019544	0	0
51.618	0.019169	0	0
51.651	0.018924	0	0
51.684	0.018531	0	0
51.718	0.018061	0	0
51.751	0.018090	0	0
51.785	0.018077	0	0
51.818	0.017949	0	0
51.851	0.018022	0	0
51.885	0.018262	0	0
51.918	0.018125	0	0
51.951	0.018159	0	0
51.985	0.017945	0	0
52.018	0.017793	0	0
52.052	0.017693	0	0
52.085	0.017667	0	0
52.118	0.017308	0	0
52.152	0.017075	0	0
52.185	0.017207	0	0
52.218	0.017169	0	0
52.252	0.017086	0	0
52.285	0.017381	0	0
52.318	0.017745	0	0
52.352	0.017946	0	0
52.385	0.017813	0	0
52.419	0.018143	0	0
52.452	0.018017	0	0
52.485	0.017879	0	0
52.519	0.017740	0	0
52.552	0.017902	0	0
52.585	0.017704	0	0
52.619	0.017745	0	0
52.652	0.017933	0	0
52.685	0.017929	0	0
52.719	0.018148	0	0
52.752	0.018211	0	0
52.786	0.018661	0	0
52.819	0.019237	0	0
52.852	0.019810	0	0
52.886	0.020106	0	0
52.919	0.020868	0	0
52.952	0.023361	0	0
52.986	0.026079	0	0
53.019	0.028522	0	0
53.053	0.030903	0	0
53.086	0.032324	0	0
53.119	0.030699	0	0
53.153	0.028261	1	0
53.186	0.025934	1	0
53.219	0.023406	0	0
53.253	0.021480	0	0
53.286	0.020447	0	0
53.319	0.020023	0	0
53.353	0.019551	0	0
53.386	0.019412	0	0
53.420	0.019165	0	0
53.453	0.019167	0	0
53.486	0.019087	0	0
53.520	0.019035	0	0
53.553	0.019071	0	0
53.586	0.019115	0	0
53.620	0.019039	0	0
53.653	0.018974	0	0
53.686	0.018975	0	0
53.720	0.018849	0	0
53.753	0.021698	0	0
53.787	0.025345	0	0
53.820	0.028901	0	0
53.853	0.032536	0	0
53.887	0.036141	0	0
53.920	0.036808	0	0
53.953	0.036362	0	0
53.987	0.035569	0	0
54.020	0.033812	0	0
54.054	0.031844	1	0
54.087	0.029623	1	0
54.120	0.027541	1	0
54.154	0.025978	1	0
54.187	0.024871	1	0
54.220	0.024202	0	0
54.254	0.023707	0	0
54.287	0.023779	0	0
54.320	0.023088	0	0
54.354	0.022924	0	0
54.387	0.022417	0	0
54.421	0.022204	0	0
54.454	0.021586	0	0
54.487	0.021400	0	0
54.521	0.021308	0	0
54.554	0.021524	0	0
54.587	0.021418	0	0
54.621	0.021457	0	0
54.654	0.021399	0	0
54.687	0.021284	0	0
54.721	0.021078	0	0
54.754	0.020986	0	0
54.788	0.020694	0	0
54.821	0.020815	0	0
54.854	0.020539	0	0
54.888	0.019405	0	0
54.921	0.018073	0	0
54.954	0.016365	0	0
54.988	0.014524	0	0
55.021	0.012649	0	0
55.055	0.011810	0	0
55.088	0.011497	0	0
55.121	0.011575	0	0
55.155	0.011465	0	0
55.188	0.011763	0	0
55.221	0.011779	0	0
55.255	0.011644	0	0
55.288	0.011343	0	0
55.321	0.011569	0	0
55.355	0.011422	0	0
55.388	0.011527	0	0
55.422	0.011407	0	0
55.455	0.011412	0	0
55.488	0.011079	0	0
55.522	0.011278	0	0
55.555	0.011279	0	0
55.588	0.011415	0	0
55.622	0.011223	0	0
55.655	0.011658	0	0
55.688	0.011242	0	0
55.722	0.011143	0	0
55.755	0.010971	0	0
55.789	0.011268	0	0
55.822	0.011192	0	0
55.855	0.011369	0	0
55.889	0.011052	0	0
55.922	0.011283	0	0
55.955	0.011445	0	0
55.989	0.011149	0	0
56.022	0.011109	0	0
56.056	0.011499	0	0
56.089	0.011308	0	0
56.122	0.011122	0	0
56.156	0.011077	0	0
56.189	0.011027	0	0
56.222	0.011126	0	0
56.256	0.010895	0	0
56.289	0.010100	0	0
56.322	0.009743	0	0
56.356	0.010100	0	0
56.389	0.011504	0	0
56.423	0.015495	0	0
56.456	0.020251	0	0
56.489	0.024562	0	0
56.523	0.028337	0	0
56.556	0.030458	0	0
56.589	0.029440	0	0
56.623	0.027321	0	0
56.656	0.024782	0	0
56.689	0.021506	0	0
56.723	0.018259	0	0
56.756	0.015781	0	0
56.790	0.013799	0	0
56.823	0.012499	0	0
56.856	0.012030	0	0
56.890	0.011325	0	0
56.923	0.011160	0	0
56.956	0.011405	0	0
56.990	0.011296	0	0
57.023	0.011028	0	0
57.057	0.011094	0	0
57.090	0.010828	0	0
57.123	0.010320	0	0
57.157	0.011469	0	0
57.190	0.015624	0	0
57.223	0.019821	0	0
57.257	0.024041	0	0
57.290	0.028184	0	0
57.323	0.030805	0	0
57.357	0.030738	0	0
57.390	0.030746	0	0
57.424	0.030612	0	0
57.457	0.031193	0	0
57.490	0.031551	0	0
57.524	0.032003	0	0
57.557	0.032439	0	0
57.590	0.033028	0	0
57.624	0.032952	0	0
57.657	0.033467	0	0
57.690	0.032863	1	0
57.724	0.032157	1	0
57.757	0.031407	1	0
57.791	0.030389	1	0
57.824	0.029292	1	0
57.857	0.028640	1	0
57.891	0.027809	1	0
57.924	0.026907	1	0
57.957	0.026262	1	0
57.991	0.025470	1	0
58.024	0.024582	1	0
58.058	0.023964	0	0
58.091	0.023035	0	0
58.124	0.022619	0	0
58.158	0.021934	0	0
58.191	0.021500	0	0
58.224	0.021077	0	0
58.258	0.021086	0	0
58.291	0.020768	0	0
58.324	0.020486	0	0
58.358	0.020345	0	0
58.391	0.020351	0	0
58.425	0.020182	0	0
58.458	0.020525	0	0
58.491	0.020798	0	0
58.525	0.020790	0	0
58.558	0.020801	0	0
58.591	0.020303	0	0
58.625	0.022033	0	0
58.658	0.023827	0	0
58.691	0.025733	1	0
58.725	0.027595	1	0
58.758	0.030132	1	0
58.792	0.030044	1	0
58.825	0.030346	1	0
58.858	0.030934	1	0
58.892	0.031568	1	0
58.925	0.032444	1	0
58.958	0.033443	0	0
58.992	0.034698	0	0
59.025	0.035908	0	0
59.059	0.036986	0	0
59.092	0.037855	0	0
59.125	0.038639	0	0
59.159	0.038598	0	0
59.192	0.038457	0	0
59.225	0.038415	0	0
59.259	0.037950	0	0
59.292	0.037267	0	0
59.325	0.037051	0	0
59.359	0.036685	0	0
59.392	0.036193	0	0
59.426	0.035750	0	0
59.459	0.035763	0	0
59.492	0.035425	0	0
59.526	0.033966	0	0
59.559	0.032645	0	0
59.592	0.033013	0	0
59.626	0.033159	0	0
59.659	0.033720	0	0
59.692	0.035209	0	0
59.726	0.036545	0	0
59.759	0.036624	0	0
59.793	0.035968	0	0
59.826	0.035438	0	0
59.859	0.035490	0	0
59.893	0.035162	0	0
59.926	0.034397	1	0
59.959	0.033812	1	0
59.993	0.031894	1	0
60.026	0.029527	1	0
60.060	0.029044	1	0
60.093	0.029446	1	0
60.126	0.030433	0	0
60.160	0.032195	0	0
60.193	0.034267	0	0
60.226	0.034880	0	0
60.260	0.034713	0	0
60.293	0.034350	0	0
60.326	0.033976	0	0
60.360	0.033535	0	0
60.393	0.033166	1	0
60.427	0.033077	1	0
60.460	0.032955	1	0
60.493	0.032830	1	0
60.527	0.032680	1	0
60.560	0.032478	1	0
60.593	0.032097	1	0
60.627	0.032343	1	0
60.660	0.032681	1	0
60.693	0.032714	1	0
60.727	0.033006	1	0
60.760	0.033424	1	0
60.794	0.033083	1	0
60.827	0.032794	1	0
60.860	0.032832	1	0
60.894	0.032299	1	0
60.927	0.032173	1	0
60.960	0.031850	1	0
60.994	0.031603	1	0
61.027	0.031245	1	0
61.061	0.031096	1	0
61.094	0.030406	1	0
61.127	0.030168	1	0
61.161	0.029915	1	0
61.194	0.029647	1	0
61.227	0.029374	1	0
61.261	0.029267	1	0
61.294	0.028544	1	0
61.327	0.028077	1	0
61.361	0.027978	1	0
61.394	0.027834	1	0
61.428	0.027975	1	0
61.461	0.028677	1	0
61.494	0.029758	1	0
61.528	0.030422	1	0
61.561	0.031487	1	0
61.594	0.031717	1	0
61.628	0.031959	1	0
61.661	0.030637	1	0
61.694	0.028795	1	0
61.728	0.026664	1	0
61.761	0.024804	1	0
61.795	0.022994	0	0
61.828	0.021821	0	0
61.861	0.021234	0	0
61.895	0.020514	0	0
61.928	0.020245	0	0
61.961	0.020004	0	0
61.995	0.019795	0	0
62.028	0.019880	0	0
62.062	0.020110	0	0
62.095	0.020017	0	0
62.128	0.019964	0	0
62.162	0.020051	0	0
62.195	0.019814	0	0
62.228	0.019774	0	0
62.262	0.019823	0	0
62.295	0.019698	0	0
62.328	0.019683	0	0
62.362	0.019919	0	0
62.395	0.020048	0	0
62.429	0.019801	0	0
62.462	0.019730	0	0
62.495	0.019369	0	0
62.529	0.019238	0	0
62.562	0.019277	0	0
62.595	0.019486	0	0
62.629	0.019526	0	0
62.662	0.020005	0	0
62.695	0.019930	0	0
62.729	0.019723	0	0
62.762	0.019800	0	0
62.796	0.019750	0	0
62.829	0.019554	0	0
62.862	0.019676	0	0
62.896	0.019585	0	0
62.929	0.019664	0	0
62.962	0.019576	0	0
62.996	0.019639	0	0
63.029	0.019482	0	0
63.063	0.019487	0	0
63.096	0.018938	0	0
63.129	0.018853	0	0
63.163	0.018631	0	0
63.196	0.018609	0	0
63.229	0.018466	0	0
63.263	0.018520	0	0
63.296	0.018476	0	0
63.329	0.018559	0	0
63.363	0.019020	0	0
63.396	0.019444	0	0
63.430	0.020245	0	0
63.463	0.020995	0	0
63.496	0.021376	0	0
63.530	0.021486	0	0
63.563	0.021678	0	0
63.596	0.021611	0	0
63.630	0.022019	0	0
63.663	0.022268	0	0
63.696	0.022239	0	0
63.730	0.022519	0	0
63.763	0.025323	0	0
63.797	0.027937	0	0
63.830	0.031216	0	0
63.863	0.034534	0	0
63.897	0.037345	0	0
63.930	0.037630	0	0
63.963	0.038073	0	0
63.997	0.037712	0	0
64.030	0.036521	0	0
64.064	0.034693	0	0
64.097	0.032347	0	0
64.130	0.029551	1	0
64.164	0.027107	1	0
64.197	0.025317	1	0
64.230	0.024436	0	0
64.264	0.024032	0	0
64.297	0.024081	0	0
64.330	0.026814	0	0
64.364	0.029782	0	0
64.397	0.033008	0	0
64.431	0.036164	0	0
64.464	0.038938	0	0
64.497	0.039040	0	0
64.531	0.039596	0	0
64.564	0.039230	0	0
64.597	0.037881	0	0
64.631	0.036166	0	0
64.664	0.034088	0	0
64.697	0.030739	1	0
64.731	0.027978	1	0
64.764	0.026360	1	0
64.798	0.024983	1	0
64.831	0.023958	0	0
64.864	0.023615	0	0
64.898	0.023461	0	0
64.931	0.023251	0	0
64.964	0.022981	0	0
64.998	0.022982	0	0
65.031	0.022927	0	0
65.065	0.022749	0	0
65.098	0.022493	0	0
65.131	0.022512	0	0
65.165	0.022475	0	0
65.198	0.022409	0	0
65.231	0.022357	0	0
65.265	0.022351	0	0
65.298	0.022403	0	0
65.331	0.022365	0	0
65.365	0.022388	0	0
65.398	0.022575	0	0
65.432	0.024705	0	0
65.465	0.027588	0	0
65.498	0.030397	0	0
65.532	0.033342	0	0
65.565	0.036109	0	0
65.598	0.036642	0	0
65.632	0.035427	0	0
65.665	0.033811	0	0
65.698	0.031713	1	0
65.732	0.029223	1	0
65.765	0.027071	1	0
65.799	0.025369	1	0
65.832	0.024162	0	0
65.865	0.022198	0	0
65.899	0.019865	0	0
65.932	0.017881	0	0
65.965	0.016438	0	0
65.999	0.015126	0	0
66.032	0.014415	0	0
66.066	0.014134	0	0
66.099	0.013818	0	0
66.132	0.012844	0	0
66.166	0.012005	0	0
66.199	0.011542	0	0
66.232	0.011006	0	0
66.266	0.010562	0	0
66.299	0.010351	0	0
66.332	0.009983	0	0
66.366	0.010474	0	0
66.399	0.010478	0	0
66.433	0.010301	0	0
66.466	0.010107	0	0
66.499	0.009879	0	0
66.533	0.009202	0	0
66.566	0.009356	0	0
66.599	0.009007	0	0
66.633	0.009841	0	0
66.666	0.010160	0	0
66.699	0.010115	0	0
66.733	0.010371	0	0
66.766	0.010540	0	0
66.800	0.009844	0	0
66.833	0.009610	0	0
66.866	0.009522	0	0
66.900	0.009142	0	0
66.933	0.009490	0	0
66.966	0.009467	0	0
67.000	0.009310	0	0
67.033	0.009471	0	0
67.067	0.009499	0	0
67.100	0.009097	0	0
67.133	0.008964	0	0
67.167	0.008996	0	0
67.200	0.009041	0	0
67.233	0.009239	0	0
67.267	0.009386	0	0
67.300	0.009958	0	0
67.333	0.010213	0	0
67.367	0.009902	0	0
67.400	0.009544	0	0
67.434	0.009381	0	0
67.467	0.008705	0	0
67.500	0.008573	0	0
67.534	0.009109	0	0
67.567	0.009236	0	0
67.600	0.009285	0	0
67.634	0.009562	0	0
67.667	0.009919	0	0
67.700	0.010095	0	0
67.734	0.010130	0	0
67.767	0.010235	0	0
67.801	0.010150	0	0
67.834	0.009644	0	0
67.867	0.009125	0	0
67.901	0.009477	0	0
67.934	0.008944	0	0
67.967	0.009647	0	0
68.001	0.009647	0	0
68.034	0.009697	0	0
68.068	0.009229	0	0
68.101	0.009823	0	0
68.134	0.009344	0	0
68.168	0.009571	0	0
68.201	0.009998	0	0
68.234	0.010111	0	0
68.268	0.009981	0	0
68.301	0.010447	0	0
68.334	0.010616	0	0
68.368	0.010504	0	0
68.401	0.010736	0	0
68.435	0.010984	0	0
68.468	0.010479	0	0
68.501	0.010268	0	0
68.535	0.009471	0	0
68.568	0.009318	0	0
68.601	0.008993	0	0
68.635	0.009167	0	0
68.668	0.009285	0	0
68.701	0.009643	0	0
68.735	0.009542	0	0
68.768	0.010109	0	0
68.802	0.011669	0	0
68.835	0.013681	0	0
68.868	0.015603	0	0
68.902	0.017523	0	0
68.935	0.018995	0	0
68.968	0.019239	0	0
69.002	0.019729	0	0
69.035	0.020935	0	0
69.069	0.022267	0	0
69.102	0.023867	0	0
69.135	0.026835	0	0
69.169	0.030010	0	0
69.202	0.032471	0	0
69.235	0.034822	0	0
69.269	0.037198	0	0
69.302	0.037602	0	0
69.335	0.037000	0	0
69.369	0.035684	0	0
69.402	0.033557	0	0
69.436	0.030530	1	0
69.469	0.028083	1	0
69.502	0.025941	1	0
69.536	0.024571	1	0
69.569	0.024119	0	0
69.602	0.024018	0	0
69.636	0.023494	0	0
69.669	0.023058	0	0
69.702	0.022784	0	0
69.736	0.022564	0	0
69.769	0.022446	0	0
69.803	0.022742	0	0
69.836	0.022904	0	0
69.869	0.022980	0	0
69.903	0.022834	0	0
69.936	0.022964	0	0
69.969	0.022708	0	0
70.003	0.022453	0	0
70.036	0.022239	0	0
70.070	0.022258	0	0
70.103	0.022026	0	0
70.136	0.022300	0	0
70.170	0.022504	0	0
70.203	0.022615	0	0
70.236	0.022789	0	0
70.270	0.022757	0	0
70.303	0.022611	0	0
70.336	0.022663	0	0
70.370	0.022587	0	0
70.403	0.022469	0	0
70.437	0.022685	0	0
70.470	0.022716	0	0
70.503	0.022500	0	0
70.537	0.022675	0	0
70.570	0.022794	0	0
70.603	0.022823	0	0
70.637	0.022945	0	0
70.670	0.023166	0	0
70.703	0.023313	0	0
70.737	0.023264	0	0
70.770	0.023485	0	0
70.804	0.023722	0	0
70.837	0.023907	0	0
70.870	0.024107	0	0
70.904	0.024206	0	0
70.937	0.024085	0	0
70.970	0.023901	0	0
71.004	0.023905	0	0
71.037	0.023679	0	0
71.071	0.023424	0	0
71.104	0.023114	0	0
71.137	0.022778	0	0
71.171	0.022428	0	0
71.204	0.022404	0	0
71.237	0.022660	0	0
71.271	0.023005	0	0
71.304	0.023322	0	0
71.337	0.023656	0	0
71.371	0.023796	0	0
71.404	0.025337	0	0
71.438	0.027836	0	0
71.471	0.030384	0	0
71.504	0.032817	0	0
71.538	0.035625	0	0
71.571	0.036487	0	0
71.604	0.036345	0	0
71.638	0.035946	1	0
71.671	0.035451	1	0
71.704	0.034555	1	0
71.738	0.034445	1	0
71.771	0.034736	1	0
71.805	0.035578	0	0
71.838	0.036752	0	0
71.871	0.037938	0	0
71.905	0.038793	0	0
71.938	0.039776	1	0
71.971	0.040645	1	0
72.005	0.041049	1	0
72.038	0.041816	1	0
72.072	0.042238	1	0
72.105	0.042132	1	0
72.138	0.042065	1	0
72.172	0.041895	0	0
72.205	0.041507	0	0
72.238	0.041423	0	0
72.272	0.041105	0	0
72.305	0.040411	0	0
72.338	0.040391	0	0
72.372	0.040363	0	0
72.405	0.040586	0	0
72.439	0.040769	0	0
72.472	0.041644	0	0
72.505	0.041895	0	0
72.539	0.041971	0	0
72.572	0.042012	0	0
72.605	0.042431	0	0
72.639	0.042534	0	0
72.672	0.042729	0	0
72.705	0.042947	0	0
72.739	0.042722	0	0
72.772	0.042230	0	0
72.806	0.041493	0	0
72.839	0.040760	0	0
72.872	0.040254	0	0
72.906	0.040032	0	0
72.939	0.039872	0	0
72.972	0.039814	0	0
73.006	0.039601	0	0
73.039	0.039549	0	0
73.073	0.038608	0	0
73.106	0.035898	0	0
73.139	0.032255	0	0
73.173	0.028831	1	0
73.206	0.025314	1	0
73.239	0.022495	0	0
73.273	0.021745	0	0
73.306	0.021762	0	0
73.339	0.021741	0	0
73.373	0.022438	0	0
73.406	0.025519	0	0
73.440	0.028843	0	0
73.473	0.031591	0	0
73.506	0.034155	0	0
73.540	0.035369	0	0
73.573	0.033928	0	0
73.606	0.031686	0	0
73.640	0.029758	1	0
73.673	0.028047	1	0
73.706	0.026598	1	0
73.740	0.025299	1	0
73.773	0.024597	1	0
73.807	0.024364	0	0
73.840	0.024300	0	0
73.873	0.024465	0	0
73.907	0.024839	1	0
73.940	0.025086	1	0
73.973	0.025085	1	0
74.007	0.025071	1	0
74.040	0.025070	1	0
74.074	0.025229	1	0
74.107	0.024925	1	0
74.140	0.024687	1	0
74.174	0.024284	0	0
74.207	0.023680	0	0
74.240	0.023130	0	0
74.274	0.023009	0	0
74.307	0.022873	0	0
74.340	0.021682	0	0
74.374	0.020000	0	0
74.407	0.017719	0	0
74.441	0.015646	0	0
74.474	0.013452	0	0
74.507	0.012211	0	0
74.541	0.012078	0	0
74.574	0.012151	0	0
74.607	0.012248	0	0
74.641	0.011962	0	0
74.674	0.012306	0	0
74.707	0.011620	0	0
74.741	0.011735	0	0
74.774	0.011236	0	0
74.808	0.011449	0	0
74.841	0.012014	0	0
74.874	0.012250	0	0
74.908	0.012218	0	0
74.941	0.012403	0	0
74.974	0.012514	0	0
75.008	0.011237	0	0
75.041	0.010958	0	0
75.075	0.010132	0	0
75.108	0.009904	0	0
75.141	0.009138	0	0
75.175	0.009457	0	0
75.208	0.009229	0	0
75.241	0.009668	0	0
75.275	0.009602	0	0
75.308	0.009596	0	0
75.341	0.009301	0	0
75.375	0.009521	0	0
75.408	0.009742	0	0
75.442	0.009678	0	0
75.475	0.009764	0	0
75.508	0.009405	0	0
75.542	0.009738	0	0
75.575	0.009564	0	0
75.608	0.009777	0	0
75.642	0.009957	0	0
75.675	0.010459	0	0
75.708	0.010142	0	0
75.742	0.009957	0	0
75.775	0.009744	0	0
75.809	0.009719	0	0
75.842	0.009857	0	0
75.875	0.010152	0	0
75.909	0.009841	0	0
75.942	0.009607	0	0
75.975	0.009107	0	0
76.009	0.008676	0	0
76.042	0.008580	0	0
76.076	0.008740	0	0
76.109	0.009182	0	0
76.142	0.010291	0	0
76.176	0.010647	0	0
76.209	0.010864	0	0
76.242	0.010889	0	0
76.276	0.010865	0	0
76.309	0.010251	0	0
76.342	0.010384	0	0
76.376	0.010275	0	0
76.409	0.010413	0	0
76.443	0.010916	0	0
76.476	0.011103	0	0
76.509	0.011289	0	0
76.543	0.010980	0	0
76.576	0.011437	0	0
76.609	0.010640	0	0
76.643	0.010427	0	0
76.676	0.010434	0	0
76.709	0.010451	0	0
76.743	0.010389	0	0
76.776	0.011254	0	0
76.810	0.012960	0	0
76.843	0.014409	0	0
76.876	0.016270	0	0
76.910	0.017739	0	0
76.943	0.018998	0	0
76.976	0.019238	0	0
77.010	0.019018	0	0
77.043	0.019056	0	0
77.077	0.019131	0	0
77.110	0.018812	0	0
77.143	0.018485	0	0
77.177	0.018572	0	0
77.210	0.018492	0	0
77.243	0.018234	0	0
77.277	0.018229	0	0
77.310	0.018474	0	0
77.343	0.018498	0	0
77.377	0.018405	0	0
77.410	0.018355	0	0
77.444	0.018429	0	0
77.477	0.018305	0	0
77.510	0.018078	0	0
77.544	0.018267	0	0
77.577	0.018533	0	0
77.610	0.021659	0	0
77.644	0.025030	0	0
77.677	0.027989	0	0
77.710	0.029297	0	0
77.744	0.029898	0	0
77.777	0.027472	1	0
77.811	0.025262	1	0
77.844	0.025576	1	0
77.877	0.027147	0	0
77.911	0.028369	0	0
77.944	0.028977	0	0
77.977	0.028394	0	0
78.011	0.025354	1	0
78.044	0.021838	0	0
78.078	0.019968	0	0
78.111	0.018172	0	0
78.144	0.017759	0	0
78.178	0.017654	0	0
78.211	0.018218	0	0
78.244	0.017964	0	0
78.278	0.018040	0	0
78.311	0.017504	0	0
78.344	0.017353	0	0
78.378	0.017069	0	0
78.411	0.017039	0	0
78.445	0.017397	0	0
78.478	0.020779	0	0
78.511	0.023846	0	0
78.545	0.026987	0	0
78.578	0.030233	0	0
78.611	0.033282	0	0
78.645	0.033264	0	0
78.678	0.033134	0	0
78.711	0.032232	0	0
78.745	0.030752	0	0
78.778	0.028422	1	0
78.812	0.026181	1	0
78.845	0.023914	0	0
78.878	0.022120	0	0
78.912	0.020412	0	0
78.945	0.019951	0	0
78.978	0.019470	0	0
79.012	0.018855	0	0
79.045	0.018493	0	0
79.079	0.018544	0	0
79.112	0.018068	0	0
79.145	0.017947	0	0
79.179	0.018201	0	0
79.212	0.018048	0	0
79.245	0.017808	0	0
79.279	0.017927	0	0
79.312	0.017456	0	0
79.345	0.017333	0	0
79.379	0.017409	0	0
79.412	0.017798	0	0
79.446	0.017694	0	0
79.479	0.017636	0	0
79.512	0.017675	0	0
79.546	0.017711	0	0
79.579	0.017576	0	0
79.612	0.017712	0	0
79.646	0.018713	0	0
79.679	0.021031	0	0
79.712	0.024360	0	0
79.746	0.027281	0	0
79.779	0.030243	0	0
79.813	0.032072	0	0
79.846	0.031399	0	0
79.879	0.029231	0	0
79.913	0.026630	0	0
79.946	0.024087	0	0
79.979	0.021924	0	0
80.013	0.020322	0	0
80.046	0.019365	0	0
80.080	0.018918	0	0
80.113	0.018432	0	0
80.146	0.018287	0	0
80.180	0.018372	0	0
80.213	0.018260	0	0
80.246	0.018477	0	0
80.280	0.018041	0	0
80.313	0.017787	0	0
80.346	0.017385	0	0
80.380	0.016211	0	0
80.413	0.014799	0	0
80.447	0.014054	0	0
80.480	0.012988	0	0
80.513	0.011833	0	0
80.547	0.011719	0	0
80.580	0.011529	0	0
80.613	0.011698	0	0
80.647	0.011732	0	0
80.680	0.011985	0	0
80.713	0.011943	0	0
80.747	0.012157	0	0
80.780	0.012081	0	0
80.814	0.012020	0	0
80.847	0.012208	0	0
80.880	0.012594	0	0
80.914	0.012504	0	0
80.947	0.012017	0	0
80.980	0.011722	0	0
81.014	0.011522	0	0
81.047	0.011159	0	0
81.081	0.011412	0	0
81.114	0.011689	0	0
81.147	0.011963	0	0
81.181	0.011909	0	0
81.214	0.012103	0	0
81.247	0.011917	0	0
81.281	0.011754	0	0
81.314	0.011538	0	0
81.347	0.011796	0	0
81.381	0.011875	0	0
81.414	0.015068	0	0
81.448	0.018997	0	1
81.481	0.023097	0	1
81.514	0.025657	0	0
81.548	0.027109	0	0
81.581	0.025023	0	0
81.614	0.021589	0	0
81.648	0.017971	0	0
81.681	0.015509	0	0
81.714	0.014137	0	0
81.748	0.013696	0	0
81.781	0.013520	0	0
81.815	0.013618	0	0
81.848	0.013515	0	0
81.881	0.013366	0	0
81.915	0.012662	0	0
81.948	0.012448	0	0
81.981	0.012432	0	0
82.015	0.013792	0	0
82.048	0.015038	0	0
82.082	0.016590	0	0
82.115	0.018184	0	0
82.148	0.019444	0	0
82.182	0.019395	0	0
82.215	0.019638	0	0
82.248	0.019757	0	0
82.282	0.019703	0	0
82.315	0.019345	0	0
82.348	0.019347	0	0
82.382	0.019253	0	0
82.415	0.018868	0	0
82.449	0.019179	0	0
82.482	0.019600	0	0
82.515	0.019332	0	0
82.549	0.019241	0	0
82.582	0.019712	0	0
82.615	0.019427	0	0
82.649	0.019074	0	0
82.682	0.019106	0	0
82.715	0.019233	0	0
82.749	0.019204	0	0
82.782	0.019078	0	0
82.816	0.019078	0	0
82.849	0.019260	0	0
82.882	0.018860	0	0
82.916	0.018099	0	0
82.949	0.018076	0	0
82.982	0.017696	0	0
83.016	0.017164	0	0
83.049	0.017044	0	0
83.083	0.017066	0	0
83.116	0.016702	0	0
83.149	0.016841	0	0
83.183	0.017035	0	0
83.216	0.016539	0	0
83.249	0.016678	0	0
83.283	0.016628	0	0
83.316	0.016206	0	0
83.349	0.016129	0	0
83.383	0.016775	0	0
83.416	0.016878	0	0
83.450	0.017049	0	0
83.483	0.017337	0	0
83.516	0.016916	0	0
83.550	0.016727	0	0
83.583	0.016830	0	0
83.616	0.017049	0	0
83.650	0.017177	0	0
83.683	0.017271	0	0
83.716	0.016911	0	0
83.750	0.016765	0	0
83.783	0.016424	0	0
83.817	0.015965	0	0
83.850	0.016216	0	0
83.883	0.016411	0	0
83.917	0.016050	0	0
83.950	0.016146	0	0
83.983	0.016455	0	0
84.017	0.016262	0	0
84.050	0.016462	0	0
84.084	0.016798	0	0
84.117	0.016867	0	0
84.150	0.016894	0	0
84.184	0.017233	0	0
84.217	0.017488	0	0
84.250	0.017547	0	0
84.284	0.017611	0	0
84.317	0.017908	0	0
84.350	0.017666	0	0
84.384	0.017598	0	0
84.417	0.017326	0	0
84.451	0.017097	0	0
84.484	0.016678	0	0
84.517	0.016185	0	0
84.551	0.015919	0	0
84.584	0.015851	0	0
84.617	0.015729	0	0
84.651	0.015775	0	0
84.684	0.016214	0	0
84.717	0.016047	0	0
84.751	0.016363	0	0
84.784	0.016521	0	0
84.818	0.016365	0	0
84.851	0.016194	0	0
84.884	0.016536	0	0
84.918	0.016232	0	0
84.951	0.016450	0	0
84.984	0.016680	0	0
85.018	0.016768	0	0
85.051	0.016506	0	0
85.085	0.016709	0	0
85.118	0.016575	0	0
85.151	0.016384	0	0
85.185	0.016545	0	0
85.218	0.016628	0	0
85.251	0.016579	0	0
85.285	0.016691	0	0
85.318	0.016662	0	0
85.351	0.016535	0	0
85.385	0.016476	0	0
85.418	0.016450	0	0
85.452	0.016453	0	0
85.485	0.016729	0	0
85.518	0.016673	0	0
85.552	0.016873	0	0
85.585	0.017162	0	0
85.618	0.016759	0	0
85.652	0.016777	0	0
85.685	0.016822	0	0
85.718	0.016571	0	0
85.752	0.016695	0	0
85.785	0.016727	0	0
85.819	0.016469	0	0
85.852	0.016850	0	0
85.885	0.017889	0	0
85.919	0.020492	0	0
85.952	0.024141	0	0
85.985	0.027484	0	0
86.019	0.029834	0	0
86.052	0.030751	0	0
86.086	0.028786	0	0
86.119	0.025988	0	0
86.152	0.023514	0	0
86.186	0.021185	0	0
86.219	0.019731	0	0
86.252	0.018946	0	0
86.286	0.018758	0	0
86.319	0.018631	0	0
86.352	0.019073	0	0
86.386	0.018748	0	0
86.419	0.018800	0	0
86.453	0.018628	0	0
86.486	0.018606	0	0
86.519	0.018292	0	0
86.553	0.018686	0	0
86.586	0.018880	0	0
86.619	0.018880	0	0
86.653	0.018912	0	0
86.686	0.018970	0	0
86.719	0.018832	0	0
86.753	0.018444	0	0
86.786	0.018443	0	0
86.820	0.018221	0	0
86.853	0.018017	0	0
86.886	0.018113	0	0
86.920	0.018241	0	0
86.953	0.018350	0	0
86.986	0.018380	0	0
87.020	0.018430	0	0
87.053	0.018205	0	0
87.087	0.018063	0	0
87.120	0.018111	0	0
87.153	0.017823	0	0
87.187	0.017572	0	0
87.220	0.017382	0	0
87.253	0.017566	0	0
87.287	0.017172	0	0
87.320	0.017072	0	0
87.353	0.016863	0	0
87.387	0.017104	0	0
87.420	0.016660	0	0
87.454	0.016620	0	0
87.487	0.016585	0	0
87.520	0.016677	0	0
87.554	0.016622	0	0
87.587	0.016797	0	0
87.620	0.016856	0	0
87.654	0.016876	0	0
87.687	0.016765	0	0
87.720	0.016447	0	0
87.754	0.016627	0	0
87.787	0.016810	0	0
87.821	0.016805	0	0
87.854	0.017356	0	0
87.887	0.017662	0	0
87.921	0.017832	0	0
87.954	0.017807	0	0
87.987	0.018204	0	0
88.021	0.017909	0	0
88.054	0.017937	0	0
88.088	0.017818	0	0
88.121	0.017629	0	0
88.154	0.017531	0	0
88.188	0.017671	0	0
88.221	0.017242	0	0
88.254	0.016800	0	0
88.288	0.016644	0	0
88.321	0.016400	0	0
88.354	0.016607	0	0
88.388	0.017036	0	0
88.421	0.017102	0	0
88.455	0.017586	0	0
88.488	0.017845	0	0
88.521	0.017350	0	0
88.555	0.018652	0	0
88.588	0.022033	0	0
88.621	0.024865	0	0
88.655	0.028064	0	0
88.688	0.030440	0	0
88.721	0.030570	0	0
88.755	0.027777	0	0
88.788	0.025088	0	0
88.822	0.021856	0	0
88.855	0.020050	0	0
88.888	0.018703	0	0
88.922	0.018358	0	0
88.955	0.018167	0	0
88.988	0.018357	0	0
89.022	0.018155	0	0
89.055	0.018152	0	0
89.089	0.018346	0	0
89.122	0.017887	0	0
89.155	0.017683	0	0
89.189	0.017680	0	0
89.222	0.017435	0	0
89.255	0.017510	0	0
89.289	0.018012	0	0
89.322	0.017774	0	0
89.355	0.017635	0	0
89.389	0.017738	0	0
89.422	0.017690	0	0
89.456	0.017798	0	0
89.489	0.018255	0	0
89.522	0.018252	0	0
89.556	0.018384	0	0
89.589	0.018814	0	0
89.622	0.019285	0	0
89.656	0.020298	0	0
89.689	0.021208	0	0
89.722	0.022241	0	0
89.756	0.022718	0	0
89.789	0.022840	0	0
89.823	0.022603	0	0
89.856	0.022970	0	0
89.889	0.022807	0	0
89.923	0.022578	0	0
89.956	0.022750	0	0
89.989	0.022727	0	0
90.023	0.022392	0	0
90.056	0.022436	0	0
90.090	0.022599	0	0
90.123	0.022578	0	0
90.156	0.021953	0	0
90.190	0.021234	0	0
90.223	0.020739	0	0
90.256	0.020274	0	0
90.290	0.019770	0	0
90.323	0.019626	0	0
90.356	0.019694	0	0
90.390	0.019538	0	0
90.423	0.018997	0	0
90.457	0.018371	0	0
90.490	0.018264	0	0
90.523	0.018154	0	0
90.557	0.017896	0	0
90.590	0.018038	0	0
90.623	0.018153	0	0
90.657	0.018283	0	0
90.690	0.018248	0	0
90.723	0.018285	0	0
90.757	0.018216	0	0
90.790	0.018288	0	0
90.824	0.018169	0	0
90.857	0.018366	0	0
90.890	0.018248	0	0
90.924	0.018298	0	0
90.957	0.018258	0	0
90.990	0.018182	0	0
91.024	0.017797	0	0
91.057	0.017682	0	0
91.091	0.017695	0	0
91.124	0.017459	0	0
91.157	0.017598	0	0
91.191	0.017933	0	0
91.224	0.018072	0	0
91.257	0.018130	0	0
91.291	0.018153	0	0
91.324	0.018167	0	0
91.357	0.017794	0	0
91.391	0.018140	0	0
91.424	0.017910	0	0
91.458	0.018007	0	0
91.491	0.017429	0	0
91.524	0.017296	0	0
91.558	0.016865	0	0
91.591	0.017075	0	0
91.624	0.017166	0	0
91.658	0.017779	0	0
91.691	0.018316	0	0
91.724	0.018567	0	0
91.758	0.018339	0	0
91.791	0.018454	0	0
91.825	0.018015	0	0
91.858	0.017687	0	0
91.891	0.017458	0	0
91.925	0.017474	0	0
91.958	0.017480	0	0
91.991	0.017928	0	0
92.025	0.017855	0	0
92.058	0.018239	0	0
92.092	0.020609	0	0
92.125	0.023647	0	0
92.158	0.026436	0	0
92.192	0.029778	0	0
92.225	0.032511	0	0
92.258	0.033116	0	0
92.292	0.032057	0	0
92.325	0.030306	0	0
92.358	0.028120	0	0
92.392	0.025777	0	0
92.425	0.023403	0	0
92.459	0.022047	0	0
92.492	0.021127	0	0
92.525	0.020552	0	0
92.559	0.019993	0	0
92.592	0.019863	0	0
92.625	0.019017	0	0
92.659	0.018904	0	0
92.692	0.018440	0	0
92.725	0.018348	0	0
92.759	0.018306	0	0
92.792	0.018516	0	0
92.826	0.018633	0	0
92.859	0.018824	0	0
92.892	0.019071	0	0
92.926	0.018831	0	0
92.959	0.018742	0	0
92.992	0.018673	0	0
93.026	0.018350	0	0
93.059	0.018116	0	0
93.093	0.017970	0	0
93.126	0.018032	0	0
93.159	0.018028	0	0
93.193	0.018173	0	0
93.226	0.018153	0	0
93.259	0.018438	0	0
93.293	0.018456	0	0
93.326	0.018296	0	0
93.359	0.018491	0	0
93.393	0.018332	0	0
93.426	0.018239	0	0
93.460	0.018270	0	0
93.493	0.018652	0	0
93.526	0.018470	0	0
93.560	0.018652	0	0
93.593	0.018587	0	0
93.626	0.018672	0	0
93.660	0.018093	0	0
93.693	0.018023	0	0
93.726	0.017800	0	0
93.760	0.017613	0	0
93.793	0.017628	0	0
93.827	0.017432	0	0
93.860	0.017032	0	0
93.893	0.017194	0	0
93.927	0.017378	0	0
93.960	0.017300	0	0
93.993	0.017496	0	0
94.027	0.017654	0	0
94.060	0.017413	0	0
94.094	0.017085	0	0
94.127	0.016843	0	0
94.160	0.016497	0	0
94.194	0.016641	0	0
94.227	0.016891	0	0
94.260	0.017256	0	0
94.294	0.017250	0	0
94.327	0.017635	0	0
94.360	0.017793	0	0
94.394	0.017782	0	0
94.427	0.017766	0	0
94.461	0.017940	0	0
94.494	0.017998	0	0
94.527	0.017766	0	0
94.561	0.017732	0	0
94.594	0.017490	0	0
94.627	0.017354	0	0
94.661	0.017216	0	0
94.694	0.017306	0	0
94.727	0.017266	0	0
94.761	0.017278	0	0
94.794	0.017253	0	0
94.828	0.017913	0	0
94.861	0.018643	0	0
94.894	0.019465	0	0
94.928	0.020397	0	0
94.961	0.021176	0	0
94.994	0.021207	0	0
95.028	0.021678	0	0
95.061	0.022324	0	0
95.095	0.022957	0	0
95.128	0.023718	0	0
95.161	0.024637	1	0
95.195	0.024978	1	0
95.228	0.024955	1	0
95.261	0.025040	1	0
95.295	0.025371	1	0
95.328	0.024925	1	0
95.361	0.023850	0	0
95.395	0.022623	0	0
95.428	0.021236	0	0
95.462	0.019903	0	0
95.495	0.018968	0	0
95.528	0.018720	0	0
95.562	0.018850	0	0
95.595	0.018900	0	0
95.628	0.018405	0	0
95.662	0.018797	0	0
95.695	0.018857	0	0
95.728	0.018998	0	0
95.762	0.019189	0	0
95.795	0.019274	0	0
95.829	0.018937	0	0
95.862	0.018935	0	0
95.895	0.018768	0	0
95.929	0.018622	0	0
95.962	0.018660	0	0
95.995	0.018819	0	0
96.029	0.018672	0	0
96.062	0.018633	0	0
96.096	0.018534	0	0
96.129	0.018724	0	0
96.162	0.018703	0	0
96.196	0.018739	0	0
96.229	0.018589	0	0
96.262	0.018741	0	0
96.296	0.018535	0	0
96.329	0.018318	0	0
96.362	0.019703	0	0
96.396	0.022852	0	0
96.429	0.025939	0	0
96.463	0.029149	0	0
96.496	0.032048	0	0
96.529	0.032906	0	0
96.563	0.030929	0	0
96.596	0.028519	0	0
96.629	0.025389	1	0
96.663	0.022442	0	0
96.696	0.020353	0	0
96.729	0.019000	0	0
96.763	0.018072	0	0
96.796	0.017876	0	0
96.830	0.017831	0	0
96.863	0.017768	0	0
96.896	0.017814	0	0
96.930	0.017829	0	0
96.963	0.018235	0	0
96.996	0.018387	0	0
97.030	0.018165	0	0
97.063	0.018219	0	0
97.097	0.017945	0	0
97.130	0.017343	0	0
97.163	0.017263	0	0
97.197	0.017155	0	0
97.230	0.016993	0	0
97.263	0.017471	0	0
97.297	0.017532	0	0
97.330	0.017349	0	0
97.363	0.017737	0	0
97.397	0.017942	0	0
97.430	0.017617	0	0
97.464	0.018051	0	0
97.497	0.018269	0	0
97.530	0.018307	0	0
97.564	0.018414	0	0
97.597	0.018537	0	0
97.630	0.018471	0	0
97.664	0.018443	0	0
97.697	0.018437	0	0
97.730	0.018432	0	0
97.764	0.018438	0	0
97.797	0.018155	0	0
97.831	0.017890	0	0
97.864	0.017608	0	0
97.897	0.017280	0	0
97.931	0.016926	0	0
97.964	0.017003	0	0
97.997	0.017330	0	0
98.031	0.017511	0	0
98.064	0.017784	0	0
98.098	0.017872	0	0
98.131	0.017566	0	0
98.164	0.017448	0	0
98.198	0.017163	0	0
98.231	0.017151	0	0
98.264	0.017507	0	0
98.298	0.020173	0	0
98.331	0.023458	0	0
98.364	0.026799	0	0
98.398	0.029620	0	0
98.431	0.031459	0	0
98.465	0.029835	0	0
98.498	0.027257	1	0
98.531	0.024592	1	0
98.565	0.023959	0	0
98.598	0.025158	0	0
98.631	0.027752	0	0
98.665	0.030160	0	0
98.698	0.032535	0	0
98.731	0.032589	0	0
98.765	0.031092	0	0
98.798	0.028785	1	0
98.832	0.026357	1	0
98.865	0.023915	0	0
98.898	0.022288	0	0
98.932	0.021267	0	0
98.965	0.020874	0	0
98.998	0.020767	0	0
99.032	0.020770	0	0
99.065	0.021195	0	0
99.099	0.023069	0	0
99.132	0.026598	1	0
99.165	0.030783	1	0
99.199	0.035150	1	0
99.232	0.038785	1	0
99.265	0.041132	1	0
99.299	0.041421	1	0
99.332	0.041140	1	0
99.365	0.040824	1	0
99.399	0.040826	1	0
99.432	0.040577	1	0
99.466	0.040857	0	0
99.499	0.040977	0	0
99.532	0.040918	0	0
99.566	0.040682	0	0
99.599	0.040498	0	0
99.632	0.039929	0	0
99.666	0.039312	0	0
99.699	0.038926	0	0
99.732	0.038370	0	0
99.766	0.038158	0	0
99.799	0.038222	0	0
99.833	0.038306	0	0
99.866	0.038708	0	0
99.899	0.038985	0	0
99.933	0.039519	0	0
99.966	0.039407	0	0
99.999	0.038955	0	0
100.033	0.038119	0	0
100.066	0.037658	0	0
100.100	0.036497	1	0
100.133	0.035924	1	0
100.166	0.035749	1	0
100.200	0.035797	1	0
100.233	0.035374	1	0
100.266	0.035065	1	0
100.300	0.035045	0	0
100.333	0.034845	0	0
100.366	0.034368	0	0
100.400	0.034544	0	0
100.433	0.034276	0	0
100.467	0.032855	0	0
100.500	0.030824	0	0
100.533	0.028511	1	0
100.567	0.025422	1	0
100.600	0.023281	0	0
100.633	0.021815	0	0
100.667	0.021051	0	0
100.700	0.020472	0	0
100.733	0.020515	0	0
100.767	0.020134	0	0
100.800	0.020145	0	0
100.834	0.020159	0	0
100.867	0.020106	0	0
100.900	0.020068	0	0
100.934	0.020144	0	0
100.967	0.019937	0	0
101.000	0.019677	0	0
101.034	0.019510	0	0
101.067	0.019633	0	0
101.101	0.019509	0	0
101.134	0.019530	0	0
101.167	0.019452	0	0
101.201	0.019660	0	0
101.234	0.019321	0	0
101.267	0.019124	0	0
101.301	0.019086	0	0
101.334	0.019478	0	0
101.367	0.019593	0	0
101.401	0.019656	0	0
101.434	0.019874	0	0
101.468	0.019962	0	0
101.501	0.019996	0	0
101.534	0.020150	0	0
101.568	0.020456	0	0
101.601	0.020383	0	0
101.634	0.020201	0	0
101.668	0.020445	0	0
101.701	0.020388	0	0
101.734	0.020152	0	0
101.768	0.020366	0	0
101.801	0.020606	0	0
101.835	0.020006	0	0
101.868	0.020017	0	0
101.901	0.019946	0	0
101.935	0.019639	0	0
101.968	0.018907	0	0
102.001	0.017860	0	0
102.035	0.016565	0	0
102.068	0.015344	0	0
102.102	0.014035	0	0
102.135	0.013000	0	0
102.168	0.012655	0	0
102.202	0.012445	0	0
102.235	0.012175	0	0
102.268	0.012281	0	0
102.302	0.012376	0	0
102.335	0.012202	0	0
102.368	0.011974	0	0
102.402	0.012359	0	0
102.435	0.012071	0	0
102.469	0.012138	0	0
102.502	0.012550	0	0
102.535	0.012377	0	0
102.569	0.012264	0	0
102.602	0.012641	0	0
102.635	0.014864	0	0
102.669	0.018346	0	0
102.702	0.022360	0	0
102.735	0.025926	0	0
102.769	0.029315	0	0
102.802	0.030770	0	0
102.836	0.030266	0	0
102.869	0.029169	0	0
102.902	0.027392	0	0
102.936	0.024990	0	0
102.969	0.022315	0	0
103.002	0.019848	0	0
103.036	0.017723	0	0
103.069	0.016605	0	0
103.103	0.015578	0	0
103.136	0.014961	0	0
103.169	0.014915	0	0
103.203	0.017505	0	0
103.236	0.021079	0	0
103.269	0.025269	0	0
103.303	0.029458	0	0
103.336	0.033410	0	0
103.369	0.034946	0	0
103.403	0.034930	0	0
103.436	0.035145	0	0
103.470	0.034577	0	0
103.503	0.033412	0	0
103.536	0.031355	0	0
103.570	0.028548	0	0
103.603	0.025721	0	0
103.636	0.022901	0	0
103.670	0.020675	0	0
103.703	0.019139	0	0
103.736	0.018788	0	0
103.770	0.018174	0	0
103.803	0.018373	0	0
103.837	0.018292	0	0
103.870	0.018151	0	0
103.903	0.017941	0	0
103.937	0.017723	0	0
103.970	0.017416	0	0
104.003	0.017582	0	0
104.037	0.017502	0	0
104.070	0.017608	0	0
104.104	0.017744	0	0
104.137	0.017961	0	0
104.170	0.017979	0	0
104.204	0.018172	0	0
104.237	0.018311	0	0
104.270	0.018694	0	0
104.304	0.018708	0	0
104.337	0.018907	0	0
104.370	0.019600	0	0
104.404	0.019898	0	0
104.437	0.019823	0	0
104.471	0.020298	0	0
104.504	0.020372	0	0
104.537	0.020290	0	0
104.571	0.020470	0	0
104.604	0.020739	0	0
104.637	0.020581	0	0
104.671	0.020603	0	0
104.704	0.020728	0	0
104.737	0.020521	0	0
104.771	0.020408	0	0
104.804	0.020298	0	0
104.838	0.020159	0	0
104.871	0.020266	0	0
104.904	0.020494	0	0
104.938	0.020291	0	0
104.971	0.020130	0	0
105.004	0.020350	0	0
105.038	0.019740	0	0
105.071	0.019560	0	0
105.105	0.019818	0	0
105.138	0.020265	0	0
105.171	0.020045	0	0
105.205	0.020574	0	0
105.238	0.020475	0	0
105.271	0.020725	0	0
105.305	0.020668	0	0
105.338	0.020768	0	0
105.371	0.020573	0	0
105.405	0.020663	0	0
105.438	0.020443	0	0
105.472	0.020328	0	0
105.505	0.020593	0	0
105.538	0.021144	0	0
105.572	0.021764	0	0
105.605	0.022201	0	0
105.638	0.022549	0	0
105.672	0.022742	0	0
105.705	0.022876	0	0
105.738	0.023547	0	0
105.772	0.026158	0	0
105.805	0.028564	0	0
105.839	0.031256	0	0
105.872	0.033870	0	0
105.905	0.035965	0	0
105.939	0.035243	0	0
105.972	0.034121	0	0
106.005	0.032192	0	0
106.039	0.030031	1	0
106.072	0.027459	1	0
106.106	0.025833	1	0
106.139	0.024931	1	0
106.172	0.024540	1	0
106.206	0.024284	0	0
106.239	0.024582	0	0
106.272	0.026264	0	0
106.306	0.028253	0	0
106.339	0.030423	0	0
106.372	0.032496	0	0
106.406	0.033654	0	0
106.439	0.033227	0	0
106.473	0.031883	1	0
106.506	0.029777	1	0
106.539	0.027692	1	0
106.573	0.026275	1	0
106.606	0.025018	1	0
106.639	0.024442	0	0
106.673	0.024486	0	0
106.706	0.024398	0	0
106.739	0.024193	0	0
106.773	0.024003	0	0
106.806	0.023801	0	0
106.840	0.023510	0	0
106.873	0.023403	0	0
106.906	0.023391	0	0
106.940	0.023223	0	0
106.973	0.023367	0	0
107.006	0.023694	0	0
107.040	0.025281	0	0
107.073	0.027723	0	0
107.107	0.030418	0	0
107.140	0.032690	0	0
107.173	0.034711	0	0
107.207	0.034991	0	0
107.240	0.033764	0	0
107.273	0.032251	0	0
107.307	0.030430	1	0
107.340	0.028797	1	0
107.373	0.027204	1	0
107.407	0.026438	1	0
107.440	0.025718	1	0
107.474	0.025609	1	0
107.507	0.025327	1	0
107.540	0.025476	1	0
107.574	0.025453	1	0
107.607	0.025264	1	0
107.640	0.024757	1	0
107.674	0.024548	1	0
107.707	0.024201	0	0
107.740	0.023900	0	0
107.774	0.023878	0	0
107.807	0.022792	0	0
107.841	0.020822	0	0
107.874	0.018163	0	0
107.907	0.015699	0	0
107.941	0.012885	0	0
107.974	0.011568	0	0
108.007	0.010692	0	0
108.041	0.010918	0	0
108.074	0.010735	0	0
108.108	0.011300	0	0
108.141	0.011300	0	0
108.174	0.011774	0	0
108.208	0.011503	0	0
108.241	0.011765	0	0
108.274	0.011306	0	0
108.308	0.010893	0	0
108.341	0.010058	0	0
108.374	0.009882	0	0
108.408	0.009137	0	0
108.441	0.008931	0	0
108.475	0.009124	0	0
108.508	0.009898	0	0
108.541	0.012962	0	0
108.575	0.017249	0	1
108.608	0.021421	0	1
108.641	0.025459	0	0
108.675	0.029257	0	0
108.708	0.029446	0	0
108.741	0.027960	0	0
108.775	0.025547	0	0
108.808	0.022783	0	0
108.842	0.019205	0	0
108.875	0.016185	0	0
108.908	0.014173	0	0
108.942	0.012875	0	0
108.975	0.011653	0	0
109.008	0.011612	0	0
109.042	0.011514	0	0
109.075	0.011731	0	0
109.109	0.011321	0	0
109.142	0.011704	0	0
109.175	0.011637	0	0
109.209	0.011699	0	0
109.242	0.011225	0	0
109.275	0.011767	0	0
109.309	0.011456	0	0
109.342	0.010803	0	0
109.375	0.011032	0	0
109.409	0.010731	0	0
109.442	0.010636	0	0
109.476	0.010172	0	0
109.509	0.010318	0	0
109.542	0.009983	0	0
109.576	0.010387	0	0
109.609	0.009985	0	0
109.642	0.010114	0	0
109.676	0.010005	0	0
109.709	0.009551	0	0
109.742	0.009092	0	0
109.776	0.009287	0	0
109.809	0.009571	0	0
109.843	0.009566	0	0
109.876	0.010251	0	0
109.909	0.010282	0	0
109.943	0.009966	0	0
109.976	0.009940	0	0
110.009	0.009523	0	0
110.043	0.008867	0	0
110.076	0.008721	0	0
110.110	0.008942	0	0
110.143	0.008505	0	0
110.176	0.009127	0	0
110.210	0.009597	0	0
110.243	0.009688	0	0
110.276	0.009470	0	0
110.310	0.009808	0	0
110.343	0.009460	0	0
110.376	0.009284	0	0
110.410	0.009281	0	0
110.443	0.009230	0	0
110.477	0.009070	0	0
110.510	0.009589	0	0
110.543	0.009585	0	0
110.577	0.009810	0	0
110.610	0.010341	0	0
110.643	0.010328	0	0
110.677	0.009903	0	0
110.710	0.010268	0	0
110.743	0.010494	0	0
110.777	0.010250	0	0
110.810	0.010133	0	0
110.844	0.009899	0	0
110.877	0.011406	0	0
110.910	0.015491	0	0
110.944	0.020715	0	0
110.977	0.026328	1	0
111.010	0.031826	1	0
111.044	0.034852	1	0
111.077	0.035177	1	0
111.111	0.034733	1	0
111.144	0.034021	1	0
111.177	0.033735	1	0
111.211	0.033605	1	0
111.244	0.033440	1	0
111.277	0.033308	1	0
111.311	0.033154	1	0
111.344	0.033127	1	0
111.377	0.033320	1	0
111.411	0.033337	1	0
111.444	0.033059	1	0
111.478	0.032633	1	0
111.511	0.032245	1	0
111.544	0.031709	1	0
111.578	0.031705	1	0
111.611	0.031704	1	0
111.644	0.030792	1	0
111.678	0.028558	1	0
111.711	0.026549	1	0
111.744	0.024145	0	0
111.778	0.021716	0	0
111.811	0.020516	0	0
111.845	0.019918	0	0
111.878	0.020427	0	0
111.911	0.022554	0	0
111.945	0.025528	0	0
111.978	0.028316	0	0
112.011	0.031486	0	0
112.045	0.033208	0	0
112.078	0.033746	0	0
112.112	0.032948	0	0
112.145	0.031179	0	0
112.178	0.029180	1	0
112.212	0.028734	1	0
112.245	0.028549	1	0
112.278	0.028903	0	0
112.312	0.030748	0	0
112.345	0.032792	0	0
112.378	0.033266	0	0
112.412	0.032927	0	0
112.445	0.031775	0	0
112.479	0.029873	0	0
112.512	0.027828	1	0
112.545	0.025828	1	0
112.579	0.023882	0	0
112.612	0.022603	0	0
112.645	0.021642	0	0
112.679	0.021050	0	0
112.712	0.020724	0	0
112.745	0.020623	0	0
112.779	0.021046	0	0
112.812	0.021290	0	0
112.846	0.021171	0	0
112.879	0.021184	0	0
112.912	0.021185	0	0
112.946	0.020611	0	0
112.979	0.020297	0	0
113.012	0.020154	0	0
113.046	0.022451	0	0
113.079	0.025249	0	0
113.113	0.028688	0	0
113.146	0.031914	0	0
113.179	0.035127	0	0
113.213	0.035213	0	0
113.246	0.034328	0	0
113.279	0.032240	0	0
113.313	0.030063	0	0
113.346	0.027479	1	0
113.379	0.025552	1	0
113.413	0.023637	0	0
113.446	0.022693	0	0
113.480	0.022178	0	0
113.513	0.021724	0	0
113.546	0.021333	0	0
113.580	0.021460	0	0
113.613	0.021657	0	0
113.646	0.021657	0	0
113.680	0.021782	0	0
113.713	0.021786	0	0
113.746	0.021491	0	0
113.780	0.021237	0	0
113.813	0.021061	0	0
113.847	0.020858	0	0
113.880	0.021038	0	0
113.913	0.021225	0	0
113.947	0.021144	0	0
113.980	0.021163	0	0
114.013	0.021395	0	0
114.047	0.021156	0	0
114.080	0.020871	0	0
114.114	0.020790	0	0
114.147	0.020735	0	0
114.180	0.020622	0	0
114.214	0.020493	0	0
114.247	0.020776	0	0
114.280	0.021040	0	0
114.314	0.021348	0	0
114.347	0.021400	0	0
114.380	0.021732	0	0
114.414	0.021516	0	0
114.447	0.021505	0	0
114.481	0.021160	0	0
114.514	0.021227	0	0
114.547	0.020873	0	0
114.581	0.021180	0	0
114.614	0.021185	0	0
114.647	0.021320	0	0
114.681	0.021398	0	0
114.714	0.021728	0	0
114.747	0.021492	0	0
114.781	0.021313	0	0
114.814	0.021186	0	0
114.848	0.020920	0	0
114.881	0.020597	0	0
114.914	0.020527	0	0
114.948	0.020185	0	0
114.981	0.020115	0	0
115.014	0.020132	0	0
115.048	0.019983	0	0
115.081	0.020321	0	0
115.115	0.023007	0	0
115.148	0.025552	0	0
115.181	0.028542	0	0
115.215	0.031095	0	0
115.248	0.032227	0	0
115.281	0.030664	0	0
115.315	0.028541	0	0
115.348	0.025850	0	0
115.381	0.023892	0	0
115.415	0.022681	0	0
115.448	0.021854	0	0
115.482	0.021328	0	0
115.515	0.021089	0	0
115.548	0.020729	0	0
115.582	0.020599	0	0
115.615	0.020584	0	0
115.648	0.020673	0	0
115.682	0.020748	0	0
115.715	0.020775	0	0
115.748	0.020917	0	0
115.782	0.021044	0	0
115.815	0.021308	0	0
115.849	0.020957	0	0
115.882	0.020980	0	0
115.915	0.020848	0	0
115.949	0.020303	0	0
115.982	0.018657	0	0
116.015	0.017115	0	0
116.049	0.014979	0	0
116.082	0.013265	0	0
116.116	0.011775	0	0
116.149	0.011087	0	0
116.182	0.011174	0	0
116.216	0.010936	0	0
116.249	0.010541	0	0
116.282	0.010378	0	0
116.316	0.010888	0	0
116.349	0.010491	0	0
116.382	0.010924	0	0
116.416	0.011011	0	0
116.449	0.010939	0	0
116.483	0.010754	0	0
116.516	0.010705	0	0
116.549	0.010836	0	0
116.583	0.011009	0	0
116.616	0.011460	0	0
116.649	0.011506	0	0
116.683	0.011830	0	0
116.716	0.011211	0	0
116.749	0.010820	0	0
116.783	0.009954	0	0
116.816	0.009576	0	0
116.850	0.009385	0	0
116.883	0.009846	0	0
116.916	0.010096	0	0
116.950	0.010816	0	0
116.983	0.011112	0	0
117.016	0.011048	0	0
117.050	0.010578	0	0
117.083	0.010954	0	0
117.117	0.011183	0	0
117.150	0.011177	0	0
117.183	0.011725	0	0
117.217	0.012121	0	0
117.250	0.011386	0	0
117.283	0.011273	0	0
117.317	0.010999	0	0
117.350	0.010499	0	0
117.383	0.010761	0	0
117.417	0.011307	0	0
117.450	0.010872	0	0
117.484	0.010434	0	0
117.517	0.010563	0	0
117.550	0.010720	0	0
117.584	0.011692	0	0
117.617	0.013057	0	0
117.650	0.014941	0	0
117.684	0.016418	0	0
117.717	0.017421	0	0
117.750	0.017668	0	0
117.784	0.018116	0	0
117.817	0.017793	0	0
117.851	0.017230	0	0
117.884	0.017107	0	0
117.917	0.017204	0	0
117.951	0.016960	0	0
117.984	0.017634	0	0
118.017	0.018093	0	0
118.051	0.018040	0	0
118.084	0.017828	0	0
118.118	0.017606	0	0
118.151	0.017201	0	0
118.184	0.017282	0	0
118.218	0.017451	0	0
118.251	0.017470	0	0
118.284	0.018068	0	0
118.318	0.018314	0	0
118.351	0.019489	0	0
118.384	0.023213	0	0
118.418	0.027661	0	0
118.451	0.031597	0	0
118.485	0.035995	0	0
118.518	0.038832	0	0
118.551	0.039092	0	0
118.585	0.039024	0	0
118.618	0.039063	0	0
118.651	0.038721	1	0
118.685	0.038913	1	0
118.718	0.039388	1	0
118.751	0.039508	1	0
118.785	0.039281	1	0
118.818	0.039536	1	0
118.852	0.039398	1	0
118.885	0.038831	1	0
118.918	0.038163	1	0
118.952	0.037921	1	0
118.985	0.037113	1	0
119.018	0.036584	1	0
119.052	0.036039	1	0
119.085	0.035769	1	0
119.119	0.035407	1	0
119.152	0.035389	1	0
119.185	0.035333	1	0
119.219	0.035353	1	0
119.252	0.035357	1	0
119.285	0.035250	1	0
119.319	0.035090	1	0
119.352	0.034947	1	0
119.385	0.035412	1	0
119.419	0.035458	0	0
119.452	0.035745	0	0
119.486	0.035625	0	0
119.519	0.034622	0	0
119.552	0.032277	0	0
119.586	0.029904	0	0
119.619	0.027364	1	0
119.652	0.024790	1	0
119.686	0.023447	0	0
119.719	0.025079	0	0
119.752	0.027418	0	0
119.786	0.030140	0	0
119.819	0.033187	0	0
119.853	0.035562	0	0
119.886	0.035332	0	0
119.919	0.034308	0	0
119.953	0.032355	0	0
119.986	0.030521	1	0
120.019	0.028865	1	0
120.053	0.027332	1	0
120.086	0.026127	1	0
120.120	0.025565	1	0
120.153	0.024802	1	0
120.186	0.024173	0	0
120.220	0.023938	0	0
120.253	0.023569	0	0
120.286	0.023938	0	0
120.320	0.025635	1	0
120.353	0.027941	1	0
120.386	0.030553	1	0
120.420	0.033690	1	0
120.453	0.036738	1	0
120.487	0.038809	0	0
120.520	0.040030	0	0
120.553	0.040932	0	0
120.587	0.041469	0	0
120.620	0.041370	0	0
120.653	0.040519	0	0
120.687	0.040085	0	0
120.720	0.039763	0	0
120.753	0.039184	0	0
120.787	0.038549	0	0
120.820	0.038486	0	0
120.854	0.038026	0	0
120.887	0.037308	0	0
120.920	0.036331	0	0
120.954	0.034716	0	0
120.987	0.032836	0	0
121.020	0.030729	1	0
121.054	0.028294	1	0
121.087	0.026453	1	0
121.121	0.024926	1	0
121.154	0.023548	0	0
121.187	0.022700	0	0
121.221	0.022407	0	0
121.254	0.022161	0	0
121.287	0.022190	0	0
121.321	0.022344	0	0
121.354	0.022203	0	0
121.387	0.022038	0	0
121.421	0.021943	0	0
121.454	0.021539	0	0
121.488	0.021270	0	0
121.521	0.021201	0	0
121.554	0.021063	0	0
121.588	0.021156	0	0
121.621	0.021407	0	0
121.654	0.021807	0	0
121.688	0.022274	0	0
121.721	0.022485	0	0
121.754	0.022350	0	0
121.788	0.022437	0	0
121.821	0.022201	0	0
121.855	0.021765	0	0
121.888	0.021616	0	0
121.921	0.021327	0	0
121.955	0.021321	0	0
121.988	0.021297	0	0
122.021	0.021393	0	0
122.055	0.021462	0	0
122.088	0.022280	0	0
122.122	0.024563	0	0
122.155	0.027114	0	0
122.188	0.029724	0	0
122.222	0.031347	0	0
122.255	0.031853	0	0
122.288	0.029998	1	0
122.322	0.028789	1	0
122.355	0.028631	1	0
122.388	0.029853	0	0
122.422	0.031705	0	0
122.455	0.033547	0	0
122.489	0.033773	0	0
122.522	0.032520	0	0
122.555	0.030149	0	0
122.589	0.027381	1	0
122.622	0.025226	1	0
122.655	0.023581	0	0
122.689	0.022580	0	0
122.722	0.022422	0	0
122.755	0.022413	0	0
122.789	0.022569	0	0
122.822	0.022793	0	0
122.856	0.022564	0	0
122.889	0.022442	0	0
122.922	0.022132	0	0
122.956	0.023048	0	0
122.989	0.025730	0	0
123.022	0.028375	0	0
123.056	0.029693	0	0
123.089	0.030234	0	0
123.123	0.028953	0	0
123.156	0.025524	1	0
123.189	0.022412	0	0
123.223	0.020479	0	0
123.256	0.019664	0	0
123.289	0.019191	0	0
123.323	0.019231	0	0
123.356	0.019362	0	0
123.389	0.019185	0	0
123.423	0.019083	0	0
123.456	0.018878	0	0
123.490	0.018455	0	0
123.523	0.018086	0	0
123.556	0.017929	0	0
123.590	0.017793	0	0
123.623	0.017724	0	0
123.656	0.017740	0	0
123.690	0.017439	0	0
123.723	0.017628	0	0
123.756	0.017101	0	0
123.790	0.017099	0	0
123.823	0.016905	0	0
123.857	0.016689	0	0
123.890	0.016422	0	0
123.923	0.016992	0	0
123.957	0.016633	0	0
123.990	0.016376	0	0
124.023	0.016684	0	0
124.057	0.015965	0	0
124.090	0.015197	0	0
124.124	0.015050	0	0
124.157	0.014712	0	0
124.190	0.013767	0	0
124.224	0.014080	0	0
124.257	0.013754	0	0
124.290	0.013866	0	0
124.324	0.014468	0	0
124.357	0.014988	0	0
124.390	0.015300	0	0
124.424	0.016881	0	0
124.457	0.018156	0	0
124.491	0.019112	0	0
124.524	0.020373	0	0
124.557	0.021471	0	0
124.591	0.021905	0	0
124.624	0.021829	0	0
124.657	0.022284	0	0
124.691	0.023107	0	0
124.724	0.024262	0	0
124.757	0.025147	1	0
124.791	0.026172	1	0
124.824	0.027204	1	0
124.858	0.027655	1	0
124.891	0.027273	1	0
124.924	0.026754	1	0
124.958	0.024518	1	0
124.991	0.021687	0	0
125.024	0.019484	0	0
125.058	0.017458	0	0
125.091	0.015824	0	0
125.125	0.017207	0	0
125.158	0.020006	0	0
125.191	0.022980	0	0
125.225	0.025637	0	0
125.258	0.028172	0	0
125.291	0.029349	0	0
125.325	0.029388	0	0
125.358	0.028931	0	0
125.391	0.028984	0	0
125.425	0.028732	0	0
125.458	0.028679	0	0
125.492	0.028460	0	0
125.525	0.027605	0	0
125.558	0.026503	0	0
125.592	0.026503	0	0
125.625	0.026503	0	0