time	rmse	false positive	false negative
4.971	0.0096408	0	0
5.005	0.0096408	0	0
5.038	0.0096408	0	0
5.071	0.0093355	0	0
5.105	0.0097723	0	0
5.138	0.0100047	0	0
5.171	0.0096753	0	0
5.205	0.0098063	0	0
5.238	0.0095706	0	0
5.271	0.0094737	0	0
5.305	0.0096159	0	0
5.338	0.0099728	0	0
5.372	0.0098277	0	0
5.405	0.0102081	0	0
5.438	0.0102505	0	0
5.472	0.0099738	0	0
5.505	0.0101943	0	0
5.538	0.0101308	0	0
5.572	0.0099917	0	0
5.605	0.0102259	0	0
5.638	0.0102685	0	0
5.672	0.0100842	0	0
5.705	0.0099584	0	0
5.739	0.0102082	0	0
5.772	0.0100697	0	0
5.805	0.0103024	0	0
5.839	0.0103149	0	0
5.872	0.0104856	0	0
5.905	0.0100952	0	0
5.939	0.0099508	0	0
5.972	0.0099924	0	0
6.006	0.0098119	0	0
6.039	0.0098573	0	0
6.072	0.0102645	0	0
6.106	0.0101851	0	0
6.139	0.0100449	0	0
6.172	0.0100946	0	0
6.206	0.0100950	0	0
6.239	0.0097882	0	0
6.272	0.0095574	0	0
6.306	0.0094385	0	0
6.339	0.0092181	0	0
6.373	0.0090908	0	0
6.406	0.0092932	0	0
6.439	0.0096872	0	0
6.473	0.0095246	0	0
6.506	0.0099620	0	0
6.539	0.0102066	0	0
6.573	0.0099511	0	0
6.606	0.0099029	0	0
6.639	0.0099983	0	0
6.673	0.0097778	0	0
6.706	0.0095306	0	0
6.740	0.0093491	0	0
6.773	0.0094264	0	0
6.806	0.0093346	0	0
6.840	0.0090641	0	0
6.873	0.0088831	0	0
6.906	0.0089036	0	0
6.940	0.0082178	0	0
6.973	0.0082532	0	0
7.007	0.0083838	0	0
7.040	0.0089070	0	0
7.073	0.0092376	0	0
7.107	0.0099090	0	0
7.140	0.0101922	0	0
7.173	0.0104901	0	0
7.207	0.0101574	0	0
7.240	0.0100183	0	0
7.273	0.0098523	0	0
7.307	0.0094980	0	0
7.340	0.0096325	0	0
7.374	0.0100463	0	0
7.407	0.0101440	0	0
7.440	0.0102788	0	0
7.474	0.0104176	0	0
7.507	0.0102958	0	0
7.540	0.0111387	0	0
7.574	0.0134816	0	1
7.607	0.0158424	0	1
7.640	0.0182373	0	0
7.674	0.0202986	0	0
7.707	0.0208265	0	0
7.741	0.0195450	0	0
7.774	0.0178981	0	0
7.807	0.0160490	0	0
7.841	0.0142037	0	0
7.874	0.0133561	0	0
7.907	0.0129000	0	0
7.941	0.0123645	0	0
7.974	0.0119713	0	0
8.008	0.0121407	0	0
8.041	0.0119318	0	0
8.074	0.0115815	0	0
8.108	0.0116683	0	0
8.141	0.0117866	0	0
8.174	0.0117002	0	0
8.208	0.0115677	0	0
8.241	0.0113186	0	0
8.274	0.0109548	0	0
8.308	0.0109526	0	0
8.341	0.0108844	0	0
8.375	0.0102933	0	0
8.408	0.0101648	0	0
8.441	0.0101367	0	0
8.475	0.0100550	0	0
8.508	0.0104310	0	0
8.541	0.0115708	0	0
8.575	0.0124371	0	0
8.608	0.0132152	0	0
8.641	0.0140392	0	0
8.675	0.0142928	0	0
8.708	0.0142322	0	0
8.742	0.0144427	0	0
8.775	0.0146328	0	0
8.808	0.0146466	0	0
8.842	0.0145297	0	0
8.875	0.0147449	0	0
8.908	0.0145204	0	0
8.942	0.0147387	0	0
8.975	0.0146675	0	0
9.009	0.0144544	0	0
9.042	0.0141756	0	0
9.075	0.0142729	0	0
9.109	0.0141246	0	0
9.142	0.0140398	0	0
9.175	0.0138766	0	0
9.209	0.0136961	0	0
9.242	0.0136340	0	0
9.275	0.0132557	0	0
9.309	0.0131743	0	0
9.342	0.0134947	0	0
9.376	0.0136689	0	0
9.409	0.0137149	0	0
9.442	0.0139218	0	0
9.476	0.0141592	0	0
9.509	0.0140862	0	0
9.542	0.0140957	0	0
9.576	0.0140689	0	0
9.609	0.0136813	0	0
9.642	0.0134285	0	0
9.676	0.0132388	0	0
9.709	0.0131340	0	0
9.743	0.0134719	0	0
9.776	0.0134674	0	0
9.809	0.0137250	0	0
9.843	0.0140300	0	0
9.876	0.0140065	0	0
9.909	0.0136566	0	0
9.943	0.0136463	0	0
9.976	0.0135456	0	0
10.010	0.0130645	0	0
10.043	0.0131289	0	0
10.076	0.0130564	0	0
10.110	0.0133382	0	0
10.143	0.0132396	0	0
10.176	0.0139817	0	0
10.210	0.0139540	0	0
10.243	0.0140570	0	0
10.276	0.0145608	0	0
10.310	0.0149218	0	0
10.343	0.0150712	0	0
10.377	0.0159301	0	0
10.410	0.0162553	0	0
10.443	0.0161375	0	0
10.477	0.0158985	0	0
10.510	0.0170191	0	0
10.543	0.0174271	0	0
10.577	0.0182399	0	0
10.610	0.0186714	0	0
10.643	0.0186858	0	0
10.677	0.0170235	0	0
10.710	0.0155056	0	0
10.744	0.0139455	0	0
10.777	0.0127156	0	0
10.810	0.0120723	0	0
10.844	0.0118383	0	0
10.877	0.0118850	0	0
10.910	0.0123486	0	0
10.944	0.0124719	0	0
10.977	0.0126452	0	0
11.011	0.0129147	0	0
11.044	0.0128925	0	0
11.077	0.0128358	0	0
11.111	0.0128475	0	0
11.144	0.0128145	0	0
11.177	0.0123332	0	0
11.211	0.0120667	0	0
11.244	0.0115265	0	0
11.277	0.0113683	0	0
11.311	0.0111091	0	0
11.344	0.0106493	0	0
11.378	0.0105083	0	0
11.411	0.0103373	0	0
11.444	0.0100791	0	0
11.478	0.0098276	0	0
11.511	0.0102220	0	0
11.544	0.0106708	0	0
11.578	0.0103747	0	0
11.611	0.0108264	0	0
11.644	0.0110847	0	0
11.678	0.0114178	0	0
11.711	0.0112453	0	0
11.745	0.0114549	0	0
11.778	0.0113280	0	0
11.811	0.0114008	0	0
11.845	0.0110161	0	0
11.878	0.0109912	0	0
11.911	0.0113597	0	0
11.945	0.0110771	0	0
11.978	0.0108793	0	0
12.012	0.0108766	0	0
12.045	0.0106816	0	0
12.078	0.0101423	0	0
12.112	0.0101197	0	0
12.145	0.0102857	0	0
12.178	0.0103229	0	0
12.212	0.0103959	0	0
12.245	0.0106061	0	0
12.278	0.0107181	0	0
12.312	0.0108392	0	0
12.345	0.0107796	0	0
12.379	0.0105896	0	0
12.412	0.0108688	0	0
12.445	0.0106646	0	0
12.479	0.0105134	0	0
12.512	0.0104930	0	0
12.545	0.0107121	0	0
12.579	0.0105880	0	0
12.612	0.0108103	0	0
12.645	0.0108470	0	0
12.679	0.0108443	0	0
12.712	0.0105431	0	0
12.746	0.0104211	0	0
12.779	0.0105024	0	0
12.812	0.0102293	0	0
12.846	0.0102524	0	0
12.879	0.0105420	0	0
12.912	0.0114584	0	0
12.946	0.0117364	0	0
12.979	0.0127029	0	0
13.013	0.0136797	0	0
13.046	0.0141854	0	0
13.079	0.0138483	0	0
13.113	0.0145220	0	0
13.146	0.0147031	0	0
13.179	0.0147851	0	0
13.213	0.0147919	0	0
13.246	0.0150964	0	0
13.279	0.0150983	0	0
13.313	0.0153189	0	0
13.346	0.0155150	0	0
13.380	0.0157690	0	0
13.413	0.0159830	0	0
13.446	0.0160632	0	0
13.480	0.0162306	0	0
13.513	0.0165255	0	0
13.546	0.0170301	1	0
13.580	0.0174085	1	0
13.613	0.0173784	1	0
13.646	0.0172037	1	0
13.680	0.0168691	0	0
13.713	0.0166420	0	0
13.747	0.0158947	0	0
13.780	0.0155624	0	0
13.813	0.0163476	0	1
13.847	0.0171534	0	0
13.880	0.0177227	0	0
13.913	0.0184155	0	0
13.947	0.0183188	0	0
13.980	0.0172657	0	0
14.014	0.0160093	0	0
14.047	0.0149253	0	0
14.080	0.0144455	0	0
14.114	0.0146466	0	0
14.147	0.0145466	0	0
14.180	0.0147060	0	0
14.214	0.0148518	0	0
14.247	0.0145304	0	0
14.280	0.0143553	0	0
14.314	0.0143993	0	0
14.347	0.0146751	0	0
14.381	0.0149395	0	0
14.414	0.0152752	0	0
14.447	0.0153235	0	0
14.481	0.0157560	0	0
14.514	0.0158140	0	0
14.547	0.0158571	0	0
14.581	0.0160621	0	0
14.614	0.0161264	0	0
14.647	0.0161763	0	0
14.681	0.0158951	0	0
14.714	0.0156302	0	0
14.748	0.0145719	0	0
14.781	0.0141616	0	0
14.814	0.0130765	0	0
14.848	0.0129847	0	0
14.881	0.0123360	0	0
14.914	0.0124263	0	0
14.948	0.0123144	0	0
14.981	0.0125258	0	0
15.015	0.0119624	0	0
15.048	0.0115108	0	0
15.081	0.0116017	0	0
15.115	0.0116301	0	0
15.148	0.0111721	0	0
15.181	0.0110156	0	0
15.215	0.0115373	0	0
15.248	0.0117195	0	0
15.281	0.0114030	0	0
15.315	0.0118688	0	0
15.348	0.0120493	0	0
15.382	0.0119775	0	0
15.415	0.0118474	0	0
15.448	0.0125495	0	0
15.482	0.0127552	0	0
15.515	0.0128885	0	0
15.548	0.0130838	0	0
15.582	0.0129849	0	0
15.615	0.0128479	0	0
15.648	0.0126540	0	0
15.682	0.0125059	0	0
15.715	0.0125068	0	0
15.749	0.0125973	0	0
15.782	0.0122739	0	0
15.815	0.0124695	0	0
15.849	0.0126766	0	0
15.882	0.0128603	0	0
15.915	0.0129520	0	0
15.949	0.0131503	0	0
15.982	0.0130761	0	0
16.016	0.0127167	0	0
16.049	0.0123734	0	0
16.082	0.0125446	0	0
16.116	0.0121130	0	0
16.149	0.0119259	0	0
16.182	0.0119032	0	0
16.216	0.0117628	0	0
16.249	0.0109279	0	0
16.282	0.0108521	0	0
16.316	0.0105013	0	0
16.349	0.0103039	0	0
16.383	0.0101410	0	0
16.416	0.0106608	0	0
16.449	0.0105610	0	0
16.483	0.0106120	0	0
16.516	0.0108084	0	0
16.549	0.0109072	0	0
16.583	0.0110992	0	0
16.616	0.0110730	0	0
16.649	0.0110356	0	0
16.683	0.0112054	0	0
16.716	0.0113634	0	0
16.750	0.0110156	0	0
16.783	0.0108576	0	0
16.816	0.0109241	0	0
16.850	0.0108023	0	0
16.883	0.0111872	0	0
16.916	0.0110188	0	0
16.950	0.0112961	0	0
16.983	0.0112626	0	0
17.017	0.0108618	0	0
17.050	0.0099688	0	0
17.083	0.0100111	0	0
17.117	0.0100168	0	0
17.150	0.0108796	0	0
17.183	0.0114164	0	0
17.217	0.0118381	0	0
17.250	0.0121324	0	0
17.283	0.0123925	0	0
17.317	0.0116763	0	0
17.350	0.0119697	0	0
17.384	0.0123316	0	0
17.417	0.0122605	0	0
17.450	0.0120288	0	0
17.484	0.0122430	0	0
17.517	0.0117985	0	0
17.550	0.0115094	0	0
17.584	0.0114611	0	0
17.617	0.0116239	0	0
17.650	0.0112872	0	0
17.684	0.0115289	0	0
17.717	0.0116051	0	0
17.751	0.0114783	0	0
17.784	0.0111458	0	0
17.817	0.0113751	0	0
17.851	0.0115519	0	0
17.884	0.0115256	0	0
17.917	0.0117314	0	0
17.951	0.0123658	0	0
17.984	0.0122442	0	0
18.018	0.0117742	0	0
18.051	0.0117611	0	0
18.084	0.0114954	0	0
18.118	0.0113606	0	0
18.151	0.0117110	0	0
18.184	0.0121934	0	0
18.218	0.0123338	0	0
18.251	0.0125132	0	0
18.284	0.0125612	0	0
18.318	0.0124661	0	0
18.351	0.0119708	0	0
18.385	0.0117413	0	0
18.418	0.0115593	0	0
18.451	0.0112720	0	0
18.485	0.0111304	0	0
18.518	0.0114385	0	0
18.551	0.0116693	0	0
18.585	0.0121293	0	0
18.618	0.0122627	0	0
18.651	0.0125770	0	0
18.685	0.0125145	0	0
18.718	0.0123765	0	0
18.752	0.0121103	0	0
18.785	0.0121805	0	0
18.818	0.0119782	0	0
18.852	0.0118344	0	0
18.885	0.0118465	0	0
18.918	0.0120974	0	0
18.952	0.0120302	0	0
18.985	0.0119680	0	0
19.019	0.0118306	0	0
19.052	0.0119638	0	0
19.085	0.0119377	0	0
19.119	0.0120606	0	0
19.152	0.0116851	0	0
19.185	0.0119500	0	0
19.219	0.0118826	0	0
19.252	0.0116833	0	0
19.285	0.0116135	0	0
19.319	0.0119691	0	0
19.352	0.0118873	0	0
19.386	0.0118366	0	0
19.419	0.0120069	0	0
19.452	0.0120898	0	0
19.486	0.0120579	0	0
19.519	0.0123661	0	0
19.552	0.0122403	0	0
19.586	0.0121152	0	0
19.619	0.0120218	0	0
19.652	0.0120355	0	0
19.686	0.0120682	0	0
19.719	0.0122109	0	0
19.753	0.0122160	0	0
19.786	0.0126456	0	0
19.819	0.0126263	0	0
19.853	0.0122896	0	0
19.886	0.0124205	0	0
19.919	0.0126949	0	0
19.953	0.0122915	0	0
19.986	0.0124825	0	0
20.020	0.0128935	0	0
20.053	0.0127967	0	0
20.086	0.0124068	0	0
20.120	0.0124854	0	0
20.153	0.0136188	0	0
20.186	0.0147596	0	1
20.220	0.0162305	0	1
20.253	0.0176831	0	0
20.286	0.0189314	0	0
20.320	0.0183769	0	0
20.353	0.0173379	0	0
20.387	0.0160750	0	0
20.420	0.0151664	0	0
20.453	0.0138704	0	0
20.487	0.0134150	0	0
20.520	0.0132045	0	0
20.553	0.0135587	0	0
20.587	0.0135085	0	0
20.620	0.0140964	0	0
20.653	0.0143172	0	0
20.687	0.0147543	0	0
20.720	0.0148062	0	0
20.754	0.0152250	0	0
20.787	0.0156871	0	0
20.820	0.0164323	0	0
20.854	0.0165380	0	0
20.887	0.0164824	0	0
20.920	0.0164944	0	0
20.954	0.0161246	0	0
20.987	0.0154564	0	0
21.021	0.0153638	0	0
21.054	0.0154435	0	0
21.087	0.0152808	0	0
21.121	0.0153513	0	0
21.154	0.0158367	0	1
21.187	0.0166806	0	1
21.221	0.0173967	0	0
21.254	0.0178565	0	0
21.287	0.0175013	0	0
21.321	0.0164841	0	1
21.354	0.0154485	0	0
21.388	0.0142721	0	0
21.421	0.0134537	0	0
21.454	0.0136347	0	0
21.488	0.0140931	0	0
21.521	0.0143684	0	0
21.554	0.0145882	0	0
21.588	0.0149216	0	0
21.621	0.0151194	0	0
21.654	0.0152544	0	0
21.688	0.0152093	0	0
21.721	0.0156216	0	0
21.755	0.0156002	0	0
21.788	0.0154986	0	0
21.821	0.0156304	0	0
21.855	0.0157096	0	0
21.888	0.0157619	0	0
21.921	0.0161124	0	0
21.955	0.0158898	0	0
21.988	0.0160266	0	0
22.022	0.0160113	0	0
22.055	0.0157774	0	0
22.088	0.0153775	0	0
22.122	0.0156801	0	0
22.155	0.0152206	0	0
22.188	0.0151650	0	0
22.222	0.0150675	0	0
22.255	0.0148224	0	0
22.288	0.0149194	0	0
22.322	0.0152761	0	0
22.355	0.0150354	0	0
22.389	0.0152312	0	0
22.422	0.0155496	0	0
22.455	0.0154603	0	0
22.489	0.0156569	0	0
22.522	0.0163359	0	0
22.555	0.0166130	0	0
22.589	0.0171150	1	0
22.622	0.0175286	1	0
22.655	0.0176479	1	0
22.689	0.0182710	1	0
22.722	0.0187456	1	0
22.756	0.0189490	1	0
22.789	0.0197234	1	0
22.822	0.0210798	1	0
22.856	0.0217414	1	0
22.889	0.0224675	1	0
22.922	0.0236042	1	0
22.956	0.0237140	1	0
22.989	0.0237599	1	0
23.023	0.0234381	1	0
23.056	0.0234454	1	0
23.089	0.0230712	1	0
23.123	0.0228142	1	0
23.156	0.0219721	1	0
23.189	0.0218084	1	0
23.223	0.0213673	1	0
23.256	0.0209856	1	0
23.289	0.0213255	1	0
23.323	0.0216838	1	0
23.356	0.0219122	1	0
23.390	0.0224219	1	0
23.423	0.0229872	1	0
23.456	0.0228688	1	0
23.490	0.0232289	1	0
23.523	0.0228321	1	0
23.556	0.0229235	1	0
23.590	0.0234729	1	0
23.623	0.0242183	1	0
23.656	0.0246261	1	0
23.690	0.0260272	1	0
23.723	0.0265713	1	0
23.757	0.0264691	1	0
23.790	0.0266208	1	0
23.823	0.0259990	1	0
23.857	0.0246652	1	0
23.890	0.0229666	1	0
23.923	0.0207392	1	0
23.957	0.0181882	1	0
23.990	0.0156823	0	0
24.024	0.0136692	0	0
24.057	0.0123872	0	0
24.090	0.0116780	0	0
24.124	0.0110632	0	0
24.157	0.0111172	0	0
24.190	0.0111415	0	0
24.224	0.0108636	0	0
24.257	0.0112650	0	0
24.290	0.0117760	0	0
24.324	0.0120835	0	0
24.357	0.0125302	0	0
24.391	0.0128803	0	0
24.424	0.0129642	0	0
24.457	0.0126517	0	0
24.491	0.0129410	0	0
24.524	0.0128965	0	0
24.557	0.0130039	0	0
24.591	0.0131527	0	0
24.624	0.0136592	0	0
24.657	0.0132681	0	0
24.691	0.0133716	0	0
24.724	0.0135396	0	0
24.758	0.0129461	0	0
24.791	0.0123394	0	0
24.824	0.0135798	0	0
24.858	0.0147631	0	0
24.891	0.0163985	0	0
24.924	0.0178855	0	0
24.958	0.0196827	0	0
24.991	0.0196484	0	0
25.025	0.0195956	0	0
25.058	0.0185449	0	0
25.091	0.0178387	0	0
25.125	0.0168462	0	0
25.158	0.0163028	0	0
25.191	0.0154175	0	0
25.225	0.0153842	0	0
25.258	0.0154121	0	0
25.291	0.0156224	0	0
25.325	0.0156014	0	0
25.358	0.0157215	0	0
25.392	0.0156286	0	0
25.425	0.0159263	0	0
25.458	0.0154922	0	0
25.492	0.0148533	0	0
25.525	0.0141261	0	0
25.558	0.0131878	0	0
25.592	0.0116571	0	0
25.625	0.0109768	0	0
25.658	0.0104933	0	0
25.692	0.0101230	0	0
25.725	0.0098428	0	0
25.759	0.0101083	0	0
25.792	0.0098387	0	0
25.825	0.0095600	0	0
25.859	0.0094886	0	0
25.892	0.0094641	0	0
25.925	0.0093300	0	0
25.959	0.0096470	0	0
25.992	0.0102343	0	0
26.026	0.0101622	0	0
26.059	0.0103308	0	0
26.092	0.0107584	0	0
26.126	0.0104005	0	0
26.159	0.0102265	0	0
26.192	0.0105611	0	0
26.226	0.0105253	0	0
26.259	0.0104776	0	0
26.292	0.0107241	0	0
26.326	0.0108628	0	0
26.359	0.0105939	0	0
26.393	0.0106661	0	0
26.426	0.0106238	0	0
26.459	0.0104914	0	0
26.493	0.0100891	0	0
26.526	0.0101620	0	0
26.559	0.0103340	0	0
26.593	0.0102756	0	0
26.626	0.0106627	0	0
26.659	0.0109658	0	0
26.693	0.0107446	0	0
26.726	0.0106492	0	0
26.760	0.0104384	0	0
26.793	0.0104551	0	0
26.826	0.0104310	0	0
26.860	0.0108623	0	0
26.893	0.0107281	0	0
26.926	0.0111356	0	0
26.960	0.0110837	0	0
26.993	0.0111836	0	0
27.027	0.0111752	0	0
27.060	0.0109922	0	0
27.093	0.0110268	0	0
27.127	0.0107265	0	0
27.160	0.0106749	0	0
27.193	0.0107282	0	0
27.227	0.0107194	0	0
27.260	0.0107084	0	0
27.293	0.0109761	0	0
27.327	0.0109193	0	0
27.360	0.0109367	0	0
27.394	0.0112534	0	0
27.427	0.0107318	0	0
27.460	0.0105742	0	0
27.494	0.0107121	0	0
27.527	0.0107922	0	0
27.560	0.0108283	0	0
27.594	0.0114729	0	0
27.627	0.0116326	0	0
27.660	0.0119213	0	0
27.694	0.0117206	0	0
27.727	0.0116302	0	0
27.761	0.0111017	0	0
27.794	0.0108166	0	0
27.827	0.0105722	0	0
27.861	0.0105328	0	0
27.894	0.0101635	0	0
27.927	0.0102682	0	0
27.961	0.0101713	0	0
27.994	0.0099086	0	0
28.028	0.0096561	0	0
28.061	0.0099663	0	0
28.094	0.0102161	0	0
28.128	0.0102740	0	0
28.161	0.0104396	0	0
28.194	0.0104280	0	0
28.228	0.0103896	0	0
28.261	0.0101173	0	0
28.294	0.0101165	0	0
28.328	0.0100866	0	0
28.361	0.0102671	0	0
28.395	0.0102682	0	0
28.428	0.0103339	0	0
28.461	0.0102138	0	0
28.495	0.0104027	0	0
28.528	0.0104377	0	0
28.561	0.0105189	0	0
28.595	0.0103513	0	0
28.628	0.0104252	0	0
28.661	0.0101400	0	0
28.695	0.0099835	0	0
28.728	0.0101674	0	0
28.762	0.0103816	0	0
28.795	0.0104738	0	0
28.828	0.0107782	0	0
28.862	0.0124267	0	0
28.895	0.0138418	0	1
28.928	0.0157813	0	1
28.962	0.0176042	0	0
28.995	0.0190460	0	0
29.029	0.0190841	0	0
29.062	0.0188508	0	0
29.095	0.0177735	1	0
29.129	0.0172493	1	0
29.162	0.0166236	0	0
29.195	0.0159285	0	0
29.229	0.0151866	0	0
29.262	0.0145715	0	0
29.295	0.0138253	0	0
29.329	0.0132161	0	0
29.362	0.0127605	0	0
29.396	0.0124818	0	0
29.429	0.0120640	0	0
29.462	0.0117112	0	0
29.496	0.0116601	0	0
29.529	0.0113635	0	0
29.562	0.0110127	0	0
29.596	0.0111951	0	0
29.629	0.0109114	0	0
29.662	0.0108908	0	0
29.696	0.0109345	0	0
29.729	0.0122909	0	0
29.763	0.0142652	0	1
29.796	0.0162570	0	1
29.829	0.0178686	0	0
29.863	0.0197154	0	0
29.896	0.0202548	0	0
29.929	0.0198626	0	0
29.963	0.0187534	0	0
29.996	0.0171585	0	0
30.030	0.0154629	0	0
30.063	0.0138289	0	0
30.096	0.0125099	0	0
30.130	0.0121691	0	0
30.163	0.0121707	0	0
30.196	0.0121528	0	0
30.230	0.0121684	0	0
30.263	0.0120411	0	0
30.296	0.0119957	0	0
30.330	0.0118431	0	0
30.363	0.0115453	0	0
30.397	0.0113667	0	0
30.430	0.0113171	0	0
30.463	0.0109911	0	0
30.497	0.0111082	0	0
30.530	0.0117312	0	0
30.563	0.0129310	0	0
30.597	0.0144737	0	0
30.630	0.0155248	0	0
30.663	0.0158295	0	0
30.697	0.0158936	0	0
30.730	0.0149114	0	0
30.764	0.0133297	0	0
30.797	0.0122856	0	0
30.830	0.0115262	0	0
30.864	0.0108894	0	0
30.897	0.0103479	0	0
30.930	0.0102131	0	0
30.964	0.0099242	0	0
30.997	0.0101800	0	0
31.031	0.0100261	0	0
31.064	0.0100751	0	0
31.097	0.0096065	0	0
31.131	0.0097812	0	0
31.164	0.0096247	0	0
31.197	0.0096346	0	0
31.231	0.0099199	0	0
31.264	0.0102151	0	0
31.297	0.0103578	0	0
31.331	0.0104652	0	0
31.364	0.0104493	0	0
31.398	0.0102612	0	0
31.431	0.0104237	0	0
31.464	0.0104849	0	0
31.498	0.0106155	0	0
31.531	0.0105970	0	0
31.564	0.0105783	0	0
31.598	0.0108892	0	0
31.631	0.0110174	0	0
31.664	0.0114322	0	0
31.698	0.0121246	0	0
31.731	0.0126588	0	0
31.765	0.0129795	0	0
31.798	0.0135786	0	0
31.831	0.0138054	0	0
31.865	0.0139400	0	0
31.898	0.0139114	0	0
31.931	0.0136864	0	0
31.965	0.0133625	0	0
31.998	0.0131611	0	0
32.032	0.0129664	0	0
32.065	0.0131246	0	0
32.098	0.0132142	0	0
32.132	0.0131863	0	0
32.165	0.0130439	0	0
32.198	0.0127326	0	0
32.232	0.0124649	0	0
32.265	0.0124649	0	0
32.298	0.0124369	0	0
32.332	0.0124598	0	0
32.365	0.0129576	0	0
32.399	0.0131981	0	0
32.432	0.0130230	0	0
32.465	0.0127053	0	0
32.499	0.0124854	0	0
32.532	0.0118544	0	0
32.565	0.0111922	0	0
32.599	0.0109749	0	0
32.632	0.0107918	0	0
32.665	0.0106962	0	0
32.699	0.0109307	0	0
32.732	0.0111096	0	0
32.766	0.0111757	0	0
32.799	0.0115145	0	0
32.832	0.0117632	0	0
32.866	0.0119425	0	0
32.899	0.0121820	0	0
32.932	0.0125013	0	0
32.966	0.0127038	0	0
32.999	0.0124758	0	0
33.033	0.0121318	0	0
33.066	0.0117304	0	0
33.099	0.0117255	0	0
33.133	0.0121420	0	0
33.166	0.0128475	0	0
33.199	0.0137853	0	0
33.233	0.0147761	0	0
33.266	0.0153629	0	0
33.299	0.0153458	0	0
33.333	0.0156243	0	0
33.366	0.0157769	0	0
33.400	0.0158711	0	0
33.433	0.0163161	0	0
33.466	0.0161628	0	0
33.500	0.0163704	0	0
33.533	0.0166300	0	1
33.566	0.0171617	0	0
33.600	0.0170484	0	0
33.633	0.0173839	0	0
33.666	0.0165265	0	1
33.700	0.0150893	0	0
33.733	0.0139586	0	0
33.767	0.0130599	0	0
33.800	0.0120902	0	0
33.833	0.0118905	0	0
33.867	0.0121581	0	0
33.900	0.0120280	0	0
33.933	0.0117467	0	0
33.967	0.0115732	0	0
34.000	0.0114936	0	0
34.034	0.0114763	0	0
34.067	0.0120283	0	0
34.100	0.0123462	0	0
34.134	0.0125872	0	0
34.167	0.0125780	0	0
34.200	0.0125001	0	0
34.234	0.0118235	0	0
34.267	0.0114652	0	0
34.300	0.0113372	0	0
34.334	0.0108998	0	0
34.367	0.0113928	0	0
34.401	0.0116485	0	0
34.434	0.0115813	0	0
34.467	0.0120812	0	0
34.501	0.0125652	0	0
34.534	0.0121841	0	0
34.567	0.0120141	0	0
34.601	0.0121475	0	0
34.634	0.0120399	0	0
34.667	0.0120918	0	0
34.701	0.0118888	0	0
34.734	0.0119949	0	0
34.768	0.0119912	0	0
34.801	0.0116036	0	0
34.834	0.0117242	0	0
34.868	0.0115619	0	0
34.901	0.0117293	0	0
34.934	0.0114471	0	0
34.968	0.0113545	0	0
35.001	0.0109655	0	0
35.035	0.0109905	0	0
35.068	0.0103303	0	0
35.101	0.0102576	0	0
35.135	0.0105170	0	0
35.168	0.0105966	0	0
35.201	0.0108042	0	0
35.235	0.0111172	0	0
35.268	0.0114772	0	0
35.301	0.0111249	0	0
35.335	0.0111269	0	0
35.368	0.0111518	0	0
35.402	0.0111724	0	0
35.435	0.0114513	0	0
35.468	0.0114952	0	0
35.502	0.0114594	0	0
35.535	0.0114628	0	0
35.568	0.0115010	0	0
35.602	0.0113902	0	0
35.635	0.0114663	0	0
35.668	0.0115458	0	0
35.702	0.0119973	0	0
35.735	0.0122012	0	0
35.769	0.0122862	0	0
35.802	0.0125934	0	0
35.835	0.0128194	0	0
35.869	0.0122946	0	0
35.902	0.0119521	0	0
35.935	0.0116154	0	0
35.969	0.0114611	0	0
36.002	0.0112215	0	0
36.036	0.0111494	0	0
36.069	0.0111950	0	0
36.102	0.0113306	0	0
36.136	0.0120332	0	0
36.169	0.0122601	0	0
36.202	0.0122692	0	0
36.236	0.0122233	0	0
36.269	0.0117336	0	0
36.302	0.0110428	0	0
36.336	0.0107235	0	0
36.369	0.0113688	0	0
36.403	0.0110681	0	0
36.436	0.0110547	0	0
36.469	0.0110709	0	0
36.503	0.0112080	0	0
36.536	0.0107608	0	0
36.569	0.0115059	0	0
36.603	0.0119371	0	0
36.636	0.0120185	0	0
36.669	0.0118422	0	0
36.703	0.0119984	0	0
36.736	0.0115689	0	0
36.770	0.0114834	0	0
36.803	0.0110643	0	0
36.836	0.0111387	0	0
36.870	0.0110134	0	0
36.903	0.0110278	0	0
36.936	0.0110830	0	0
36.970	0.0111788	0	0
37.003	0.0116363	0	0
37.037	0.0112697	0	0
37.070	0.0111390	0	0
37.103	0.0109364	0	0
37.137	0.0107767	0	0
37.170	0.0099718	0	0
37.203	0.0101490	0	0
37.237	0.0098435	0	0
37.270	0.0097416	0	0
37.303	0.0102248	0	0
37.337	0.0107530	0	0
37.370	0.0109046	0	0
37.404	0.0113203	0	0
37.437	0.0115226	0	0
37.470	0.0124870	0	1
37.504	0.0136612	0	1
37.537	0.0152071	0	1
37.570	0.0165991	0	1
37.604	0.0176757	0	0
37.637	0.0171676	0	0
37.670	0.0163343	0	0
37.704	0.0148656	0	0
37.737	0.0136454	0	0
37.771	0.0126179	0	0
37.804	0.0119821	0	0
37.837	0.0113315	0	0
37.871	0.0110276	0	0
37.904	0.0108373	0	0
37.937	0.0111699	0	0
37.971	0.0109063	0	0
38.004	0.0106511	0	0
38.038	0.0106618	0	0
38.071	0.0108549	0	0
38.104	0.0106036	0	0
38.138	0.0108957	0	0
38.171	0.0110487	0	0
38.204	0.0108619	0	0
38.238	0.0103901	0	0
38.271	0.0102702	0	0
38.304	0.0102036	0	0
38.338	0.0102187	0	0
38.371	0.0105372	0	0
38.405	0.0112232	0	0
38.438	0.0115342	0	0
38.471	0.0113367	0	0
38.505	0.0117104	0	0
38.538	0.0119633	0	0
38.571	0.0116759	0	0
38.605	0.0112860	0	0
38.638	0.0115151	0	0
38.671	0.0111135	0	0
38.705	0.0103682	0	0
38.738	0.0101018	0	0
38.772	0.0103592	0	0
38.805	0.0105373	0	0
38.838	0.0107507	0	0
38.872	0.0109801	0	0
38.905	0.0110448	0	0
38.938	0.0106111	0	0
38.972	0.0101951	0	0
39.005	0.0101809	0	0
39.039	0.0105976	0	0
39.072	0.0107448	0	0
39.105	0.0108148	0	0
39.139	0.0111762	0	0
39.172	0.0111523	0	0
39.205	0.0105212	0	0
39.239	0.0101615	0	0
39.272	0.0103011	0	0
39.305	0.0102500	0	0
39.339	0.0105391	0	0
39.372	0.0108487	0	0
39.406	0.0113060	0	0
39.439	0.0113634	0	0
39.472	0.0112139	0	0
39.506	0.0109194	0	0
39.539	0.0112613	0	0
39.572	0.0110161	0	0
39.606	0.0110325	0	0
39.639	0.0111486	0	0
39.672	0.0110820	0	0
39.706	0.0108102	0	0
39.739	0.0108253	0	0
39.773	0.0104853	0	0
39.806	0.0102313	0	0
39.839	0.0101644	0	0
39.873	0.0101804	0	0
39.906	0.0105107	0	0
39.939	0.0107037	0	0
39.973	0.0106423	0	0
40.006	0.0110476	0	0
40.040	0.0107160	0	0
40.073	0.0105148	0	0
40.106	0.0108146	0	0
40.140	0.0111886	0	0
40.173	0.0106533	0	0
40.206	0.0106422	0	0
40.240	0.0106165	0	0
40.273	0.0105294	0	0
40.306	0.0104579	0	0
40.340	0.0108039	0	0
40.373	0.0109380	0	0
40.407	0.0110300	0	0
40.440	0.0110217	0	0
40.473	0.0109289	0	0
40.507	0.0108028	0	0
40.540	0.0106925	0	0
40.573	0.0102768	0	0
40.607	0.0102615	0	0
40.640	0.0105589	0	0
40.673	0.0102647	0	0
40.707	0.0104674	0	0
40.740	0.0106302	0	0
40.774	0.0103248	0	0
40.807	0.0111987	0	0
40.840	0.0129967	0	1
40.874	0.0143751	0	1
40.907	0.0160266	0	1
40.940	0.0180054	0	0
40.974	0.0186645	0	0
41.007	0.0188450	0	0
41.041	0.0191413	0	0
41.074	0.0189792	0	0
41.107	0.0185212	0	0
41.141	0.0182691	1	0
41.174	0.0178974	1	0
41.207	0.0176762	1	0
41.241	0.0177658	1	0
41.274	0.0175785	1	0
41.307	0.0174110	1	0
41.341	0.0177310	1	0
41.374	0.0181366	1	0
41.408	0.0180675	1	0
41.441	0.0185071	1	0
41.474	0.0188820	1	0
41.508	0.0191229	1	0
41.541	0.0193308	1	0
41.574	0.0198822	1	0
41.608	0.0202418	1	0
41.641	0.0203511	1	0
41.674	0.0202297	1	0
41.708	0.0198539	1	0
41.741	0.0197709	1	0
41.775	0.0195570	1	0
41.808	0.0192874	1	0
41.841	0.0192811	1	0
41.875	0.0191325	1	0
41.908	0.0188416	1	0
41.941	0.0185272	1	0
41.975	0.0181865	1	0
42.008	0.0177073	1	0
42.042	0.0174063	1	0
42.075	0.0171266	1	0
42.108	0.0171513	1	0
42.142	0.0170089	1	0
42.175	0.0169939	0	0
42.208	0.0172809	1	0
42.242	0.0175105	1	0
42.275	0.0179911	1	0
42.308	0.0186460	1	0
42.342	0.0193924	1	0
42.375	0.0198473	1	0
42.409	0.0199736	1	0
42.442	0.0196502	1	0
42.475	0.0182646	1	0
42.509	0.0172720	1	0
42.542	0.0166913	0	1
42.575	0.0166475	0	1
42.609	0.0167023	0	1
42.642	0.0175407	0	0
42.675	0.0174544	0	0
42.709	0.0167488	0	0
42.742	0.0157536	0	0
42.776	0.0142342	0	0
42.809	0.0131149	0	0
42.842	0.0122038	0	0
42.876	0.0118417	0	0
42.909	0.0116596	0	0
42.942	0.0117130	0	0
42.976	0.0116784	0	0
43.009	0.0120297	0	0
43.043	0.0120438	0	0
43.076	0.0113655	0	0
43.109	0.0112929	0	0
43.143	0.0113747	0	0
43.176	0.0111124	0	0
43.209	0.0108586	0	0
43.243	0.0114571	0	0
43.276	0.0114392	0	0
43.309	0.0116138	0	0
43.343	0.0114915	0	0
43.376	0.0115775	0	0
43.410	0.0112608	0	0
43.443	0.0110270	0	0
43.476	0.0107273	0	0
43.510	0.0106738	0	0
43.543	0.0110889	0	0
43.576	0.0111981	0	0
43.610	0.0113748	0	0
43.643	0.0109491	0	0
43.676	0.0112435	0	0
43.710	0.0110800	0	0
43.743	0.0109428	0	0
43.777	0.0107858	0	0
43.810	0.0109844	0	0
43.843	0.0106102	0	0
43.877	0.0102301	0	0
43.910	0.0099830	0	0
43.943	0.0103720	0	0
43.977	0.0106380	0	0
44.010	0.0106204	0	0
44.044	0.0103221	0	0
44.077	0.0105512	0	0
44.110	0.0108863	0	0
44.144	0.0108164	0	0
44.177	0.0108830	0	0
44.210	0.0112414	0	0
44.244	0.0116618	0	0
44.277	0.0114425	0	0
44.310	0.0116774	0	0
44.344	0.0116821	0	0
44.377	0.0116290	0	0
44.411	0.0108763	0	0
44.444	0.0106614	0	0
44.477	0.0107815	0	0
44.511	0.0111578	0	0
44.544	0.0111497	0	0
44.577	0.0118372	0	0
44.611	0.0128353	0	0
44.644	0.0137130	0	0
44.677	0.0148600	0	0
44.711	0.0159959	0	0
44.744	0.0172546	1	0
44.778	0.0175512	1	0
44.811	0.0180339	1	0
44.844	0.0182644	1	0
44.878	0.0189910	1	0
44.911	0.0193284	1	0
44.944	0.0203031	1	0
44.978	0.0204649	1	0
45.011	0.0206768	1	0
45.045	0.0192948	1	0
45.078	0.0187566	0	0
45.111	0.0181683	0	0
45.145	0.0180841	0	0
45.178	0.0178952	0	0
45.211	0.0184577	0	0
45.245	0.0181783	0	0
45.278	0.0169901	0	0
45.311	0.0160587	0	0
45.345	0.0152319	0	0
45.378	0.0153196	0	0
45.412	0.0155864	0	0
45.445	0.0161113	0	0
45.478	0.0165957	0	0
45.512	0.0172136	1	0
45.545	0.0177538	1	0
45.578	0.0182505	1	0
45.612	0.0186180	1	0
45.645	0.0186347	1	0
45.678	0.0186113	1	0
45.712	0.0184544	1	0
45.745	0.0182353	1	0
45.779	0.0180913	1	0
45.812	0.0185769	1	0
45.845	0.0184619	1	0
45.879	0.0184097	1	0
45.912	0.0184112	1	0
45.945	0.0187559	1	0
45.979	0.0184448	1	0
46.012	0.0186221	1	0
46.046	0.0184716	1	0
46.079	0.0184643	1	0
46.112	0.0181312	1	0
46.146	0.0181204	1	0
46.179	0.0184526	1	0
46.212	0.0190342	1	0
46.246	0.0183527	1	0
46.279	0.0178220	1	0
46.312	0.0169162	0	0
46.346	0.0160920	0	0
46.379	0.0155976	0	0
46.413	0.0162047	0	1
46.446	0.0168372	0	1
46.479	0.0179906	0	0
46.513	0.0184738	0	0
46.546	0.0188922	0	0
46.579	0.0185322	0	0
46.613	0.0187219	0	0
46.646	0.0180500	1	0
46.679	0.0173469	1	0
46.713	0.0171118	1	0
46.746	0.0165057	0	0
46.780	0.0149358	0	0
46.813	0.0142944	0	0
46.846	0.0137397	0	0
46.880	0.0121886	0	0
46.913	0.0117935	0	0
46.946	0.0117647	0	0
46.980	0.0113201	0	0
47.013	0.0113211	0	0
47.047	0.0115439	0	0
47.080	0.0116415	0	0
47.113	0.0118168	0	0
47.147	0.0119505	0	0
47.180	0.0118260	0	0
47.213	0.0118756	0	0
47.247	0.0116786	0	0
47.280	0.0113246	0	0
47.313	0.0112394	0	0
47.347	0.0114651	0	0
47.380	0.0115121	0	0
47.414	0.0113888	0	0
47.447	0.0116802	0	0
47.480	0.0119823	0	0
47.514	0.0115407	0	0
47.547	0.0113582	0	0
47.580	0.0114445	0	0
47.614	0.0111648	0	0
47.647	0.0116289	0	0
47.680	0.0119907	0	0
47.714	0.0118213	0	0
47.747	0.0119650	0	0
47.781	0.0121459	0	0
47.814	0.0117282	0	0
47.847	0.0116457	0	0
47.881	0.0115949	0	0
47.914	0.0114554	0	0
47.947	0.0111706	0	0
47.981	0.0107450	0	0
48.014	0.0108779	0	0
48.048	0.0111552	0	0
48.081	0.0112513	0	0
48.114	0.0114610	0	0
48.148	0.0118143	0	0
48.181	0.0113079	0	0
48.214	0.0111858	0	0
48.248	0.0111454	0	0
48.281	0.0109372	0	0
48.314	0.0107909	0	0
48.348	0.0112597	0	0
48.381	0.0110367	0	0
48.415	0.0112601	0	0
48.448	0.0117589	0	0
48.481	0.0117609	0	0
48.515	0.0115570	0	0
48.548	0.0116554	0	0
48.581	0.0112575	0	0
48.615	0.0111704	0	0
48.648	0.0109850	0	0
48.681	0.0110243	0	0
48.715	0.0110415	0	0
48.748	0.0110695	0	0
48.782	0.0110761	0	0
48.815	0.0109143	0	0
48.848	0.0109577	0	0
48.882	0.0108071	0	0
48.915	0.0108250	0	0
48.948	0.0106288	0	0
48.982	0.0106450	0	0
49.015	0.0105769	0	0
49.049	0.0107297	0	0
49.082	0.0109445	0	0
49.115	0.0109742	0	0
49.149	0.0111961	0	0
49.182	0.0113229	0	0
49.215	0.0114633	0	0
49.249	0.0116482	0	0
49.282	0.0113094	0	0
49.315	0.0113821	0	0
49.349	0.0111530	0	0
49.382	0.0110936	0	0
49.416	0.0105484	0	0
49.449	0.0106003	0	0
49.482	0.0103025	0	0
49.516	0.0102373	0	0
49.549	0.0100545	0	0
49.582	0.0100306	0	0
49.616	0.0103403	0	0
49.649	0.0107040	0	0
49.682	0.0107785	0	0
49.716	0.0105459	0	0
49.749	0.0110171	0	0
49.783	0.0108015	0	0
49.816	0.0106562	0	0
49.849	0.0105620	0	0
49.883	0.0110086	0	0
49.916	0.0108057	0	0
49.949	0.0104983	0	0
49.983	0.0102302	0	0
50.016	0.0101024	0	0
50.050	0.0096760	0	0
50.083	0.0097596	0	0
50.116	0.0102211	0	0
50.150	0.0104896	0	0
50.183	0.0106777	0	0
50.216	0.0114074	0	0
50.250	0.0114104	0	0
50.283	0.0127335	0	0
50.316	0.0143455	0	1
50.350	0.0160724	0	1
50.383	0.0174111	0	0
50.417	0.0186592	0	0
50.450	0.0187403	0	0
50.483	0.0184557	0	0
50.517	0.0176459	1	0
50.550	0.0161557	0	0
50.583	0.0152801	0	0
50.617	0.0138061	0	0
50.650	0.0123901	0	0
50.683	0.0117035	0	0
50.717	0.0112795	0	0
50.750	0.0103169	0	0
50.784	0.0100615	0	0
50.817	0.0100257	0	0
50.850	0.0098625	0	0
50.884	0.0100845	0	0
50.917	0.0105375	0	0
50.950	0.0107015	0	0
50.984	0.0106432	0	0
51.017	0.0104238	0	0
51.051	0.0104068	0	0
51.084	0.0103492	0	0
51.117	0.0103410	0	0
51.151	0.0103087	0	0
51.184	0.0102490	0	0
51.217	0.0103354	0	0
51.251	0.0102160	0	0
51.284	0.0104130	0	0
51.317	0.0103488	0	0
51.351	0.0105115	0	0
51.384	0.0103898	0	0
51.418	0.0106341	0	0
51.451	0.0108973	0	0
51.484	0.0110280	0	0
51.518	0.0112371	0	0
51.551	0.0109337	0	0
51.584	0.0106599	0	0
51.618	0.0105144	0	0
51.651	0.0103327	0	0
51.684	0.0100667	0	0
51.718	0.0106751	0	0
51.751	0.0106985	0	0
51.785	0.0108934	0	0
51.818	0.0109428	0	0
51.851	0.0113099	0	0
51.885	0.0107739	0	0
51.918	0.0107509	0	0
51.951	0.0099571	0	0
51.985	0.0097023	0	0
52.018	0.0093670	0	0
52.052	0.0093233	0	0
52.085	0.0092543	0	0
52.118	0.0098181	0	0
52.152	0.0102319	0	0
52.185	0.0102424	0	0
52.218	0.0105274	0	0
52.252	0.0107229	0	0
52.285	0.0105813	0	0
52.318	0.0105530	0	0
52.352	0.0106220	0	0
52.385	0.0103336	0	0
52.419	0.0102532	0	0
52.452	0.0102488	0	0
52.485	0.0103524	0	0
52.519	0.0107863	0	0
52.552	0.0110199	0	0
52.585	0.0109096	0	0
52.619	0.0108057	0	0
52.652	0.0113994	0	0
52.685	0.0110081	0	0
52.719	0.0111020	0	0
52.752	0.0114181	0	0
52.786	0.0111667	0	0
52.819	0.0102214	0	0
52.852	0.0107266	0	0
52.886	0.0109414	0	0
52.919	0.0108097	0	0
52.952	0.0108309	0	0
52.986	0.0108934	0	0
53.019	0.0105204	0	0
53.053	0.0099717	0	0
53.086	0.0098573	0	0
53.119	0.0101947	0	0
53.153	0.0102996	0	0
53.186	0.0102700	0	0
53.219	0.0118706	0	0
53.253	0.0138371	0	1
53.286	0.0155148	0	1
53.319	0.0172703	0	0
53.353	0.0184750	0	0
53.386	0.0183272	0	0
53.420	0.0171368	1	0
53.453	0.0158808	0	0
53.486	0.0145191	0	0
53.520	0.0131167	0	0
53.553	0.0119649	0	0
53.586	0.0113333	0	0
53.620	0.0107725	0	0
53.653	0.0102104	0	0
53.686	0.0103018	0	0
53.720	0.0099606	0	0
53.753	0.0093243	0	0
53.787	0.0094558	0	0
53.820	0.0097278	0	0
53.853	0.0097352	0	0
53.887	0.0103431	0	0
53.920	0.0106264	0	0
53.953	0.0105115	0	0
53.987	0.0102703	0	0
54.020	0.0098998	0	0
54.054	0.0094497	0	0
54.087	0.0098140	0	0
54.120	0.0097255	0	0
54.154	0.0097800	0	0
54.187	0.0102013	0	0
54.220	0.0102351	0	0
54.254	0.0097183	0	0
54.287	0.0097380	0	0
54.320	0.0099258	0	0
54.354	0.0097939	0	0
54.387	0.0094585	0	0
54.421	0.0102873	0	0
54.454	0.0099590	0	0
54.487	0.0097001	0	0
54.521	0.0096550	0	0
54.554	0.0100694	0	0
54.587	0.0097215	0	0
54.621	0.0102075	0	0
54.654	0.0104721	0	0
54.687	0.0106213	0	0
54.721	0.0110097	0	0
54.754	0.0110517	0	0
54.788	0.0109125	0	0
54.821	0.0107466	0	0
54.854	0.0111319	0	0
54.888	0.0114868	0	0
54.921	0.0111207	0	0
54.954	0.0113444	0	0
54.988	0.0118902	0	0
55.021	0.0114903	0	0
55.055	0.0105617	0	0
55.088	0.0107655	0	0
55.121	0.0107280	0	0
55.155	0.0101394	0	0
55.188	0.0099406	0	0
55.221	0.0101252	0	0
55.255	0.0099231	0	0
55.288	0.0098040	0	0
55.321	0.0100503	0	0
55.355	0.0099815	0	0
55.388	0.0098962	0	0
55.422	0.0099450	0	0
55.455	0.0095495	0	0
55.488	0.0094821	0	0
55.522	0.0098322	0	0
55.555	0.0095755	0	0
55.588	0.0097399	0	0
55.622	0.0101620	0	0
55.655	0.0100757	0	0
55.688	0.0101857	0	0
55.722	0.0106294	0	0
55.755	0.0106484	0	0
55.789	0.0106214	0	0
55.822	0.0108084	0	0
55.855	0.0104027	0	0
55.889	0.0105661	0	0
55.922	0.0103805	0	0
55.955	0.0103220	0	0
55.989	0.0099059	0	0
56.022	0.0102917	0	0
56.056	0.0101574	0	0
56.089	0.0103244	0	0
56.122	0.0102125	0	0
56.156	0.0109322	0	0
56.189	0.0113712	0	0
56.222	0.0122093	0	0
56.256	0.0137594	0	0
56.289	0.0149466	0	0
56.322	0.0157478	0	0
56.356	0.0165089	0	0
56.389	0.0168800	0	0
56.423	0.0167894	0	0
56.456	0.0172721	1	0
56.489	0.0172579	1	0
56.523	0.0166131	0	0
56.556	0.0160530	0	0
56.589	0.0162021	0	0
56.623	0.0162242	0	1
56.656	0.0168398	0	1
56.689	0.0173953	0	0
56.723	0.0182380	0	0
56.756	0.0180975	0	0
56.790	0.0181383	1	0
56.823	0.0185785	1	0
56.856	0.0197612	1	0
56.890	0.0207044	1	0
56.923	0.0218222	1	0
56.956	0.0227521	1	0
56.990	0.0228109	1	0
57.023	0.0225513	1	0
57.057	0.0223367	1	0
57.090	0.0218553	1	0
57.123	0.0214965	1	0
57.157	0.0214828	1	0
57.190	0.0216956	1	0
57.223	0.0218014	1	0
57.257	0.0218460	1	0
57.290	0.0223376	1	0
57.323	0.0224222	1	0
57.357	0.0219192	1	0
57.390	0.0215725	1	0
57.424	0.0216840	1	0
57.457	0.0215158	1	0
57.490	0.0213311	1	0
57.524	0.0216071	1	0
57.557	0.0220016	1	0
57.590	0.0220122	1	0
57.624	0.0216685	1	0
57.657	0.0216507	1	0
57.690	0.0218574	1	0
57.724	0.0214718	1	0
57.757	0.0214317	1	0
57.791	0.0208162	1	0
57.824	0.0190988	1	0
57.857	0.0170809	1	0
57.891	0.0152268	0	0
57.924	0.0135715	0	0
57.957	0.0121214	0	0
57.991	0.0119014	0	0
58.024	0.0118468	0	0
58.058	0.0112784	0	0
58.091	0.0110938	0	0
58.124	0.0109035	0	0
58.158	0.0111665	0	0
58.191	0.0110730	0	0
58.224	0.0114562	0	0
58.258	0.0115288	0	0
58.291	0.0122065	0	0
58.324	0.0123911	0	0
58.358	0.0127734	0	0
58.391	0.0134952	0	0
58.425	0.0141972	0	0
58.458	0.0146746	0	0
58.491	0.0148083	0	0
58.525	0.0147941	0	0
58.558	0.0153726	0	1
58.591	0.0156295	0	1
58.625	0.0162798	0	1
58.658	0.0169863	0	1
58.691	0.0175235	0	0
58.725	0.0174061	0	0
58.758	0.0177373	1	0
58.792	0.0177348	1	0
58.825	0.0182685	1	0
58.858	0.0189623	1	0
58.892	0.0198751	1	0
58.925	0.0211424	1	0
58.958	0.0224067	1	0
58.992	0.0229323	1	0
59.025	0.0234141	1	0
59.059	0.0232547	1	0
59.092	0.0224664	1	0
59.125	0.0218709	1	0
59.159	0.0212464	1	0
59.192	0.0206193	1	0
59.225	0.0205913	1	0
59.259	0.0205513	1	0
59.292	0.0202862	1	0
59.325	0.0203383	1	0
59.359	0.0205852	1	0
59.392	0.0206196	1	0
59.426	0.0208582	1	0
59.459	0.0213068	1	0
59.492	0.0218291	1	0
59.526	0.0224657	1	0
59.559	0.0228329	1	0
59.592	0.0227655	1	0
59.626	0.0226944	1	0
59.659	0.0225696	1	0
59.692	0.0221670	1	0
59.726	0.0221125	1	0
59.759	0.0220235	1	0
59.793	0.0216824	1	0
59.826	0.0215192	1	0
59.859	0.0214189	1	0
59.893	0.0213519	1	0
59.926	0.0214661	1	0
59.959	0.0219144	1	0
59.993	0.0219277	1	0
60.026	0.0220979	1	0
60.060	0.0222115	1	0
60.093	0.0221376	1	0
60.126	0.0214028	1	0
60.160	0.0213853	1	0
60.193	0.0212377	1	0
60.226	0.0214397	1	0
60.260	0.0214606	1	0
60.293	0.0217304	1	0
60.326	0.0217534	1	0
60.360	0.0216860	1	0
60.393	0.0210047	1	0
60.427	0.0205844	1	0
60.460	0.0205841	1	0
60.493	0.0202923	1	0
60.527	0.0201564	1	0
60.560	0.0202012	1	0
60.593	0.0202489	1	0
60.627	0.0200100	1	0
60.660	0.0200998	1	0
60.693	0.0200377	1	0
60.727	0.0200265	1	0
60.760	0.0202086	1	0
60.794	0.0201914	1	0
60.827	0.0200385	1	0
60.860	0.0203470	1	0
60.894	0.0206628	1	0
60.927	0.0206954	1	0
60.960	0.0211986	1	0
60.994	0.0211574	1	0
61.027	0.0212916	1	0
61.061	0.0215271	1	0
61.094	0.0218269	1	0
61.127	0.0215019	1	0
61.161	0.0218799	1	0
61.194	0.0218840	1	0
61.227	0.0217621	1	0
61.261	0.0216607	1	0
61.294	0.0217909	1	0
61.327	0.0220220	1	0
61.361	0.0220088	1	0
61.394	0.0218816	1	0
61.428	0.0216978	1	0
61.461	0.0217620	1	0
61.494	0.0216380	1	0
61.528	0.0218791	1	0
61.561	0.0222232	1	0
61.594	0.0223799	1	0
61.628	0.0224518	1	0
61.661	0.0222850	1	0
61.694	0.0218860	1	0
61.728	0.0215158	1	0
61.761	0.0214135	1	0
61.795	0.0214515	1	0
61.828	0.0216693	1	0
61.861	0.0218699	1	0
61.895	0.0218020	1	0
61.928	0.0220060	1	0
61.961	0.0220235	1	0
61.995	0.0217066	1	0
62.028	0.0214245	1	0
62.062	0.0213095	1	0
62.095	0.0209545	1	0
62.128	0.0206671	1	0
62.162	0.0210758	1	0
62.195	0.0210831	1	0
62.228	0.0216660	1	0
62.262	0.0215024	1	0
62.295	0.0217204	1	0
62.328	0.0215362	1	0
62.362	0.0218586	1	0
62.395	0.0216984	1	0
62.429	0.0219508	1	0
62.462	0.0221779	1	0
62.495	0.0223862	1	0
62.529	0.0221170	1	0
62.562	0.0218913	1	0
62.595	0.0220840	1	0
62.629	0.0220816	1	0
62.662	0.0218884	1	0
62.695	0.0216899	1	0
62.729	0.0221130	1	0
62.762	0.0220419	1	0
62.796	0.0220768	1	0
62.829	0.0222253	1	0
62.862	0.0226025	1	0
62.896	0.0222721	1	0
62.929	0.0222301	1	0
62.962	0.0223433	1	0
62.996	0.0222157	1	0
63.029	0.0224176	1	0
63.063	0.0222887	1	0
63.096	0.0222172	1	0
63.129	0.0217733	1	0
63.163	0.0199418	1	0
63.196	0.0182505	0	0
63.229	0.0175189	0	0
63.263	0.0168393	0	1
63.296	0.0160119	0	1
63.329	0.0166932	0	1
63.363	0.0166759	0	1
63.396	0.0162868	0	1
63.430	0.0156531	0	1
63.463	0.0155924	0	0
63.496	0.0155358	0	0
63.530	0.0162217	0	0
63.563	0.0168168	0	0
63.596	0.0171615	1	0
63.630	0.0171937	1	0
63.663	0.0176273	1	0
63.696	0.0173822	1	0
63.730	0.0174055	1	0
63.763	0.0176794	1	0
63.797	0.0179880	1	0
63.830	0.0179439	1	0
63.863	0.0182081	1	0
63.897	0.0185032	1	0
63.930	0.0186593	1	0
63.963	0.0183982	1	0
63.997	0.0185098	1	0
64.030	0.0186989	1	0
64.064	0.0183834	1	0
64.097	0.0188389	1	0
64.130	0.0193182	1	0
64.164	0.0194405	1	0
64.197	0.0194355	1	0
64.230	0.0195623	1	0
64.264	0.0196780	1	0
64.297	0.0197625	1	0
64.330	0.0201996	1	0
64.364	0.0207254	1	0
64.397	0.0207508	1	0
64.431	0.0207952	1	0
64.464	0.0209373	1	0
64.497	0.0206287	1	0
64.531	0.0201368	1	0
64.564	0.0205934	1	0
64.597	0.0202246	1	0
64.631	0.0198372	1	0
64.664	0.0198720	1	0
64.697	0.0200021	1	0
64.731	0.0195068	1	0
64.764	0.0192719	1	0
64.798	0.0196037	1	0
64.831	0.0195565	1	0
64.864	0.0192405	1	0
64.898	0.0191394	1	0
64.931	0.0192548	1	0
64.964	0.0185587	1	0
64.998	0.0181906	1	0
65.031	0.0179273	1	0
65.065	0.0174958	1	0
65.098	0.0169215	0	0
65.131	0.0170816	1	0
65.165	0.0170619	1	0
65.198	0.0170828	1	0
65.231	0.0168505	0	0
65.265	0.0170660	1	0
65.298	0.0171466	1	0
65.331	0.0170668	1	0
65.365	0.0170963	1	0
65.398	0.0173060	1	0
65.432	0.0173267	1	0
65.465	0.0169993	0	0
65.498	0.0170259	1	0
65.532	0.0170451	1	0
65.565	0.0165281	0	0
65.598	0.0158283	0	0
65.632	0.0149197	0	0
65.665	0.0141753	0	0
65.698	0.0132179	0	0
65.732	0.0134000	0	0
65.765	0.0136146	0	0
65.799	0.0138445	0	0
65.832	0.0138225	0	0
65.865	0.0141249	0	0
65.899	0.0140459	0	0
65.932	0.0141153	0	0
65.965	0.0147641	0	0
65.999	0.0152114	0	0
66.032	0.0158233	0	0
66.066	0.0160463	0	0
66.099	0.0164384	0	0
66.132	0.0165212	0	0
66.166	0.0170956	1	0
66.199	0.0178421	1	0
66.232	0.0187582	1	0
66.266	0.0195856	1	0
66.299	0.0195656	1	0
66.332	0.0189808	1	0
66.366	0.0188724	1	0
66.399	0.0193107	0	0
66.433	0.0193968	0	0
66.466	0.0204947	0	0
66.499	0.0216691	0	0
66.533	0.0219902	0	0
66.566	0.0219603	0	0
66.599	0.0217362	0	0
66.633	0.0215302	0	0
66.666	0.0210858	0	0
66.699	0.0206942	0	0
66.733	0.0199700	1	0
66.766	0.0199824	1	0
66.800	0.0193807	1	0
66.833	0.0195474	1	0
66.866	0.0201888	1	0
66.900	0.0207844	1	0
66.933	0.0208626	1	0
66.966	0.0213786	1	0
67.000	0.0215057	1	0
67.033	0.0214625	1	0
67.067	0.0216452	1	0
67.100	0.0219468	1	0
67.133	0.0217209	1	0
67.167	0.0206776	1	0
67.200	0.0202045	1	0
67.233	0.0199111	0	0
67.267	0.0197765	0	0
67.300	0.0204121	0	0
67.333	0.0217747	0	0
67.367	0.0221169	0	0
67.400	0.0223570	0	0
67.434	0.0222648	0	0
67.467	0.0223121	0	0
67.500	0.0222227	0	0
67.534	0.0215457	0	0
67.567	0.0215829	0	0
67.600	0.0213620	1	0
67.634	0.0210838	1	0
67.667	0.0212023	1	0
67.700	0.0213909	1	0
67.734	0.0214994	1	0
67.767	0.0229138	1	0
67.801	0.0238607	1	0
67.834	0.0247797	1	0
67.867	0.0265139	1	0
67.901	0.0274184	1	0
67.934	0.0253484	1	0
67.967	0.0239056	1	0
68.001	0.0223824	0	0
68.034	0.0214536	0	0
68.068	0.0207503	0	0
68.101	0.0221961	0	0
68.134	0.0229307	0	0
68.168	0.0235467	0	0
68.201	0.0232938	1	0
68.234	0.0236874	1	0
68.268	0.0239036	1	0
68.301	0.0243136	1	0
68.334	0.0259524	1	0
68.368	0.0275264	1	0
68.401	0.0280154	1	0
68.435	0.0286820	1	0
68.468	0.0291771	1	0
68.501	0.0285005	1	0
68.535	0.0286082	1	0
68.568	0.0283061	1	0
68.601	0.0279213	1	0
68.635	0.0281098	1	0
68.668	0.0280228	1	0
68.701	0.0267260	1	0
68.735	0.0264980	1	0
68.768	0.0261701	1	0
68.802	0.0255650	1	0
68.835	0.0251012	1	0
68.868	0.0252745	1	0
68.902	0.0247013	1	0
68.935	0.0253541	1	0
68.968	0.0252256	1	0
69.002	0.0256244	1	0
69.035	0.0252967	1	0
69.069	0.0259049	1	0
69.102	0.0250716	1	0
69.135	0.0247526	1	0
69.169	0.0245452	1	0
69.202	0.0247681	1	0
69.235	0.0252182	1	0
69.269	0.0251927	1	0
69.302	0.0253887	1	0
69.335	0.0252136	1	0
69.369	0.0253648	1	0
69.402	0.0245437	1	0
69.436	0.0249966	1	0
69.469	0.0253668	1	0
69.502	0.0248727	1	0
69.536	0.0247703	1	0
69.569	0.0251417	1	0
69.602	0.0243737	1	0
69.636	0.0243146	1	0
69.669	0.0247932	1	0
69.702	0.0250390	1	0
69.736	0.0248384	1	0
69.769	0.0253812	1	0
69.803	0.0254061	1	0
69.836	0.0255695	1	0
69.869	0.0253896	1	0
69.903	0.0257002	1	0
69.936	0.0256103	1	0
69.969	0.0253317	1	0
70.003	0.0251200	1	0
70.036	0.0250998	1	0
70.070	0.0245871	1	0
70.103	0.0246358	1	0
70.136	0.0250435	1	0
70.170	0.0249259	1	0
70.203	0.0248650	1	0
70.236	0.0259116	1	0
70.270	0.0259181	1	0
70.303	0.0260260	1	0
70.336	0.0264119	1	0
70.370	0.0268054	1	0
70.403	0.0265731	1	0
70.437	0.0266883	1	0
70.470	0.0263103	1	0
70.503	0.0263277	1	0
70.537	0.0264710	1	0
70.570	0.0264414	1	0
70.603	0.0265381	1	0
70.637	0.0266403	1	0
70.670	0.0268841	1	0
70.703	0.0268355	1	0
70.737	0.0263063	1	0
70.770	0.0261571	1	0
70.804	0.0257635	1	0
70.837	0.0256074	1	0
70.870	0.0253854	1	0
70.904	0.0256104	1	0
70.937	0.0259932	1	0
70.970	0.0261406	1	0
71.004	0.0259175	1	0
71.037	0.0263381	1	0
71.071	0.0260638	1	0
71.104	0.0259156	1	0
71.137	0.0264301	1	0
71.171	0.0266058	1	0
71.204	0.0261882	1	0
71.237	0.0262690	1	0
71.271	0.0265988	1	0
71.304	0.0247945	1	0
71.337	0.0227883	0	0
71.371	0.0213872	0	0
71.404	0.0200996	0	0
71.438	0.0185902	0	0
71.471	0.0191032	0	0
71.504	0.0197688	0	0
71.538	0.0196282	0	0
71.571	0.0200176	1	0
71.604	0.0202942	1	0
71.638	0.0205320	1	0
71.671	0.0207762	1	0
71.704	0.0214684	1	0
71.738	0.0220005	1	0
71.771	0.0222600	1	0
71.805	0.0224540	1	0
71.838	0.0233642	1	0
71.871	0.0240735	1	0
71.905	0.0241785	1	0
71.938	0.0241857	1	0
71.971	0.0246595	1	0
72.005	0.0248720	1	0
72.038	0.0251220	1	0
72.072	0.0254065	1	0
72.105	0.0256790	1	0
72.138	0.0257536	1	0
72.172	0.0261519	1	0
72.205	0.0261263	1	0
72.238	0.0261739	1	0
72.272	0.0259902	1	0
72.305	0.0249245	1	0
72.338	0.0239972	1	0
72.372	0.0229230	1	0
72.405	0.0223067	1	0
72.439	0.0219646	1	0
72.472	0.0226368	1	0
72.505	0.0228692	1	0
72.539	0.0233055	1	0
72.572	0.0233561	1	0
72.605	0.0235119	1	0
72.639	0.0238903	1	0
72.672	0.0239852	1	0
72.705	0.0240049	1	0
72.739	0.0240262	1	0
72.772	0.0245610	1	0
72.806	0.0242536	1	0
72.839	0.0239205	1	0
72.872	0.0234567	1	0
72.906	0.0232208	1	0
72.939	0.0230019	1	0
72.972	0.0232000	1	0
73.006	0.0230415	1	0
73.039	0.0236005	1	0
73.073	0.0241586	1	0
73.106	0.0237991	1	0
73.139	0.0234253	1	0
73.173	0.0233442	1	0
73.206	0.0232507	1	0
73.239	0.0232003	1	0
73.273	0.0232048	1	0
73.306	0.0232853	1	0
73.339	0.0234047	1	0
73.373	0.0234348	1	0
73.406	0.0227562	1	0
73.440	0.0225258	1	0
73.473	0.0220759	1	0
73.506	0.0212078	1	0
73.540	0.0207305	1	0
73.573	0.0210397	1	0
73.606	0.0207296	1	0
73.640	0.0210978	1	0
73.673	0.0214707	1	0
73.706	0.0215849	1	0
73.740	0.0210918	1	0
73.773	0.0200681	1	0
73.807	0.0184851	1	0
73.840	0.0183584	0	0
73.873	0.0179546	0	0
73.907	0.0179918	0	0
73.940	0.0193086	0	0
73.973	0.0206839	0	0
74.007	0.0204290	0	0
74.040	0.0207447	0	0
74.074	0.0212162	1	0
74.107	0.0212348	1	0
74.140	0.0214479	1	0
74.174	0.0220068	1	0
74.207	0.0221175	1	0
74.240	0.0220218	1	0
74.274	0.0225456	1	0
74.307	0.0225142	1	0
74.340	0.0235608	1	0
74.374	0.0241019	1	0
74.407	0.0248110	1	0
74.441	0.0251519	1	0
74.474	0.0255802	1	0
74.507	0.0248701	1	0
74.541	0.0260537	1	0
74.574	0.0259492	1	0
74.607	0.0256063	1	0
74.641	0.0257557	1	0
74.674	0.0261118	1	0
74.707	0.0247129	1	0
74.741	0.0247460	1	0
74.774	0.0243854	1	0
74.808	0.0238428	1	0
74.841	0.0236115	1	0
74.874	0.0237371	1	0
74.908	0.0232109	1	0
74.941	0.0234936	1	0
74.974	0.0237114	1	0
75.008	0.0234542	1	0
75.041	0.0232780	1	0
75.075	0.0235733	1	0
75.108	0.0237755	1	0
75.141	0.0241895	1	0
75.175	0.0246373	1	0
75.208	0.0248471	1	0
75.241	0.0247983	1	0
75.275	0.0245393	1	0
75.308	0.0243501	1	0
75.341	0.0246747	1	0
75.375	0.0245867	1	0
75.408	0.0243290	1	0
75.442	0.0245893	1	0
75.475	0.0240125	1	0
75.508	0.0234980	1	0
75.542	0.0238637	1	0
75.575	0.0241434	1	0
75.608	0.0238619	1	0
75.642	0.0240770	1	0
75.675	0.0244742	1	0
75.708	0.0246213	1	0
75.742	0.0245827	1	0
75.775	0.0247273	1	0
75.809	0.0247270	1	0
75.842	0.0244429	1	0
75.875	0.0240787	1	0
75.909	0.0242819	1	0
75.942	0.0243619	1	0
75.975	0.0243236	1	0
76.009	0.0244014	1	0
76.042	0.0238547	1	0
76.076	0.0236253	1	0
76.109	0.0229534	1	0
76.142	0.0227780	1	0
76.176	0.0225722	1	0
76.209	0.0229119	1	0
76.242	0.0228225	1	0
76.276	0.0233711	1	0
76.309	0.0236277	1	0
76.342	0.0235859	1	0
76.376	0.0237171	1	0
76.409	0.0235958	1	0
76.443	0.0240901	1	0
76.476	0.0243350	1	0
76.509	0.0246041	1	0
76.543	0.0244074	1	0
76.576	0.0246434	1	0
76.609	0.0232364	1	0
76.643	0.0212843	1	0
76.676	0.0201800	0	0
76.709	0.0195783	0	0
76.743	0.0193808	0	0
76.776	0.0202040	0	0
76.810	0.0219794	0	0
76.843	0.0229217	1	0
76.876	0.0231614	1	0
76.910	0.0237688	1	0
76.943	0.0249631	1	0
76.976	0.0262012	1	0
77.010	0.0264492	1	0
77.043	0.0268286	1	0
77.077	0.0267141	1	0
77.110	0.0256573	1	0
77.143	0.0244115	1	0
77.177	0.0241424	1	0
77.210	0.0239060	1	0
77.243	0.0236567	1	0
77.277	0.0234949	1	0
77.310	0.0232399	1	0
77.343	0.0231369	1	0
77.377	0.0232403	1	0
77.410	0.0233175	1	0
77.444	0.0234058	1	0
77.477	0.0233678	1	0
77.510	0.0235887	1	0
77.544	0.0239566	1	0
77.577	0.0240952	1	0
77.610	0.0236874	1	0
77.644	0.0240697	1	0
77.677	0.0239969	1	0
77.710	0.0242515	1	0
77.744	0.0244209	1	0
77.777	0.0251218	1	0
77.811	0.0254243	1	0
77.844	0.0253491	1	0
77.877	0.0247576	1	0
77.911	0.0243731	1	0
77.944	0.0240135	1	0
77.977	0.0235183	1	0
78.011	0.0230667	1	0
78.044	0.0233336	1	0
78.078	0.0232976	1	0
78.111	0.0234397	1	0
78.144	0.0235605	1	0
78.178	0.0244147	1	0
78.211	0.0242471	1	0
78.244	0.0245071	1	0
78.278	0.0246114	1	0
78.311	0.0242952	1	0
78.344	0.0238561	1	0
78.378	0.0238601	1	0
78.411	0.0234387	1	0
78.445	0.0232167	1	0
78.478	0.0234326	1	0
78.511	0.0233175	1	0
78.545	0.0233269	1	0
78.578	0.0235572	1	0
78.611	0.0231671	1	0
78.645	0.0230044	1	0
78.678	0.0236478	1	0
78.711	0.0235376	1	0
78.745	0.0232092	1	0
78.778	0.0236378	1	0
78.812	0.0239231	1	0
78.845	0.0235855	1	0
78.878	0.0236024	1	0
78.912	0.0240734	1	0
78.945	0.0241311	1	0
78.978	0.0244664	1	0
79.012	0.0242259	1	0
79.045	0.0245379	1	0
79.079	0.0243018	1	0
79.112	0.0241468	1	0
79.145	0.0241147	1	0
79.179	0.0240521	1	0
79.212	0.0236856	1	0
79.245	0.0239369	1	0
79.279	0.0241767	1	0
79.312	0.0242778	1	0
79.345	0.0245511	1	0
79.379	0.0248148	1	0
79.412	0.0250954	1	0
79.446	0.0252759	1	0
79.479	0.0253503	1	0
79.512	0.0252567	1	0
79.546	0.0255537	1	0
79.579	0.0254151	1	0
79.612	0.0252122	1	0
79.646	0.0251331	1	0
79.679	0.0255901	1	0
79.712	0.0257125	1	0
79.746	0.0255057	1	0
79.779	0.0254520	1	0
79.813	0.0252185	1	0
79.846	0.0250854	1	0
79.879	0.0250040	1	0
79.913	0.0253978	1	0
79.946	0.0255941	1	0
79.979	0.0256192	1	0
80.013	0.0251399	1	0
80.046	0.0248574	1	0
80.080	0.0245331	1	0
80.113	0.0241064	1	0
80.146	0.0242454	1	0
80.180	0.0247030	1	0
80.213	0.0247327	1	0
80.246	0.0249649	1	0
80.280	0.0251740	1	0
80.313	0.0249644	1	0
80.346	0.0251216	1	0
80.380	0.0249795	1	0
80.413	0.0248279	1	0
80.447	0.0250434	1	0
80.480	0.0250429	1	0
80.513	0.0248074	1	0
80.547	0.0252811	1	0
80.580	0.0252898	1	0
80.613	0.0250449	1	0
80.647	0.0249409	1	0
80.680	0.0250520	1	0
80.713	0.0247585	1	0
80.747	0.0242983	1	0
80.780	0.0241753	1	0
80.814	0.0243429	1	0
80.847	0.0229456	1	0
80.880	0.0213552	1	0
80.914	0.0205434	0	0
80.947	0.0200565	0	0
80.980	0.0197079	0	0
81.014	0.0205829	0	0
81.047	0.0214353	0	0
81.081	0.0220363	0	0
81.114	0.0225410	0	0
81.147	0.0228705	1	0
81.181	0.0225545	1	0
81.214	0.0227353	1	0
81.247	0.0231941	1	0
81.281	0.0230989	1	0
81.314	0.0230184	1	0
81.347	0.0237289	1	0
81.381	0.0242517	1	0
81.414	0.0237635	1	0
81.448	0.0242018	1	0
81.481	0.0239973	1	0
81.514	0.0240195	1	0
81.548	0.0248230	1	0
81.581	0.0258945	1	0
81.614	0.0260017	1	0
81.648	0.0265434	1	0
81.681	0.0265697	1	0
81.714	0.0259164	1	0
81.748	0.0261111	1	0
81.781	0.0268400	1	0
81.815	0.0265755	1	0
81.848	0.0274904	1	0
81.881	0.0280944	1	0
81.915	0.0281630	1	0
81.948	0.0274784	1	0
81.981	0.0282221	1	0
82.015	0.0276789	1	0
82.048	0.0273357	1	0
82.082	0.0268277	1	0
82.115	0.0269577	1	0
82.148	0.0263904	1	0
82.182	0.0261616	1	0
82.215	0.0258162	1	0
82.248	0.0259264	1	0
82.282	0.0258846	1	0
82.315	0.0259706	1	0
82.348	0.0262032	1	0
82.382	0.0263968	1	0
82.415	0.0261251	1	0
82.449	0.0262184	1	0
82.482	0.0260834	1	0
82.515	0.0259626	1	0
82.549	0.0260647	1	0
82.582	0.0261424	1	0
82.615	0.0257613	1	0
82.649	0.0256522	1	0
82.682	0.0254501	1	0
82.715	0.0250974	1	0
82.749	0.0254580	1	0
82.782	0.0257718	1	0
82.816	0.0258649	1	0
82.849	0.0259828	1	0
82.882	0.0265633	1	0
82.916	0.0263899	1	0
82.949	0.0262763	1	0
82.982	0.0266227	1	0
83.016	0.0266826	1	0
83.049	0.0262337	1	0
83.083	0.0267326	1	0
83.116	0.0265646	1	0
83.149	0.0262836	1	0
83.183	0.0264322	1	0
83.216	0.0268282	1	0
83.249	0.0266224	1	0
83.283	0.0270899	1	0
83.316	0.0273558	1	0
83.349	0.0270333	1	0
83.383	0.0267655	1	0
83.416	0.0264377	1	0
83.450	0.0263883	1	0
83.483	0.0263419	1	0
83.516	0.0265224	1	0
83.550	0.0270992	1	0
83.583	0.0273124	1	0
83.616	0.0272845	1	0
83.650	0.0272209	1	0
83.683	0.0271970	1	0
83.716	0.0268366	1	0
83.750	0.0266711	1	0
83.783	0.0264656	1	0
83.817	0.0263699	1	0
83.850	0.0266711	1	0
83.883	0.0265468	1	0
83.917	0.0262341	1	0
83.950	0.0264620	1	0
83.983	0.0266847	1	0
84.017	0.0263790	1	0
84.050	0.0265322	1	0
84.084	0.0269563	1	0
84.117	0.0267686	1	0
84.150	0.0266921	1	0
84.184	0.0271046	1	0
84.217	0.0269594	1	0
84.250	0.0270904	1	0
84.284	0.0273358	1	0
84.317	0.0277691	1	0
84.350	0.0274695	1	0
84.384	0.0278738	1	0
84.417	0.0275701	1	0
84.451	0.0275215	1	0
84.484	0.0277383	1	0
84.517	0.0260500	1	0
84.551	0.0237169	1	0
84.584	0.0224685	0	0
84.617	0.0210220	0	0
84.651	0.0191303	0	0
84.684	0.0200149	0	0
84.717	0.0209485	0	0
84.751	0.0214511	0	0
84.784	0.0214618	0	0
84.818	0.0216829	0	0
84.851	0.0211157	0	0
84.884	0.0211116	0	0
84.918	0.0206569	0	0
84.951	0.0209204	0	0
84.984	0.0207287	0	0
85.018	0.0208423	0	0
85.051	0.0207000	0	0
85.085	0.0208025	0	0
85.118	0.0205697	0	0
85.151	0.0207356	0	0
85.185	0.0213010	0	0
85.218	0.0220007	0	0
85.251	0.0236426	0	0
85.285	0.0256215	0	0
85.318	0.0274701	0	0
85.351	0.0286761	0	0
85.385	0.0289520	0	0
85.418	0.0272184	0	0
85.452	0.0257064	0	0
85.485	0.0237854	0	0
85.518	0.0228522	0	0
85.552	0.0235516	1	0
85.585	0.0244837	1	0
85.618	0.0237462	1	0
85.652	0.0247562	1	0
85.685	0.0254988	0	0
85.718	0.0251018	0	0
85.752	0.0259078	0	0
85.785	0.0285751	0	0
85.819	0.0301520	0	0
85.852	0.0313342	0	0
85.885	0.0328224	0	0
85.919	0.0341880	0	0
85.952	0.0343294	0	0
85.985	0.0332710	0	0
86.019	0.0309667	0	0
86.052	0.0279807	0	0
86.086	0.0245112	0	0
86.119	0.0220690	1	0
86.152	0.0201984	1	0
86.186	0.0188491	1	0
86.219	0.0195717	0	0
86.252	0.0207424	0	0
86.286	0.0211055	0	0
86.319	0.0215323	0	0
86.352	0.0221081	0	0
86.386	0.0214644	1	0
86.419	0.0202419	1	0
86.453	0.0200696	1	0
86.486	0.0197820	0	0
86.519	0.0208066	0	0
86.553	0.0213502	0	0
86.586	0.0224283	0	0
86.619	0.0227943	1	0
86.653	0.0233362	1	0
86.686	0.0233403	1	0
86.719	0.0241302	1	0
86.753	0.0254681	1	0
86.786	0.0258148	1	0
86.820	0.0260947	1	0
86.853	0.0265035	1	0
86.886	0.0259661	1	0
86.920	0.0246307	1	0
86.953	0.0248627	1	0
86.986	0.0247840	1	0
87.020	0.0244066	1	0
87.053	0.0242090	1	0
87.087	0.0242092	1	0
87.120	0.0236533	1	0
87.153	0.0236679	1	0
87.187	0.0234470	1	0
87.220	0.0239088	1	0
87.253	0.0242896	1	0
87.287	0.0245664	1	0
87.320	0.0246384	1	0
87.353	0.0250247	1	0
87.387	0.0249867	1	0
87.420	0.0245094	1	0
87.454	0.0247010	1	0
87.487	0.0249577	1	0
87.520	0.0246413	1	0
87.554	0.0244094	1	0
87.587	0.0245640	1	0
87.620	0.0240403	1	0
87.654	0.0233289	1	0
87.687	0.0234985	1	0
87.720	0.0234279	1	0
87.754	0.0233279	1	0
87.787	0.0233761	1	0
87.821	0.0239608	1	0
87.854	0.0235643	1	0
87.887	0.0233755	1	0
87.921	0.0233557	1	0
87.954	0.0233672	1	0
87.987	0.0229922	1	0
88.021	0.0227085	1	0
88.054	0.0225666	1	0
88.088	0.0225270	1	0
88.121	0.0222458	1	0
88.154	0.0222615	1	0
88.188	0.0228412	1	0
88.221	0.0228196	1	0
88.254	0.0226423	1	0
88.288	0.0229401	1	0
88.321	0.0227678	1	0
88.354	0.0223692	1	0
88.388	0.0229459	1	0
88.421	0.0233838	1	0
88.455	0.0234590	1	0
88.488	0.0234965	1	0
88.521	0.0238470	1	0
88.555	0.0236979	1	0
88.588	0.0233443	1	0
88.621	0.0228343	1	0
88.655	0.0213688	1	0
88.688	0.0207855	0	0
88.721	0.0199190	0	0
88.755	0.0194583	0	0
88.788	0.0189352	0	0
88.822	0.0198752	0	0
88.855	0.0197709	0	0
88.888	0.0198659	1	0
88.922	0.0200590	1	0
88.955	0.0207457	1	0
88.988	0.0216839	1	0
89.022	0.0225790	1	0
89.055	0.0237699	1	0
89.089	0.0244462	1	0
89.122	0.0247316	1	0
89.155	0.0245371	1	0
89.189	0.0238593	1	0
89.222	0.0229294	1	0
89.255	0.0224585	1	0
89.289	0.0223035	1	0
89.322	0.0221226	1	0
89.355	0.0227044	1	0
89.389	0.0227512	1	0
89.422	0.0225589	1	0
89.456	0.0225749	1	0
89.489	0.0223849	1	0
89.522	0.0216565	1	0
89.556	0.0216928	1	0
89.589	0.0218143	1	0
89.622	0.0217548	1	0
89.656	0.0224403	1	0
89.689	0.0232362	1	0
89.722	0.0235578	1	0
89.756	0.0236650	1	0
89.789	0.0238374	1	0
89.823	0.0234515	1	0
89.856	0.0230559	1	0
89.889	0.0229869	1	0
89.923	0.0230642	1	0
89.956	0.0231312	1	0
89.989	0.0230668	1	0
90.023	0.0233493	1	0
90.056	0.0234740	1	0
90.090	0.0234347	1	0
90.123	0.0233790	1	0
90.156	0.0237838	1	0
90.190	0.0236193	1	0
90.223	0.0239477	1	0
90.256	0.0244366	1	0
90.290	0.0246161	1	0
90.323	0.0243796	1	0
90.356	0.0240517	1	0
90.390	0.0239360	1	0
90.423	0.0235122	1	0
90.457	0.0233186	1	0
90.490	0.0231503	1	0
90.523	0.0236825	1	0
90.557	0.0235282	1	0
90.590	0.0238687	1	0
90.623	0.0237615	1	0
90.657	0.0236489	1	0
90.690	0.0235048	1	0
90.723	0.0231112	1	0
90.757	0.0225195	1	0
90.790	0.0222356	1	0
90.824	0.0221774	1	0
90.857	0.0223752	1	0
90.890	0.0224732	1	0
90.924	0.0223370	1	0
90.957	0.0224568	1	0
90.990	0.0222500	1	0
91.024	0.0216998	1	0
91.057	0.0216163	1	0
91.091	0.0218625	1	0
91.124	0.0222123	1	0
91.157	0.0225306	1	0
91.191	0.0223030	1	0
91.224	0.0220532	1	0
91.257	0.0220855	1	0
91.291	0.0216944	1	0
91.324	0.0212906	1	0
91.357	0.0217736	1	0
91.391	0.0216537	1	0
91.424	0.0211368	1	0
91.458	0.0208244	1	0
91.491	0.0209029	1	0
91.524	0.0205130	1	0
91.558	0.0209761	1	0
91.591	0.0208013	1	0
91.624	0.0205823	1	0
91.658	0.0201707	1	0
91.691	0.0198202	1	0
91.724	0.0192298	1	0
91.758	0.0193527	1	0
91.791	0.0197862	1	0
91.825	0.0200781	1	0
91.858	0.0203806	1	0
91.891	0.0203479	1	0
91.925	0.0188420	1	0
91.958	0.0184625	1	0
91.991	0.0185715	0	0
92.025	0.0184734	0	0
92.058	0.0186430	0	0
92.092	0.0202540	0	0
92.125	0.0204775	0	0
92.158	0.0202221	0	0
92.192	0.0207426	0	0
92.225	0.0207928	0	0
92.258	0.0208312	0	0
92.292	0.0207274	0	0
92.325	0.0208282	1	0
92.358	0.0206099	1	0
92.392	0.0215924	1	0
92.425	0.0223058	1	0
92.459	0.0235033	1	0
92.492	0.0246121	1	0
92.525	0.0249471	1	0
92.559	0.0248940	1	0
92.592	0.0248633	1	0
92.625	0.0240024	1	0
92.659	0.0232354	1	0
92.692	0.0229695	1	0
92.725	0.0222498	1	0
92.759	0.0216193	1	0
92.792	0.0217122	1	0
92.826	0.0214191	1	0
92.859	0.0211462	1	0
92.892	0.0207038	1	0
92.926	0.0205516	1	0
92.959	0.0203431	1	0
92.992	0.0204159	1	0
93.026	0.0201206	1	0
93.059	0.0202940	1	0
93.093	0.0202632	1	0
93.126	0.0200848	1	0
93.159	0.0202733	1	0
93.193	0.0206561	1	0
93.226	0.0209942	1	0
93.259	0.0214205	1	0
93.293	0.0219155	1	0
93.326	0.0218279	1	0
93.359	0.0220445	1	0
93.393	0.0223588	1	0
93.426	0.0222376	1	0
93.460	0.0226583	1	0
93.493	0.0230845	1	0
93.526	0.0233535	1	0
93.560	0.0235119	1	0
93.593	0.0238635	1	0
93.626	0.0233851	1	0
93.660	0.0228853	1	0
93.693	0.0227453	1	0
93.726	0.0221528	1	0
93.760	0.0220736	1	0
93.793	0.0221146	1	0
93.827	0.0223116	1	0
93.860	0.0221391	1	0
93.893	0.0219457	1	0
93.927	0.0217051	1	0
93.960	0.0212780	1	0
93.993	0.0213259	1	0
94.027	0.0214686	1	0
94.060	0.0222261	1	0
94.094	0.0228435	1	0
94.127	0.0240042	1	0
94.160	0.0249546	1	0
94.194	0.0256328	1	0
94.227	0.0258102	1	0
94.260	0.0260035	1	0
94.294	0.0260056	1	0
94.327	0.0261938	1	0
94.360	0.0261736	1	0
94.394	0.0259212	1	0
94.427	0.0256455	1	0
94.461	0.0247819	1	0
94.494	0.0237037	1	0
94.527	0.0225938	1	0
94.561	0.0221223	1	0
94.594	0.0217087	1	0
94.627	0.0213819	1	0
94.661	0.0212779	1	0
94.694	0.0215083	1	0
94.727	0.0213282	1	0
94.761	0.0207080	1	0
94.794	0.0206041	1	0
94.828	0.0201716	1	0
94.861	0.0197584	1	0
94.894	0.0193877	1	0
94.928	0.0190617	1	0
94.961	0.0188803	1	0
94.994	0.0189594	1	0
95.028	0.0189013	1	0
95.061	0.0190122	1	0
95.095	0.0196161	1	0
95.128	0.0198956	1	0
95.161	0.0202183	1	0
95.195	0.0204421	1	0
95.228	0.0207564	1	0
95.261	0.0211906	1	0
95.295	0.0216763	1	0
95.328	0.0219961	1	0
95.361	0.0225757	1	0
95.395	0.0232291	1	0
95.428	0.0236435	1	0
95.462	0.0246130	1	0
95.495	0.0253540	1	0
95.528	0.0261439	1	0
95.562	0.0268314	1	0
95.595	0.0273002	1	0
95.628	0.0269083	1	0
95.662	0.0267225	1	0
95.695	0.0264364	1	0
95.728	0.0261610	1	0
95.762	0.0260427	1	0
95.795	0.0258195	1	0
95.829	0.0252877	1	0
95.862	0.0246843	1	0
95.895	0.0239726	1	0
95.929	0.0228845	1	0
95.962	0.0218714	1	0
95.995	0.0214211	1	0
96.029	0.0204926	1	0
96.062	0.0199586	1	0
96.096	0.0192186	1	0
96.129	0.0190174	1	0
96.162	0.0183056	1	0
96.196	0.0174888	1	0
96.229	0.0157745	0	0
96.262	0.0156710	0	1
96.296	0.0154935	0	1
96.329	0.0157129	0	1
96.362	0.0162833	0	1
96.396	0.0172310	0	0
96.429	0.0168430	0	1
96.463	0.0163410	0	0
96.496	0.0159989	0	0
96.529	0.0158250	0	0
96.563	0.0157560	0	0
96.596	0.0159376	0	0
96.629	0.0159570	0	0
96.663	0.0158999	0	0
96.696	0.0156991	0	0
96.729	0.0156698	0	0
96.763	0.0158536	0	0
96.796	0.0159373	0	0
96.830	0.0157943	0	0
96.863	0.0159806	0	0
96.896	0.0163124	0	0
96.930	0.0164304	0	0
96.963	0.0170077	1	0
96.996	0.0173582	1	0
97.030	0.0175570	1	0
97.063	0.0176239	1	0
97.097	0.0179651	1	0
97.130	0.0179250	1	0
97.163	0.0179065	1	0
97.197	0.0177701	1	0
97.230	0.0171635	1	0
97.263	0.0168639	0	0
97.297	0.0162714	0	0
97.330	0.0156206	0	0
97.363	0.0153877	0	0
97.397	0.0153960	0	0
97.430	0.0151390	0	0
97.464	0.0150810	0	0
97.497	0.0145747	0	0
97.530	0.0153007	0	0
97.564	0.0165090	0	1
97.597	0.0173221	0	0
97.630	0.0181965	0	0
97.664	0.0191883	0	0
97.697	0.0183751	0	0
97.730	0.0169813	0	0
97.764	0.0158887	0	0
97.797	0.0148261	0	0
97.831	0.0141672	0	0
97.864	0.0139790	0	0
97.897	0.0145077	0	0
97.931	0.0155846	0	0
97.964	0.0165072	0	0
97.997	0.0177027	0	0
98.031	0.0187329	0	0
98.064	0.0197888	0	0
98.098	0.0200623	0	0
98.131	0.0206912	0	0
98.164	0.0211682	0	0
98.198	0.0227379	0	0
98.231	0.0234033	0	0
98.264	0.0246549	0	0
98.298	0.0254463	0	0
98.331	0.0264216	0	0
98.364	0.0265167	0	0
98.398	0.0270178	0	0
98.431	0.0268182	0	0
98.465	0.0269486	0	0
98.498	0.0273434	0	0
98.531	0.0273414	0	0
98.565	0.0272975	0	0
98.598	0.0278223	0	0
98.631	0.0283437	0	0
98.665	0.0281758	0	0
98.698	0.0285086	0	0
98.731	0.0287879	0	0
98.765	0.0289605	0	0
98.798	0.0290320	0	0
98.832	0.0292491	0	0
98.865	0.0292163	0	0
98.898	0.0291151	0	0
98.932	0.0284721	0	0
98.965	0.0271182	0	0
98.998	0.0253308	0	0
99.032	0.0241006	0	0
99.065	0.0227093	0	0
99.099	0.0216807	1	0
99.132	0.0212292	1	0
99.165	0.0215411	1	0
99.199	0.0219335	1	0
99.232	0.0221363	1	0
99.265	0.0225236	1	0
99.299	0.0235242	1	0
99.332	0.0239708	1	0
99.365	0.0235628	1	0
99.399	0.0234345	1	0
99.432	0.0234327	1	0
99.466	0.0230830	1	0
99.499	0.0227084	1	0
99.532	0.0227799	1	0
99.566	0.0227305	1	0
99.599	0.0223947	1	0
99.632	0.0220426	1	0
99.666	0.0221960	1	0
99.699	0.0219584	1	0
99.732	0.0218668	1	0
99.766	0.0218330	1	0
99.799	0.0220872	1	0
99.833	0.0216674	1	0
99.866	0.0215911	1	0
99.899	0.0217608	1	0
99.933	0.0218282	1	0
99.966	0.0217155	1	0
99.999	0.0218706	1	0
100.033	0.0220372	1	0
100.066	0.0220803	1	0
100.100	0.0211567	1	0
100.133	0.0198403	1	0
100.166	0.0193773	0	0
100.200	0.0187379	0	0
100.233	0.0179793	0	0
100.266	0.0180094	0	0
100.300	0.0186041	0	0
100.333	0.0189678	1	0
100.366	0.0199109	1	0
100.400	0.0217755	1	0
100.433	0.0232682	1	0
100.467	0.0244120	1	0
100.500	0.0254471	1	0
100.533	0.0254546	1	0
100.567	0.0244926	1	0
100.600	0.0243614	1	0
100.633	0.0238369	1	0
100.667	0.0229414	1	0
100.700	0.0221201	1	0
100.733	0.0218428	1	0
100.767	0.0210578	1	0
100.800	0.0206921	1	0
100.834	0.0204117	1	0
100.867	0.0206673	1	0
100.900	0.0203968	1	0
100.934	0.0199854	1	0
100.967	0.0196322	1	0
101.000	0.0195141	1	0
101.034	0.0187468	1	0
101.067	0.0184508	1	0
101.101	0.0184743	1	0
101.134	0.0182667	1	0
101.167	0.0179438	1	0
101.201	0.0181901	1	0
101.234	0.0180841	1	0
101.267	0.0177230	1	0
101.301	0.0182827	1	0
101.334	0.0186070	1	0
101.367	0.0189141	1	0
101.401	0.0192798	1	0
101.434	0.0198980	1	0
101.468	0.0199823	1	0
101.501	0.0202930	1	0
101.534	0.0203962	1	0
101.568	0.0208975	1	0
101.601	0.0215525	1	0
101.634	0.0218676	1	0
101.668	0.0224701	1	0
101.701	0.0233373	1	0
101.734	0.0244536	1	0
101.768	0.0251315	1	0
101.801	0.0257568	1	0
101.835	0.0259509	1	0
101.868	0.0259738	1	0
101.901	0.0251484	1	0
101.935	0.0244724	1	0
101.968	0.0241182	1	0
102.001	0.0237606	1	0
102.035	0.0233773	1	0
102.068	0.0230954	1	0
102.102	0.0228606	1	0
102.135	0.0225722	1	0
102.168	0.0221177	1	0
102.202	0.0219707	1	0
102.235	0.0219409	1	0
102.268	0.0218191	1	0
102.302	0.0214956	1	0
102.335	0.0214451	1	0
102.368	0.0211090	1	0
102.402	0.0206406	1	0
102.435	0.0205102	1	0
102.469	0.0206690	1	0
102.502	0.0209354	1	0
102.535	0.0214480	1	0
102.569	0.0221599	1	0
102.602	0.0226165	1	0
102.635	0.0226757	1	0
102.669	0.0219462	1	0
102.702	0.0202789	1	0
102.735	0.0195173	0	0
102.769	0.0189768	0	0
102.802	0.0190546	0	0
102.836	0.0199880	0	0
102.869	0.0219709	0	0
102.902	0.0227584	1	0
102.936	0.0237926	1	0
102.969	0.0252265	1	0
103.002	0.0268288	1	0
103.036	0.0276736	1	0
103.069	0.0280412	1	0
103.103	0.0277507	1	0
103.136	0.0262677	1	0
103.169	0.0246485	1	0
103.203	0.0231403	1	0
103.236	0.0226073	1	0
103.269	0.0223723	1	0
103.303	0.0227174	1	0
103.336	0.0226604	1	0
103.369	0.0232394	1	0
103.403	0.0235775	1	0
103.436	0.0238330	1	0
103.470	0.0241848	1	0
103.503	0.0245140	1	0
103.536	0.0247084	1	0
103.570	0.0248538	1	0
103.603	0.0252837	1	0
103.636	0.0250339	1	0
103.670	0.0251868	1	0
103.703	0.0251951	1	0
103.736	0.0251653	1	0
103.770	0.0247943	1	0
103.803	0.0251617	1	0
103.837	0.0250206	1	0
103.870	0.0248961	1	0
103.903	0.0246084	1	0
103.937	0.0244746	1	0
103.970	0.0240380	1	0
104.003	0.0239856	1	0
104.037	0.0237245	1	0
104.070	0.0238168	1	0
104.104	0.0233816	1	0
104.137	0.0228453	1	0
104.170	0.0221341	1	0
104.204	0.0218443	1	0
104.237	0.0213915	1	0
104.270	0.0215595	1	0
104.304	0.0219080	1	0
104.337	0.0224208	1	0
104.370	0.0223407	1	0
104.404	0.0226914	1	0
104.437	0.0224943	1	0
104.471	0.0223605	1	0
104.504	0.0223766	1	0
104.537	0.0228156	1	0
104.571	0.0226398	1	0
104.604	0.0230398	1	0
104.637	0.0234401	1	0
104.671	0.0234781	1	0
104.704	0.0235932	1	0
104.737	0.0234499	1	0
104.771	0.0232468	1	0
104.804	0.0232913	1	0
104.838	0.0232130	1	0
104.871	0.0231273	1	0
104.904	0.0233756	1	0
104.938	0.0235308	1	0
104.971	0.0232410	1	0
105.004	0.0227910	1	0
105.038	0.0222327	1	0
105.071	0.0220670	1	0
105.105	0.0219717	1	0
105.138	0.0219500	1	0
105.171	0.0222146	1	0
105.205	0.0211294	1	0
105.238	0.0195418	1	0
105.271	0.0187862	0	0
105.305	0.0180738	0	0
105.338	0.0174697	0	0
105.371	0.0184684	0	0
105.405	0.0198958	0	0
105.438	0.0205359	0	0
105.472	0.0210503	0	0
105.505	0.0216413	0	0
105.538	0.0214635	1	0
105.572	0.0214776	1	0
105.605	0.0214848	1	0
105.638	0.0215485	1	0
105.672	0.0217006	1	0
105.705	0.0226977	1	0
105.738	0.0235080	1	0
105.772	0.0240555	1	0
105.805	0.0243745	1	0
105.839	0.0240108	1	0
105.872	0.0235036	1	0
105.905	0.0229968	1	0
105.939	0.0223070	1	0
105.972	0.0220785	1	0
106.005	0.0218760	1	0
106.039	0.0220715	1	0
106.072	0.0216846	1	0
106.106	0.0214817	1	0
106.139	0.0209875	1	0
106.172	0.0211587	1	0
106.206	0.0209153	1	0
106.239	0.0208597	1	0
106.272	0.0208836	1	0
106.306	0.0213200	1	0
106.339	0.0214347	1	0
106.372	0.0217942	1	0
106.406	0.0219308	1	0
106.439	0.0224354	1	0
106.473	0.0224597	1	0
106.506	0.0231171	1	0
106.539	0.0230620	1	0
106.573	0.0236414	1	0
106.606	0.0238982	1	0
106.639	0.0239549	1	0
106.673	0.0237809	1	0
106.706	0.0238681	1	0
106.739	0.0235114	1	0
106.773	0.0233588	1	0
106.806	0.0235772	1	0
106.840	0.0234922	1	0
106.873	0.0236897	1	0
106.906	0.0240782	1	0
106.940	0.0241427	1	0
106.973	0.0245923	1	0
107.006	0.0250589	1	0
107.040	0.0251353	1	0
107.073	0.0251258	1	0
107.107	0.0251361	1	0
107.140	0.0251269	1	0
107.173	0.0250462	1	0
107.207	0.0249546	1	0
107.240	0.0250927	1	0
107.273	0.0252220	1	0
107.307	0.0249728	1	0
107.340	0.0248434	1	0
107.373	0.0246798	1	0
107.407	0.0247256	1	0
107.440	0.0247764	1	0
107.474	0.0248811	1	0
107.507	0.0248092	1	0
107.540	0.0250335	1	0
107.574	0.0251186	1	0
107.607	0.0250862	1	0
107.640	0.0247361	1	0
107.674	0.0246279	1	0
107.707	0.0246348	1	0
107.740	0.0243600	1	0
107.774	0.0242297	1	0
107.807	0.0242634	1	0
107.841	0.0242439	1	0
107.874	0.0241454	1	0
107.907	0.0241317	1	0
107.941	0.0241334	1	0
107.974	0.0241995	1	0
108.007	0.0242232	1	0
108.041	0.0242553	1	0
108.074	0.0238178	1	0
108.108	0.0237485	1	0
108.141	0.0236769	1	0
108.174	0.0238946	1	0
108.208	0.0237527	1	0
108.241	0.0242782	1	0
108.274	0.0241415	1	0
108.308	0.0240628	1	0
108.341	0.0236457	1	0
108.374	0.0233096	1	0
108.408	0.0229252	1	0
108.441	0.0226166	1	0
108.475	0.0219458	1	0
108.508	0.0203727	1	0
108.541	0.0195336	0	0
108.575	0.0187180	0	0
108.608	0.0184150	0	0
108.641	0.0187911	0	0
108.675	0.0204660	0	0
108.708	0.0215349	0	0
108.741	0.0220650	0	0
108.775	0.0223008	0	0
108.808	0.0230818	0	0
108.842	0.0231643	1	0
108.875	0.0227263	1	0
108.908	0.0222988	1	0
108.942	0.0215686	0	0
108.975	0.0202849	0	0
109.008	0.0193191	0	0
109.042	0.0187346	0	0
109.075	0.0185913	0	0
109.109	0.0187278	0	0
109.142	0.0176889	0	0
109.175	0.0173475	1	0
109.209	0.0162988	0	0
109.242	0.0153654	0	0
109.275	0.0149519	0	0
109.309	0.0149289	0	0
109.342	0.0147276	0	0
109.375	0.0156800	0	0
109.409	0.0158099	0	0
109.442	0.0155399	0	0
109.476	0.0158129	0	0
109.509	0.0154029	0	0
109.542	0.0145641	0	0
109.576	0.0139941	0	0
109.609	0.0140882	0	0
109.642	0.0140603	0	0
109.676	0.0141522	0	0
109.709	0.0143597	0	0
109.742	0.0146196	0	0
109.776	0.0145917	0	0
109.809	0.0142528	0	0
109.843	0.0141512	0	0
109.876	0.0142416	0	0
109.909	0.0151394	0	0
109.943	0.0151178	0	0
109.976	0.0152216	0	0
110.009	0.0150812	0	0
110.043	0.0149724	0	0
110.076	0.0150309	0	0
110.110	0.0151656	0	0
110.143	0.0154988	0	0
110.176	0.0159378	0	0
110.210	0.0159789	0	0
110.243	0.0155503	0	0
110.276	0.0155633	0	0
110.310	0.0154660	0	0
110.343	0.0153892	0	0
110.376	0.0151995	0	0
110.410	0.0153506	0	0
110.443	0.0150793	0	0
110.477	0.0152126	0	0
110.510	0.0152521	0	0
110.543	0.0153722	0	0
110.577	0.0147992	0	0
110.610	0.0143945	0	0
110.643	0.0144445	0	0
110.677	0.0151382	0	0
110.710	0.0160760	0	1
110.743	0.0172897	0	0
110.777	0.0191105	0	0
110.810	0.0205903	0	0
110.844	0.0216480	0	0
110.877	0.0224405	0	0
110.910	0.0234314	0	0
110.944	0.0237976	1	0
110.977	0.0243187	1	0
111.010	0.0250821	1	0
111.044	0.0256539	1	0
111.077	0.0254867	1	0
111.111	0.0258443	1	0
111.144	0.0250932	1	0
111.177	0.0242384	1	0
111.211	0.0235455	1	0
111.244	0.0234213	1	0
111.277	0.0232509	1	0
111.311	0.0232840	1	0
111.344	0.0228263	1	0
111.377	0.0226670	1	0
111.411	0.0223453	1	0
111.444	0.0220225	1	0
111.478	0.0218852	1	0
111.511	0.0220672	1	0
111.544	0.0220488	1	0
111.578	0.0221296	1	0
111.611	0.0220653	1	0
111.644	0.0220790	1	0
111.678	0.0223550	1	0
111.711	0.0226014	1	0
111.744	0.0222987	1	0
111.778	0.0222611	1	0
111.811	0.0223957	1	0
111.845	0.0224608	1	0
111.878	0.0224286	1	0
111.911	0.0227321	1	0
111.945	0.0231271	1	0
111.978	0.0231722	1	0
112.011	0.0232448	1	0
112.045	0.0232705	1	0
112.078	0.0233140	1	0
112.112	0.0227428	1	0
112.145	0.0230531	1	0
112.178	0.0230039	1	0
112.212	0.0236064	1	0
112.245	0.0239536	1	0
112.278	0.0245015	1	0
112.312	0.0241856	1	0
112.345	0.0243733	1	0
112.378	0.0243381	1	0
112.412	0.0244368	1	0
112.445	0.0245997	1	0
112.479	0.0250349	1	0
112.512	0.0251334	1	0
112.545	0.0251826	1	0
112.579	0.0256589	1	0
112.612	0.0258948	1	0
112.645	0.0260870	1	0
112.679	0.0260568	1	0
112.712	0.0260777	1	0
112.745	0.0256712	1	0
112.779	0.0253099	1	0
112.812	0.0252012	1	0
112.846	0.0248959	1	0
112.879	0.0246096	1	0
112.912	0.0249778	1	0
112.946	0.0253952	1	0
112.979	0.0258920	1	0
113.012	0.0262489	1	0
113.046	0.0262422	1	0
113.079	0.0261573	1	0
113.113	0.0262073	1	0
113.146	0.0256706	1	0
113.179	0.0255786	1	0
113.213	0.0256990	1	0
113.246	0.0256890	1	0
113.279	0.0256587	1	0
113.313	0.0256905	1	0
113.346	0.0259183	1	0
113.379	0.0262409	1	0
113.413	0.0259430	1	0
113.446	0.0254814	1	0
113.480	0.0255149	1	0
113.513	0.0254218	1	0
113.546	0.0251050	1	0
113.580	0.0255111	1	0
113.613	0.0261473	1	0
113.646	0.0260842	1	0
113.680	0.0262495	1	0
113.713	0.0263190	1	0
113.746	0.0261928	1	0
113.780	0.0258321	1	0
113.813	0.0262108	1	0
113.847	0.0263093	1	0
113.880	0.0262075	1	0
113.913	0.0261932	1	0
113.947	0.0260477	1	0
113.980	0.0260195	1	0
114.013	0.0256833	1	0
114.047	0.0254856	1	0
114.080	0.0236104	1	0
114.114	0.0225046	0	0
114.147	0.0214980	0	0
114.180	0.0210036	0	0
114.214	0.0211097	0	0
114.247	0.0228282	0	0
114.280	0.0240658	0	0
114.314	0.0242640	0	0
114.347	0.0242308	0	0
114.380	0.0242727	1	0
114.414	0.0243958	1	0
114.447	0.0248198	1	0
114.481	0.0259581	1	0
114.514	0.0272213	1	0
114.547	0.0278376	1	0
114.581	0.0288717	1	0
114.614	0.0296482	1	0
114.647	0.0296227	1	0
114.681	0.0292530	1	0
114.714	0.0294317	1	0
114.747	0.0289246	1	0
114.781	0.0280551	1	0
114.814	0.0276079	1	0
114.848	0.0275973	1	0
114.881	0.0266523	1	0
114.914	0.0259405	1	0
114.948	0.0255570	1	0
114.981	0.0253096	1	0
115.014	0.0247742	1	0
115.048	0.0252329	1	0
115.081	0.0255708	1	0
115.115	0.0255931	1	0
115.148	0.0255933	1	0
115.181	0.0259038	1	0
115.215	0.0258264	1	0
115.248	0.0256528	1	0
115.281	0.0257687	1	0
115.315	0.0257402	1	0
115.348	0.0253668	1	0
115.381	0.0250536	1	0
115.415	0.0243044	1	0
115.448	0.0236484	1	0
115.482	0.0233263	1	0
115.515	0.0229181	1	0
115.548	0.0229028	1	0
115.582	0.0234699	1	0
115.615	0.0241396	1	0
115.648	0.0241441	1	0
115.682	0.0243309	1	0
115.715	0.0241531	1	0
115.748	0.0236776	1	0
115.782	0.0231977	1	0
115.815	0.0232009	1	0
115.849	0.0231693	1	0
115.882	0.0230963	1	0
115.915	0.0232958	1	0
115.949	0.0233576	1	0
115.982	0.0234504	1	0
116.015	0.0237009	1	0
116.049	0.0237323	1	0
116.082	0.0234845	1	0
116.116	0.0231423	1	0
116.149	0.0228210	1	0
116.182	0.0227591	1	0
116.216	0.0227016	1	0
116.249	0.0228879	1	0
116.282	0.0233541	1	0
116.316	0.0238028	1	0
116.349	0.0234167	1	0
116.382	0.0231528	1	0
116.416	0.0233499	1	0
116.449	0.0228321	1	0
116.483	0.0226456	1	0
116.516	0.0227973	1	0
116.549	0.0228330	1	0
116.583	0.0227493	1	0
116.616	0.0230190	1	0
116.649	0.0227347	1	0
116.683	0.0227456	1	0
116.716	0.0229529	1	0
116.749	0.0224853	1	0
116.783	0.0223101	1	0
116.816	0.0224342	1	0
116.850	0.0223647	1	0
116.883	0.0221530	1	0
116.916	0.0221347	1	0
116.950	0.0219161	1	0
116.983	0.0219736	1	0
117.016	0.0219130	1	0
117.050	0.0218050	1	0
117.083	0.0221320	1	0
117.117	0.0223975	1	0
117.150	0.0224283	1	0
117.183	0.0225854	1	0
117.217	0.0228358	1	0
117.250	0.0226780	1	0
117.283	0.0223658	1	0
117.317	0.0220640	1	0
117.350	0.0216582	1	0
117.383	0.0213811	1	0
117.417	0.0215673	1	0
117.450	0.0215771	1	0
117.484	0.0212573	1	0
117.517	0.0214406	1	0
117.550	0.0215190	1	0
117.584	0.0212989	1	0
117.617	0.0214293	1	0
117.650	0.0218838	1	0
117.684	0.0220578	1	0
117.717	0.0221417	1	0
117.750	0.0219866	1	0
117.784	0.0219185	1	0
117.817	0.0217430	1	0
117.851	0.0215958	1	0
117.884	0.0217761	1	0
117.917	0.0220562	1	0
117.951	0.0221759	1	0
117.984	0.0223245	1	0
118.017	0.0207879	1	0
118.051	0.0195296	0	0
118.084	0.0185433	0	0
118.118	0.0175914	0	0
118.151	0.0163974	0	1
118.184	0.0167534	0	0
118.218	0.0166031	0	0
118.251	0.0161670	0	0
118.284	0.0152494	0	0
118.318	0.0153582	0	0
118.351	0.0153713	0	0
118.384	0.0152820	0	0
118.418	0.0150264	0	0
118.451	0.0154392	0	0
118.485	0.0156848	0	0
118.518	0.0154364	0	0
118.551	0.0155169	0	0
118.585	0.0157684	0	0
118.618	0.0158459	0	0
118.651	0.0151796	0	0
118.685	0.0152809	0	0
118.718	0.0148962	0	0
118.751	0.0146731	0	0
118.785	0.0143368	0	0
118.818	0.0142372	0	0
118.852	0.0142859	0	0
118.885	0.0152710	0	0
118.918	0.0165347	0	1
118.952	0.0180498	0	0
118.985	0.0190505	0	0
119.018	0.0202985	0	0
119.052	0.0207319	0	0
119.085	0.0202347	0	0
119.119	0.0191730	0	0
119.152	0.0187037	1	0
119.185	0.0175769	1	0
119.219	0.0164590	0	0
119.252	0.0159566	0	0
119.285	0.0155823	0	0
119.319	0.0150607	0	0
119.352	0.0140159	0	0
119.385	0.0135288	0	0
119.419	0.0131377	0	0
119.452	0.0127332	0	0
119.486	0.0122967	0	0
119.519	0.0121725	0	0
119.552	0.0116770	0	0
119.586	0.0111507	0	0
119.619	0.0107911	0	0
119.652	0.0102961	0	0
119.686	0.0101833	0	0
119.719	0.0099221	0	0
119.752	0.0098712	0	0
119.786	0.0099577	0	0
119.819	0.0102539	0	0
119.853	0.0105107	0	0
119.886	0.0109331	0	0
119.919	0.0109411	0	0
119.953	0.0108419	0	0
119.986	0.0107859	0	0
120.019	0.0106179	0	0
120.053	0.0104453	0	0
120.086	0.0103540	0	0
120.120	0.0106230	0	0
120.153	0.0107810	0	0
120.186	0.0103560	0	0
120.220	0.0104354	0	0
120.253	0.0104358	0	0
120.286	0.0103549	0	0
120.320	0.0105011	0	0
120.353	0.0106943	0	0
120.386	0.0112958	0	0
120.420	0.0113817	0	0
120.453	0.0110535	0	0
120.487	0.0109535	0	0
120.520	0.0113168	0	0
120.553	0.0112136	0	0
120.587	0.0109115	0	0
120.620	0.0112552	0	0
120.653	0.0108038	0	0
120.687	0.0106581	0	0
120.720	0.0103441	0	0
120.753	0.0106179	0	0
120.787	0.0110058	0	0
120.820	0.0115570	0	0
120.854	0.0119585	0	0
120.887	0.0117123	0	0
120.920	0.0119920	0	0
120.954	0.0118211	0	0
120.987	0.0115839	0	0
121.020	0.0111164	0	0
121.054	0.0114710	0	0
121.087	0.0116235	0	0
121.121	0.0116622	0	0
121.154	0.0116832	0	0
121.187	0.0124141	0	0
121.221	0.0123071	0	0
121.254	0.0122040	0	0
121.287	0.0120700	0	0
121.321	0.0123542	0	0
121.354	0.0122443	0	0
121.387	0.0120539	0	0
121.421	0.0120159	0	0
121.454	0.0121399	0	0
121.488	0.0123268	0	0
121.521	0.0120964	0	0
121.554	0.0125922	0	0
121.588	0.0125430	0	0
121.621	0.0126809	0	0
121.654	0.0127725	0	0
121.688	0.0133656	0	0
121.721	0.0133959	0	0
121.754	0.0135609	0	0
121.788	0.0134948	0	0
121.821	0.0131178	0	0
121.855	0.0125322	0	0
121.888	0.0128266	0	0
121.921	0.0128641	0	0
121.955	0.0130389	0	0
121.988	0.0129821	0	0
122.021	0.0134208	0	0
122.055	0.0126909	0	0
122.088	0.0131705	0	0
122.122	0.0143393	0	0
122.155	0.0157852	0	1
122.188	0.0166480	0	1
122.222	0.0175876	0	0
122.255	0.0175516	0	0
122.288	0.0169797	0	0
122.322	0.0158168	0	0
122.355	0.0153233	0	0
122.388	0.0149825	0	0
122.422	0.0153095	0	0
122.455	0.0147278	0	0
122.489	0.0147586	0	0
122.522	0.0138652	0	0
122.555	0.0131296	0	0
122.589	0.0119914	0	0
122.622	0.0111975	0	0
122.655	0.0108700	0	0
122.689	0.0107531	0	0
122.722	0.0111336	0	0
122.755	0.0114506	0	0
122.789	0.0120925	0	0
122.822	0.0119215	0	0
122.856	0.0122189	0	0
122.889	0.0120181	0	0
122.922	0.0119293	0	0
122.956	0.0129192	0	0
122.989	0.0145925	0	1
123.022	0.0160895	0	1
123.056	0.0185834	0	0
123.089	0.0200020	0	0
123.123	0.0209919	0	0
123.156	0.0216090	0	0
123.189	0.0230070	1	0
123.223	0.0231308	1	0
123.256	0.0237952	1	0
123.289	0.0236200	1	0
123.323	0.0239175	1	0
123.356	0.0232429	1	0
123.389	0.0226138	1	0
123.423	0.0229361	1	0
123.456	0.0229654	1	0
123.490	0.0228785	1	0
123.523	0.0226932	1	0
123.556	0.0230278	1	0
123.590	0.0232303	1	0
123.623	0.0237854	1	0
123.656	0.0238719	1	0
123.690	0.0239656	1	0
123.723	0.0226543	1	0
123.756	0.0205123	1	0
123.790	0.0185890	1	0
123.823	0.0169732	0	0
123.857	0.0154959	0	0
123.890	0.0153289	0	0
123.923	0.0154748	0	0
123.957	0.0152754	0	0
123.990	0.0151573	0	0
124.023	0.0152152	0	0
124.057	0.0151861	0	0
124.090	0.0159001	0	0
124.124	0.0174684	1	0
124.157	0.0187414	1	0
124.190	0.0207935	1	0
124.224	0.0233937	1	0
124.257	0.0257714	1	0
124.290	0.0285198	1	0
124.324	0.0320232	1	0
124.357	0.0356369	1	0
124.390	0.0405444	1	0
124.424	0.0475004	1	0
124.457	0.0566044	1	0
124.491	0.0671595	1	0
124.524	0.0766608	1	0
124.557	0.0827120	1	0
124.591	0.0850694	1	0
124.624	0.0834055	1	0
124.657	0.0786478	0	0
124.691	0.0738349	0	0
124.724	0.0722609	0	0
124.757	0.0720927	0	0
124.791	0.0726315	0	0
124.824	0.0747875	1	0
124.858	0.0771284	1	0
124.891	0.0795936	1	0
124.924	0.0821978	1	0
124.958	0.0850685	1	0
124.991	0.0866939	1	0
125.024	0.0869899	1	0
125.058	0.0846327	1	0
125.091	0.0822048	1	0
125.125	0.0796103	1	0
125.158	0.0778733	1	0
125.191	0.0773873	1	0
125.225	0.0791105	1	0
125.258	0.0808789	1	0
125.291	0.0834028	1	0
125.325	0.0856121	1	0
125.358	0.0883690	1	0
125.391	0.0905608	1	0
125.425	0.0929593	1	0
125.458	0.0945046	1	0
125.492	0.0953849	1	0
125.525	0.0953141	1	0
125.558	0.0943426	1	0
125.592	0.0913480	1	0
125.625	0.0866185	1	0
125.658	0.0822400	1	0
125.692	0.0787005	1	0
125.725	0.0767187	1	0
125.758	0.0779399	1	0
125.792	0.0812321	1	0
125.825	0.0857822	1	0
125.859	0.0901026	1	0
125.892	0.0933260	1	0
125.925	0.0944714	1	0
125.959	0.0960235	1	0
125.992	0.0973030	1	0
126.025	0.0975047	1	0
126.059	0.0974599	1	0
126.092	0.0974599	1	0
126.126	0.0974599	1	0
			