time	rmse	false positive	false negative
0.967	0.0153942	1	0
1.001	0.0153942	1	0
1.034	0.0153942	1	0
1.067	0.0147679	0	0
1.101	0.0142938	0	0
1.134	0.0136380	0	0
1.167	0.0134884	0	0
1.201	0.0134976	0	0
1.234	0.0131165	0	0
1.267	0.0131784	0	0
1.301	0.0135466	0	0
1.334	0.0134692	0	0
1.368	0.0132796	0	0
1.401	0.0136735	0	0
1.434	0.0133127	0	0
1.468	0.0128835	0	0
1.501	0.0127892	0	0
1.534	0.0125119	0	0
1.568	0.0123545	0	0
1.601	0.0125049	0	0
1.634	0.0121341	0	0
1.668	0.0119654	0	0
1.701	0.0120552	0	0
1.735	0.0120816	0	0
1.768	0.0118510	0	0
1.801	0.0115982	0	0
1.835	0.0107644	0	0
1.868	0.0100972	0	0
1.901	0.0096419	0	0
1.935	0.0095543	0	0
1.968	0.0096268	0	0
2.002	0.0101903	0	0
2.035	0.0101675	0	0
2.068	0.0101994	0	0
2.102	0.0099954	0	0
2.135	0.0097490	0	0
2.168	0.0093470	0	0
2.202	0.0091460	0	0
2.235	0.0089831	0	0
2.268	0.0090788	0	0
2.302	0.0090914	0	0
2.335	0.0093549	0	0
2.369	0.0096246	0	0
2.402	0.0094734	0	0
2.435	0.0091338	0	0
2.469	0.0090456	0	0
2.502	0.0089814	0	0
2.535	0.0090542	0	0
2.569	0.0091905	0	0
2.602	0.0091723	0	0
2.635	0.0092488	0	0
2.669	0.0091928	0	0
2.702	0.0092107	0	0
2.736	0.0092042	0	0
2.769	0.0094323	0	0
2.802	0.0097462	0	0
2.836	0.0100615	0	0
2.869	0.0100417	0	0
2.902	0.0099266	0	0
2.936	0.0096436	0	0
2.969	0.0094552	0	0
3.003	0.0098031	0	0
3.036	0.0117457	0	0
3.069	0.0136305	0	0
3.103	0.0158966	0	0
3.136	0.0176096	0	0
3.169	0.0183632	0	0
3.203	0.0177660	0	0
3.236	0.0166775	0	0
3.269	0.0151479	0	0
3.303	0.0138550	0	0
3.336	0.0127777	0	0
3.370	0.0119094	0	0
3.403	0.0119718	0	0
3.436	0.0122392	0	0
3.470	0.0125297	0	0
3.503	0.0130295	0	0
3.536	0.0132114	0	0
3.570	0.0133525	0	0
3.603	0.0133600	0	0
3.636	0.0134108	0	0
3.670	0.0129517	0	0
3.703	0.0128539	0	0
3.737	0.0126219	0	0
3.770	0.0127348	0	0
3.803	0.0122723	0	0
3.837	0.0120713	0	0
3.870	0.0117322	0	0
3.903	0.0111586	0	0
3.937	0.0101347	0	0
3.970	0.0095970	0	0
4.004	0.0093792	0	0
4.037	0.0090640	0	0
4.070	0.0090181	0	0
4.104	0.0090102	0	0
4.137	0.0092228	0	0
4.170	0.0094757	0	0
4.204	0.0094519	0	0
4.237	0.0093896	0	0
4.270	0.0094577	0	0
4.304	0.0091266	0	0
4.337	0.0089237	0	0
4.371	0.0086180	0	0
4.404	0.0085837	0	0
4.437	0.0086965	0	0
4.471	0.0088657	0	0
4.504	0.0085774	0	0
4.537	0.0089682	0	0
4.571	0.0089249	0	0
4.604	0.0087262	0	0
4.637	0.0092316	0	0
4.671	0.0094178	0	0
4.704	0.0092925	0	0
4.738	0.0097525	0	0
4.771	0.0101571	0	0
4.804	0.0099946	0	0
4.838	0.0103562	0	0
4.871	0.0105062	0	0
4.904	0.0099790	0	0
4.938	0.0098949	0	0
4.971	0.0099075	0	0
5.005	0.0097980	0	0
5.038	0.0098477	0	0
5.071	0.0096645	0	0
5.105	0.0093974	0	0
5.138	0.0087924	0	0
5.171	0.0084818	0	0
5.205	0.0081637	0	0
5.238	0.0086479	0	0
5.271	0.0087361	0	0
5.305	0.0092497	0	0
5.338	0.0092850	0	0
5.372	0.0100505	0	0
5.405	0.0098670	0	0
5.438	0.0099639	0	0
5.472	0.0097411	0	0
5.505	0.0109735	0	0
5.538	0.0121577	0	0
5.572	0.0140248	0	0
5.605	0.0156434	0	0
5.638	0.0171444	0	0
5.672	0.0166572	0	0
5.705	0.0157495	0	0
5.739	0.0142606	0	0
5.772	0.0131241	0	0
5.805	0.0118263	0	0
5.839	0.0110880	0	0
5.872	0.0104449	0	0
5.905	0.0099766	0	0
5.939	0.0096080	0	0
5.972	0.0095818	0	0
6.006	0.0094284	0	0
6.039	0.0091123	0	0
6.072	0.0094062	0	0
6.106	0.0096090	0	0
6.139	0.0095417	0	0
6.172	0.0105216	0	0
6.206	0.0112001	0	0
6.239	0.0116329	0	0
6.272	0.0120571	0	0
6.306	0.0122710	0	0
6.339	0.0119419	0	0
6.373	0.0117057	0	0
6.406	0.0113709	0	0
6.439	0.0113441	0	0
6.473	0.0117952	0	0
6.506	0.0119082	0	0
6.539	0.0118457	0	0
6.573	0.0123680	0	0
6.606	0.0119382	0	0
6.639	0.0119140	0	0
6.673	0.0117919	0	0
6.706	0.0121952	0	0
6.740	0.0122814	0	0
6.773	0.0123774	0	0
6.806	0.0119965	0	0
6.840	0.0121354	0	0
6.873	0.0121963	0	0
6.906	0.0122433	0	0
6.940	0.0126518	0	0
6.973	0.0136231	0	0
7.007	0.0142154	0	0
7.040	0.0147005	0	0
7.073	0.0150772	1	0
7.107	0.0151862	1	0
7.140	0.0146708	0	0
7.173	0.0144786	0	0
7.207	0.0140860	0	0
7.240	0.0138297	0	0
7.273	0.0140050	0	0
7.307	0.0144478	0	0
7.340	0.0146855	0	0
7.374	0.0150246	1	0
7.407	0.0151434	1	0
7.440	0.0154765	1	0
7.474	0.0158586	1	0
7.507	0.0160288	1	0
7.540	0.0162558	1	0
7.574	0.0167208	1	0
7.607	0.0163680	1	0
7.640	0.0160784	1	0
7.674	0.0164783	1	0
7.707	0.0173145	1	0
7.741	0.0179895	0	0
7.774	0.0190847	0	0
7.807	0.0196432	0	0
7.841	0.0195073	0	0
7.874	0.0184428	0	0
7.907	0.0169022	0	0
7.941	0.0149762	0	0
7.974	0.0133119	0	0
8.008	0.0120854	0	0
8.041	0.0113405	0	0
8.074	0.0108005	0	0
8.108	0.0104342	0	0
8.141	0.0100498	0	0
8.174	0.0094630	0	0
8.208	0.0090546	0	0
8.241	0.0090834	0	0
8.274	0.0091808	0	0
8.308	0.0097249	0	0
8.341	0.0101159	0	0
8.375	0.0101092	0	0
8.408	0.0099862	0	0
8.441	0.0101267	0	0
8.475	0.0096616	0	0
8.508	0.0092397	0	0
8.541	0.0097765	0	0
8.575	0.0091837	0	0
8.608	0.0089785	0	0
8.641	0.0090755	0	0
8.675	0.0091973	0	0
8.708	0.0083690	0	0
8.742	0.0087691	0	0
8.775	0.0088044	0	0
8.808	0.0086935	0	0
8.842	0.0088984	0	0
8.875	0.0090033	0	0
8.908	0.0087567	0	0
8.942	0.0088751	0	0
8.975	0.0089171	0	0
9.009	0.0087573	0	0
9.042	0.0086580	0	0
9.075	0.0087373	0	0
9.109	0.0085129	0	0
9.142	0.0086985	0	0
9.175	0.0084595	0	0
9.209	0.0085294	0	0
9.242	0.0091085	0	0
9.275	0.0107600	0	0
9.309	0.0122919	0	0
9.342	0.0135715	0	0
9.376	0.0147345	0	0
9.409	0.0147523	0	0
9.442	0.0133077	0	0
9.476	0.0120996	0	0
9.509	0.0111976	0	0
9.542	0.0101753	0	0
9.576	0.0098957	0	0
9.609	0.0095519	0	0
9.642	0.0091394	0	0
9.676	0.0088714	0	0
9.709	0.0088616	0	0
9.743	0.0084586	0	0
9.776	0.0085443	0	0
9.809	0.0085585	0	0
9.843	0.0089683	0	0
9.876	0.0090196	0	0
9.909	0.0092450	0	0
9.943	0.0097056	0	0
9.976	0.0098674	0	0
10.010	0.0098970	0	0
10.043	0.0107373	0	0
10.076	0.0114172	0	0
10.110	0.0115079	0	0
10.143	0.0119774	0	0
10.176	0.0120943	0	0
10.210	0.0121290	0	0
10.243	0.0123424	0	0
10.276	0.0124338	0	0
10.310	0.0123857	0	0
10.343	0.0128680	0	0
10.377	0.0131774	0	0
10.410	0.0127315	0	0
10.443	0.0124807	0	0
10.477	0.0123364	0	0
10.510	0.0120102	0	0
10.543	0.0114304	0	0
10.577	0.0112508	0	0
10.610	0.0110687	0	0
10.643	0.0108906	0	0
10.677	0.0102451	0	0
10.710	0.0096397	0	0
10.744	0.0092943	0	0
10.777	0.0092089	0	0
10.810	0.0093487	0	0
10.844	0.0097982	0	0
10.877	0.0095428	0	0
10.910	0.0099592	0	0
10.944	0.0101870	0	0
10.977	0.0100921	0	0
11.011	0.0096935	0	0
11.044	0.0095577	0	0
11.077	0.0094395	0	0
11.111	0.0090427	0	0
11.144	0.0084612	0	0
11.177	0.0083102	0	0
11.211	0.0086253	0	0
11.244	0.0082894	0	0
11.277	0.0085251	0	0
11.311	0.0087566	0	0
11.344	0.0087736	0	0
11.378	0.0088408	0	0
11.411	0.0092191	0	0
11.444	0.0090516	0	0
11.478	0.0090020	0	0
11.511	0.0091339	0	0
11.544	0.0098135	0	0
11.578	0.0116441	0	0
11.611	0.0142949	0	0
11.644	0.0161573	0	0
11.678	0.0177903	0	0
11.711	0.0184398	0	0
11.745	0.0173501	0	0
11.778	0.0154516	1	0
11.811	0.0143068	0	0
11.845	0.0129974	0	0
11.878	0.0122713	0	0
11.911	0.0116469	0	0
11.945	0.0112967	0	0
11.978	0.0107732	0	0
12.012	0.0103037	0	0
12.045	0.0098076	0	0
12.078	0.0093336	0	0
12.112	0.0089937	0	0
12.145	0.0092374	0	0
12.178	0.0099318	0	0
12.212	0.0098792	0	0
12.245	0.0104239	0	0
12.278	0.0107248	0	0
12.312	0.0103767	0	0
12.345	0.0101530	0	0
12.379	0.0103513	0	0
12.412	0.0100789	0	0
12.445	0.0098019	0	0
12.479	0.0097699	0	0
12.512	0.0091939	0	0
12.545	0.0091346	0	0
12.579	0.0089785	0	0
12.612	0.0088732	0	0
12.645	0.0092481	0	0
12.679	0.0096746	0	0
12.712	0.0094121	0	0
12.746	0.0093076	0	0
12.779	0.0095843	0	0
12.812	0.0092011	0	0
12.846	0.0090047	0	0
12.879	0.0092485	0	0
12.912	0.0091812	0	0
12.946	0.0091241	0	0
12.979	0.0095197	0	0
13.013	0.0110071	0	0
13.046	0.0126592	0	0
13.079	0.0142681	0	0
13.113	0.0155108	0	0
13.146	0.0169280	0	0
13.179	0.0174296	0	0
13.213	0.0174774	0	0
13.246	0.0176910	0	0
13.279	0.0174604	0	0
13.313	0.0166783	1	0
13.346	0.0151205	1	0
13.380	0.0136612	0	0
13.413	0.0120656	0	0
13.446	0.0112156	0	0
13.480	0.0103946	0	0
13.513	0.0102124	0	0
13.546	0.0097437	0	0
13.580	0.0098562	0	0
13.613	0.0098313	0	0
13.646	0.0092359	0	0
13.680	0.0089231	0	0
13.713	0.0089679	0	0
13.747	0.0087039	0	0
13.780	0.0083137	0	0
13.813	0.0087583	0	0
13.847	0.0089055	0	0
13.880	0.0091506	0	0
13.913	0.0092094	0	0
13.947	0.0095703	0	0
13.980	0.0097499	0	0
14.014	0.0099792	0	0
14.047	0.0098224	0	0
14.080	0.0098889	0	0
14.114	0.0097181	0	0
14.147	0.0097314	0	0
14.180	0.0094159	0	0
14.214	0.0096450	0	0
14.247	0.0097045	0	0
14.280	0.0096866	0	0
14.314	0.0091671	0	0
14.347	0.0088695	0	0
14.381	0.0082937	0	0
14.414	0.0082382	0	0
14.447	0.0083687	0	0
14.481	0.0086514	0	0
14.514	0.0086009	0	0
14.547	0.0091990	0	0
14.581	0.0091969	0	0
14.614	0.0090022	0	0
14.647	0.0094114	0	0
14.681	0.0114654	0	0
14.714	0.0132852	0	0
14.748	0.0155563	0	0
14.781	0.0169030	0	0
14.814	0.0178104	0	0
14.848	0.0169444	0	0
14.881	0.0151304	1	0
14.914	0.0132775	0	0
14.948	0.0123994	0	0
14.981	0.0112432	0	0
15.015	0.0105058	0	0
15.048	0.0104273	0	0
15.081	0.0103849	0	0
15.115	0.0100973	0	0
15.148	0.0104077	0	0
15.181	0.0109231	0	0
15.215	0.0111364	0	0
15.248	0.0112440	0	0
15.281	0.0115074	0	0
15.315	0.0115664	0	0
15.348	0.0116346	0	0
15.382	0.0117007	0	0
15.415	0.0117678	0	0
15.448	0.0118529	0	0
15.482	0.0118295	0	0
15.515	0.0113250	0	0
15.548	0.0111443	0	0
15.582	0.0110086	0	0
15.615	0.0110565	0	0
15.648	0.0110968	0	0
15.682	0.0113508	0	0
15.715	0.0114330	0	0
15.749	0.0114484	0	0
15.782	0.0112074	0	0
15.815	0.0110220	0	0
15.849	0.0115190	0	0
15.882	0.0115698	0	0
15.915	0.0118655	0	0
15.949	0.0132594	0	0
15.982	0.0147263	0	0
16.016	0.0157430	0	0
16.049	0.0166474	0	0
16.082	0.0166039	0	0
16.116	0.0155466	0	0
16.149	0.0140120	0	0
16.182	0.0122623	0	0
16.216	0.0108103	0	0
16.249	0.0101095	0	0
16.282	0.0096081	0	0
16.316	0.0094183	0	0
16.349	0.0093559	0	0
16.383	0.0090643	0	0
16.416	0.0087447	0	0
16.449	0.0082607	0	0
16.483	0.0080585	0	0
16.516	0.0081172	0	0
16.549	0.0082696	0	0
16.583	0.0084413	0	0
16.616	0.0089657	0	0
16.649	0.0088971	0	0
16.683	0.0089918	0	0
16.716	0.0093132	0	0
16.750	0.0098300	0	0
16.783	0.0098587	0	0
16.816	0.0102093	0	0
16.850	0.0101103	0	0
16.883	0.0098746	0	0
16.916	0.0093838	0	0
16.950	0.0090561	0	0
16.983	0.0087361	0	0
17.017	0.0088298	0	0
17.050	0.0087792	0	0
17.083	0.0088505	0	0
17.117	0.0089249	0	0
17.150	0.0091053	0	0
17.183	0.0088942	0	0
17.217	0.0088341	0	0
17.250	0.0092451	0	0
17.283	0.0095524	0	0
17.317	0.0092970	0	0
17.350	0.0094992	0	0
17.384	0.0100588	0	0
17.417	0.0096322	0	0
17.450	0.0105221	0	0
17.484	0.0126396	0	0
17.517	0.0143268	0	0
17.550	0.0155520	0	0
17.584	0.0169272	0	0
17.617	0.0169318	0	0
17.650	0.0158106	0	0
17.684	0.0147642	0	0
17.717	0.0138020	0	0
17.751	0.0132515	0	0
17.784	0.0126413	0	0
17.817	0.0122010	0	0
17.851	0.0120916	0	0
17.884	0.0120730	0	0
17.917	0.0119182	0	0
17.951	0.0119961	0	0
17.984	0.0118627	0	0
18.018	0.0113832	0	0
18.051	0.0109321	0	0
18.084	0.0107930	0	0
18.118	0.0102490	0	0
18.151	0.0102812	0	0
18.184	0.0099638	0	0
18.218	0.0098040	0	0
18.251	0.0093673	0	0
18.284	0.0096356	0	0
18.318	0.0094684	0	0
18.351	0.0096089	0	0
18.385	0.0097494	0	0
18.418	0.0097372	0	0
18.451	0.0096077	0	0
18.485	0.0095813	0	0
18.518	0.0095551	0	0
18.551	0.0100606	0	0
18.585	0.0103325	0	0
18.618	0.0105158	0	0
18.651	0.0106194	0	0
18.685	0.0108365	0	0
18.718	0.0105830	0	0
18.752	0.0105394	0	0
18.785	0.0104742	0	0
18.818	0.0108588	0	0
18.852	0.0110916	0	0
18.885	0.0110967	0	0
18.918	0.0113929	0	0
18.952	0.0118107	0	0
18.985	0.0115696	0	0
19.019	0.0117814	0	0
19.052	0.0118378	0	0
19.085	0.0121461	0	0
19.119	0.0119061	0	0
19.152	0.0121620	0	0
19.185	0.0118607	0	0
19.219	0.0120609	0	0
19.252	0.0117938	0	0
19.285	0.0115651	0	0
19.319	0.0111864	0	0
19.352	0.0108325	0	0
19.386	0.0104111	0	0
19.419	0.0099277	0	0
19.452	0.0096246	0	0
19.486	0.0093799	0	0
19.519	0.0093013	0	0
19.552	0.0091770	0	0
19.586	0.0092053	0	0
19.619	0.0097602	0	0
19.652	0.0099466	0	0
19.686	0.0096505	0	0
19.719	0.0099764	0	0
19.753	0.0098751	0	0
19.786	0.0092927	0	0
19.819	0.0089930	0	0
19.853	0.0091652	0	0
19.886	0.0088346	0	0
19.919	0.0088958	0	0
19.953	0.0087775	0	0
19.986	0.0091379	0	0
20.020	0.0093315	0	0
20.053	0.0098536	0	0
20.086	0.0098835	0	0
20.120	0.0103178	0	0
20.153	0.0100939	0	0
20.186	0.0097557	0	0
20.220	0.0091774	0	0
20.253	0.0087899	0	0
20.286	0.0086598	0	0
20.320	0.0086598	0	0
20.353	0.0091820	0	0
20.387	0.0092801	0	0
20.420	0.0098927	0	0
20.453	0.0101475	0	0
20.487	0.0102345	0	0
20.520	0.0094632	0	0
20.553	0.0094041	0	0
20.587	0.0088298	0	0
20.620	0.0095128	0	0
20.653	0.0113345	0	0
20.687	0.0139959	0	0
20.720	0.0161758	0	0
20.754	0.0186408	0	0
20.787	0.0190274	0	0
20.820	0.0184761	0	0
20.854	0.0175060	0	0
20.887	0.0162282	0	0
20.920	0.0149043	0	0
20.954	0.0144632	0	0
20.987	0.0139403	0	0
21.021	0.0135494	0	0
21.054	0.0136490	0	0
21.087	0.0135143	0	0
21.121	0.0133852	0	0
21.154	0.0134000	0	0
21.187	0.0132494	0	0
21.221	0.0130965	0	0
21.254	0.0130510	0	0
21.287	0.0128614	0	0
21.321	0.0128165	0	0
21.354	0.0135162	0	0
21.388	0.0141594	0	0
21.421	0.0152344	0	0
21.454	0.0166099	0	0
21.488	0.0174691	0	0
21.521	0.0177536	0	0
21.554	0.0175966	0	0
21.588	0.0169019	0	0
21.621	0.0154557	1	0
21.654	0.0146103	0	0
21.688	0.0133855	0	0
21.721	0.0120372	0	0
21.755	0.0111821	0	0
21.788	0.0109985	0	0
21.821	0.0105806	0	0
21.855	0.0101103	0	0
21.888	0.0103764	0	0
21.921	0.0103443	0	0
21.955	0.0101682	0	0
21.988	0.0097430	0	0
22.022	0.0096116	0	0
22.055	0.0094709	0	0
22.088	0.0093146	0	0
22.122	0.0089201	0	0
22.155	0.0094547	0	0
22.188	0.0098732	0	0
22.222	0.0102015	0	0
22.255	0.0104492	0	0
22.288	0.0110680	0	0
22.322	0.0120496	0	0
22.355	0.0136493	0	0
22.389	0.0147411	0	0
22.422	0.0159675	0	0
22.455	0.0173260	0	0
22.489	0.0177383	0	0
22.522	0.0172756	0	0
22.555	0.0169822	0	0
22.589	0.0162034	0	0
22.622	0.0145579	0	0
22.655	0.0129700	0	0
22.689	0.0119004	0	0
22.722	0.0107510	0	0
22.756	0.0100604	0	0
22.789	0.0102503	0	0
22.822	0.0101301	0	0
22.856	0.0101876	0	0
22.889	0.0100118	0	0
22.922	0.0098882	0	0
22.956	0.0094409	0	0
22.989	0.0095268	0	0
23.023	0.0095404	0	0
23.056	0.0103043	0	0
23.089	0.0108363	0	0
23.123	0.0111046	0	0
23.156	0.0115689	0	0
23.189	0.0114465	0	0
23.223	0.0112341	0	0
23.256	0.0114940	0	0
23.289	0.0115969	0	0
23.323	0.0113274	0	0
23.356	0.0113399	0	0
23.390	0.0111101	0	0
23.423	0.0111934	0	0
23.456	0.0113894	0	0
23.490	0.0114660	0	0
23.523	0.0115106	0	0
23.556	0.0120656	0	0
23.590	0.0118127	0	0
23.623	0.0120106	0	0
23.656	0.0123131	0	0
23.690	0.0126705	0	0
23.723	0.0122722	0	0
23.757	0.0117362	0	0
23.790	0.0108227	0	0
23.823	0.0098526	0	0
23.857	0.0090385	0	0
23.890	0.0092911	0	0
23.923	0.0091914	0	0
23.957	0.0095300	0	0
23.990	0.0097223	0	0
24.024	0.0097060	0	0
24.057	0.0089840	0	0
24.090	0.0094438	0	0
24.124	0.0091893	0	0
24.157	0.0091980	0	0
24.190	0.0093610	0	0
24.224	0.0090493	0	0
24.257	0.0086798	0	0
24.290	0.0089474	0	0
24.324	0.0089013	0	0
24.357	0.0089094	0	0
24.391	0.0092391	0	0
24.424	0.0107156	0	0
24.457	0.0121912	0	0
24.491	0.0138323	0	0
24.524	0.0152077	0	0
24.557	0.0159161	0	0
24.591	0.0150515	0	0
24.624	0.0142524	0	0
24.657	0.0129977	0	0
24.691	0.0118016	0	0
24.724	0.0111508	0	0
24.758	0.0106391	0	0
24.791	0.0098877	0	0
24.824	0.0095205	0	0
24.858	0.0089958	0	0
24.891	0.0091868	0	0
24.924	0.0092154	0	0
24.958	0.0093249	0	0
24.991	0.0096359	0	0
25.025	0.0100214	0	0
25.058	0.0100962	0	0
25.091	0.0100560	0	0
25.125	0.0102375	0	0
25.158	0.0100055	0	0
25.191	0.0099395	0	0
25.225	0.0100038	0	0
25.258	0.0099863	0	0
25.291	0.0097420	0	0
25.325	0.0102182	0	0
25.358	0.0104142	0	0
25.392	0.0098605	0	0
25.425	0.0099651	0	0
25.458	0.0099902	0	0
25.492	0.0093177	0	0
25.525	0.0090815	0	0
25.558	0.0090085	0	0
25.592	0.0089483	0	0
25.625	0.0088837	0	0
25.658	0.0087261	0	0
25.692	0.0088031	0	0
25.725	0.0093050	0	0
25.759	0.0089078	0	0
25.792	0.0088288	0	0
25.825	0.0092041	0	0
25.859	0.0092440	0	0
25.892	0.0091374	0	0
25.925	0.0095006	0	0
25.959	0.0095477	0	0
25.992	0.0098949	0	0
26.026	0.0104334	0	0
26.059	0.0109159	0	0
26.092	0.0115373	0	0
26.126	0.0122991	0	0
26.159	0.0129694	0	0
26.192	0.0132495	0	0
26.226	0.0134518	0	0
26.259	0.0134243	0	0
26.292	0.0131980	0	0
26.326	0.0123671	0	0
26.359	0.0122413	0	0
26.393	0.0121312	0	0
26.426	0.0125167	0	0
26.459	0.0129379	0	0
26.493	0.0129596	0	0
26.526	0.0128620	0	0
26.559	0.0125949	0	0
26.593	0.0122193	0	0
26.626	0.0120678	0	0
26.659	0.0128063	0	0
26.693	0.0132343	0	0
26.726	0.0140468	0	0
26.760	0.0144289	0	0
26.793	0.0146719	0	0
26.826	0.0147511	0	0
26.860	0.0148351	0	0
26.893	0.0147328	0	0
26.926	0.0146671	0	0
26.960	0.0146927	0	0
26.993	0.0142817	0	0
27.027	0.0139431	0	0
27.060	0.0132465	0	0
27.093	0.0132688	0	0
27.127	0.0133275	0	0
27.160	0.0138634	0	0
27.193	0.0142526	0	0
27.227	0.0148110	0	0
27.260	0.0146179	0	0
27.293	0.0144030	0	0
27.327	0.0141664	0	0
27.360	0.0140467	0	0
27.394	0.0140191	0	0
27.427	0.0141618	0	0
27.460	0.0141183	0	0
27.494	0.0139297	0	0
27.527	0.0138973	0	0
27.560	0.0139812	0	0
27.594	0.0139164	0	0
27.627	0.0139289	0	0
27.660	0.0142575	0	0
27.694	0.0145043	0	0
27.727	0.0144837	0	0
27.761	0.0148036	0	0
27.794	0.0147139	0	0
27.827	0.0141023	0	0
27.861	0.0132558	0	0
27.894	0.0127923	0	0
27.927	0.0118657	0	0
27.961	0.0113567	0	0
27.994	0.0110223	0	0
28.028	0.0106747	0	0
28.061	0.0099232	0	0
28.094	0.0095980	0	0
28.128	0.0090266	0	0
28.161	0.0087938	0	0
28.194	0.0083469	0	0
28.228	0.0081890	0	0
28.261	0.0080910	0	0
28.294	0.0083421	0	0
28.328	0.0083206	0	0
28.361	0.0085517	0	0
28.395	0.0088099	0	0
28.428	0.0086605	0	0
28.461	0.0083744	0	0
28.495	0.0082791	0	0
28.528	0.0084975	0	0
28.561	0.0083371	0	0
28.595	0.0086008	0	0
28.628	0.0092186	0	0
28.661	0.0094410	0	0
28.695	0.0093048	0	0
28.728	0.0095221	0	0
28.762	0.0093644	0	0
28.795	0.0088956	0	0
28.828	0.0086156	0	0
28.862	0.0085963	0	0
28.895	0.0101148	0	0
28.928	0.0123188	0	0
28.962	0.0144180	0	0
28.995	0.0164992	0	0
29.029	0.0184151	0	0
29.062	0.0183331	0	0
29.095	0.0170679	0	0
29.129	0.0154358	0	0
29.162	0.0136379	0	0
29.195	0.0119203	0	0
29.229	0.0107700	0	0
29.262	0.0104943	0	0
29.295	0.0099431	0	0
29.329	0.0096353	0	0
29.362	0.0095641	0	0
29.396	0.0092902	0	0
29.429	0.0087996	0	0
29.462	0.0088496	0	0
29.496	0.0089690	0	0
29.529	0.0088775	0	0
29.562	0.0087611	0	0
29.596	0.0085394	0	0
29.629	0.0088252	0	0
29.662	0.0087598	0	0
29.696	0.0088783	0	0
29.729	0.0088638	0	0
29.763	0.0092049	0	0
29.796	0.0090342	0	0
29.829	0.0093221	0	0
29.863	0.0089149	0	0
29.896	0.0086140	0	0
29.929	0.0084118	0	0
29.963	0.0081975	0	0
29.996	0.0078779	0	0
30.030	0.0081302	0	0
30.063	0.0082828	0	0
30.096	0.0080335	0	0
30.130	0.0087244	0	0
30.163	0.0088941	0	0
30.196	0.0088023	0	0
30.230	0.0092049	0	0
30.263	0.0093206	0	0
30.296	0.0085248	0	0
30.330	0.0083853	0	0
30.363	0.0083506	0	0
30.397	0.0081630	0	0
30.430	0.0080506	0	0
30.463	0.0084199	0	0
30.497	0.0084154	0	0
30.530	0.0085852	0	0
30.563	0.0090072	0	0
30.597	0.0090316	0	0
30.630	0.0092207	0	0
30.663	0.0091695	0	0
30.697	0.0093477	0	0
30.730	0.0091759	0	0
30.764	0.0097990	0	0
30.797	0.0096405	0	0
30.830	0.0102017	0	0
30.864	0.0102146	0	0
30.897	0.0100449	0	0
30.930	0.0100207	0	0
30.964	0.0103375	0	0
30.997	0.0100982	0	0
31.031	0.0114925	0	0
31.064	0.0133081	0	0
31.097	0.0145254	0	1
31.131	0.0154908	0	0
31.164	0.0161542	0	0
31.197	0.0150866	0	0
31.231	0.0135943	0	0
31.264	0.0120919	0	0
31.297	0.0107055	0	0
31.331	0.0100472	0	0
31.364	0.0097969	0	0
31.398	0.0093425	0	0
31.431	0.0095234	0	0
31.464	0.0098833	0	0
31.498	0.0099335	0	0
31.531	0.0101589	0	0
31.564	0.0108958	0	0
31.598	0.0109393	0	0
31.631	0.0115159	0	0
31.664	0.0120702	0	0
31.698	0.0122672	0	0
31.731	0.0123143	0	0
31.765	0.0130018	0	0
31.798	0.0129646	0	0
31.831	0.0126114	0	0
31.865	0.0125623	0	0
31.898	0.0128548	0	0
31.931	0.0123773	0	0
31.965	0.0118145	0	0
31.998	0.0118428	0	0
32.032	0.0118262	0	0
32.065	0.0107307	0	0
32.098	0.0106450	0	0
32.132	0.0104406	0	0
32.165	0.0101365	0	0
32.198	0.0095828	0	0
32.232	0.0099391	0	0
32.265	0.0095194	0	0
32.298	0.0097219	0	0
32.332	0.0095762	0	0
32.365	0.0093270	0	0
32.399	0.0092637	0	0
32.432	0.0096557	0	0
32.465	0.0095313	0	0
32.499	0.0100774	0	0
32.532	0.0105923	0	0
32.565	0.0108318	0	0
32.599	0.0105892	0	0
32.632	0.0105239	0	0
32.665	0.0097168	0	0
32.699	0.0091321	0	0
32.732	0.0099006	0	0
32.766	0.0121743	0	0
32.799	0.0143875	0	0
32.832	0.0169593	0	0
32.866	0.0189572	0	0
32.899	0.0191832	0	0
32.932	0.0177311	0	0
32.966	0.0160238	1	0
32.999	0.0141449	0	0
33.033	0.0132358	0	0
33.066	0.0119576	0	0
33.099	0.0111748	0	0
33.133	0.0107700	0	0
33.166	0.0105492	0	0
33.199	0.0101055	0	0
33.233	0.0102789	0	0
33.266	0.0101295	0	0
33.299	0.0103615	0	0
33.333	0.0103602	0	0
33.366	0.0106747	0	0
33.400	0.0107044	0	0
33.433	0.0108664	0	0
33.466	0.0105061	0	0
33.500	0.0101786	0	0
33.533	0.0092455	0	0
33.566	0.0088538	0	0
33.600	0.0087061	0	0
33.633	0.0089065	0	0
33.666	0.0091001	0	0
33.700	0.0092553	0	0
33.733	0.0094534	0	0
33.767	0.0095362	0	0
33.800	0.0098330	0	0
33.833	0.0100659	0	0
33.867	0.0101783	0	0
33.900	0.0101170	0	0
33.933	0.0101895	0	0
33.967	0.0093568	0	0
34.000	0.0091178	0	0
34.034	0.0090395	0	0
34.067	0.0088173	0	0
34.100	0.0085866	0	0
34.134	0.0090849	0	0
34.167	0.0092001	0	0
34.200	0.0096477	0	0
34.234	0.0100237	0	0
34.267	0.0100081	0	0
34.300	0.0098764	0	0
34.334	0.0097200	0	0
34.367	0.0093254	0	0
34.401	0.0091736	0	0
34.434	0.0095084	0	0
34.467	0.0100181	0	0
34.501	0.0107173	0	0
34.534	0.0111969	0	0
34.567	0.0112524	0	0
34.601	0.0114817	0	0
34.634	0.0109881	0	0
34.667	0.0110686	0	0
34.701	0.0112428	0	0
34.734	0.0118794	0	0
34.768	0.0120152	0	0
34.801	0.0125810	0	0
34.834	0.0122780	0	0
34.868	0.0114593	0	0
34.901	0.0108543	0	0
34.934	0.0100689	0	0
34.968	0.0096302	0	0
35.001	0.0089673	0	0
35.035	0.0092963	0	0
35.068	0.0094448	0	0
35.101	0.0094267	0	0
35.135	0.0091035	0	0
35.168	0.0094087	0	0
35.201	0.0090605	0	0
35.235	0.0085661	0	0
35.268	0.0085255	0	0
35.301	0.0086187	0	0
35.335	0.0083495	0	0
35.368	0.0084181	0	0
35.402	0.0084203	0	0
35.435	0.0087661	0	0
35.468	0.0085356	0	0
35.502	0.0104094	0	0
35.535	0.0123178	0	0
35.568	0.0141724	0	1
35.602	0.0155260	0	0
35.635	0.0168525	0	0
35.668	0.0159042	0	0
35.702	0.0146409	0	0
35.735	0.0135317	0	0
35.769	0.0124990	0	0
35.802	0.0120819	0	0
35.835	0.0110044	0	0
35.869	0.0103629	0	0
35.902	0.0096821	0	0
35.935	0.0088824	0	0
35.969	0.0087246	0	0
36.002	0.0092473	0	0
36.036	0.0092229	0	0
36.069	0.0096421	0	0
36.102	0.0103609	0	0
36.136	0.0099565	0	0
36.169	0.0101499	0	0
36.202	0.0103495	0	0
36.236	0.0102421	0	0
36.269	0.0100300	0	0
36.302	0.0102833	0	0
36.336	0.0097078	0	0
36.369	0.0097982	0	0
36.403	0.0099196	0	0
36.436	0.0095653	0	0
36.469	0.0094372	0	0
36.503	0.0098112	0	0
36.536	0.0096907	0	0
36.569	0.0095810	0	0
36.603	0.0098378	0	0
36.636	0.0094971	0	0
36.669	0.0092895	0	0
36.703	0.0102701	0	0
36.736	0.0120392	0	0
36.770	0.0140580	0	0
36.803	0.0160907	0	0
36.836	0.0183844	0	0
36.870	0.0192591	0	0
36.903	0.0189454	0	0
36.936	0.0179806	0	0
36.970	0.0173322	0	0
37.003	0.0163699	1	0
37.037	0.0157351	1	0
37.070	0.0151007	1	0
37.103	0.0150191	1	0
37.137	0.0147038	0	0
37.170	0.0142112	0	0
37.203	0.0139093	0	0
37.237	0.0138799	0	0
37.270	0.0134883	0	0
37.303	0.0136606	0	0
37.337	0.0135350	0	0
37.370	0.0137389	0	0
37.404	0.0134568	0	0
37.437	0.0135192	0	0
37.470	0.0128453	0	0
37.504	0.0128880	0	0
37.537	0.0124652	0	0
37.570	0.0124564	0	0
37.604	0.0123347	0	0
37.637	0.0127604	0	0
37.670	0.0130038	0	0
37.704	0.0130808	0	0
37.737	0.0131125	0	0
37.771	0.0135656	0	0
37.804	0.0136560	0	0
37.837	0.0132683	0	0
37.871	0.0135144	0	0
37.904	0.0136710	0	0
37.937	0.0134726	0	0
37.971	0.0132905	0	0
38.004	0.0136487	0	0
38.038	0.0137542	0	0
38.071	0.0141471	0	0
38.104	0.0146252	0	0
38.138	0.0150549	1	0
38.171	0.0151012	1	0
38.204	0.0149101	0	0
38.238	0.0149869	0	0
38.271	0.0150474	1	0
38.304	0.0149789	0	0
38.338	0.0151536	1	0
38.371	0.0153254	1	0
38.405	0.0150436	1	0
38.438	0.0150575	1	0
38.471	0.0150842	1	0
38.505	0.0150921	1	0
38.538	0.0149212	0	0
38.571	0.0147291	0	0
38.605	0.0145842	0	0
38.638	0.0144261	0	0
38.671	0.0145179	0	0
38.705	0.0145589	0	0
38.738	0.0148169	0	0
38.772	0.0147492	0	0
38.805	0.0147132	0	0
38.838	0.0158844	0	0
38.872	0.0175309	0	0
38.905	0.0191540	0	0
38.938	0.0196851	0	0
38.972	0.0198360	0	0
39.005	0.0178895	0	0
39.039	0.0160662	0	0
39.072	0.0141961	0	0
39.105	0.0137273	0	0
39.139	0.0136641	0	0
39.172	0.0141097	0	0
39.205	0.0144131	0	0
39.239	0.0148748	0	0
39.272	0.0149787	0	0
39.305	0.0150855	1	0
39.339	0.0152892	1	0
39.372	0.0150220	1	0
39.406	0.0143808	0	0
39.439	0.0136309	0	0
39.472	0.0132247	0	0
39.506	0.0126790	0	0
39.539	0.0122464	0	0
39.572	0.0117023	0	0
39.606	0.0113111	0	0
39.639	0.0106079	0	0
39.672	0.0102047	0	0
39.706	0.0096553	0	0
39.739	0.0093212	0	0
39.773	0.0093175	0	0
39.806	0.0090418	0	0
39.839	0.0087425	0	0
39.873	0.0087210	0	0
39.906	0.0086305	0	0
39.939	0.0085253	0	0
39.973	0.0083445	0	0
40.006	0.0085247	0	0
40.040	0.0086372	0	0
40.073	0.0088241	0	0
40.106	0.0095098	0	0
40.140	0.0097735	0	0
40.173	0.0098388	0	0
40.206	0.0099422	0	0
40.240	0.0101984	0	0
40.273	0.0099041	0	0
40.306	0.0107768	0	0
40.340	0.0109831	0	0
40.373	0.0110806	0	0
40.407	0.0111989	0	0
40.440	0.0112199	0	0
40.473	0.0107414	0	0
40.507	0.0111151	0	0
40.540	0.0114888	0	0
40.573	0.0114783	0	0
40.607	0.0116535	0	0
40.640	0.0117082	0	0
40.673	0.0112255	0	0
40.707	0.0113831	0	0
40.740	0.0118630	0	0
40.774	0.0115367	0	0
40.807	0.0115378	0	0
40.840	0.0119354	0	0
40.874	0.0116966	0	0
40.907	0.0108625	0	0
40.940	0.0113604	0	0
40.974	0.0118143	0	0
41.007	0.0116147	0	0
41.041	0.0117654	0	0
41.074	0.0119487	0	0
41.107	0.0118453	0	0
41.141	0.0118757	0	0
41.174	0.0121741	0	0
41.207	0.0121985	0	0
41.241	0.0130355	0	0
41.274	0.0131328	0	0
41.307	0.0125240	0	0
41.341	0.0121995	0	0
41.374	0.0116655	0	0
41.408	0.0110297	0	0
41.441	0.0105954	0	0
41.474	0.0111927	0	0
41.508	0.0110645	0	0
41.541	0.0108624	0	0
41.574	0.0108566	0	0
41.608	0.0106728	0	0
41.641	0.0097821	0	0
41.674	0.0095130	0	0
41.708	0.0098171	0	0
41.741	0.0093508	0	0
41.775	0.0091392	0	0
41.808	0.0091622	0	0
41.841	0.0090765	0	0
41.875	0.0088755	0	0
41.908	0.0096388	0	0
41.941	0.0100157	0	0
41.975	0.0101170	0	0
42.008	0.0106067	0	0
42.042	0.0109243	0	0
42.075	0.0115835	0	0
42.108	0.0131496	0	0
42.142	0.0149967	0	0
42.175	0.0162705	0	0
42.208	0.0173505	0	0
42.242	0.0172308	0	0
42.275	0.0158378	0	0
42.308	0.0145470	0	0
42.342	0.0135414	0	0
42.375	0.0122466	0	0
42.409	0.0113828	0	0
42.442	0.0107128	0	0
42.475	0.0099232	0	0
42.509	0.0091633	0	0
42.542	0.0090770	0	0
42.575	0.0087618	0	0
42.609	0.0088385	0	0
42.642	0.0089340	0	0
42.675	0.0091988	0	0
42.709	0.0092945	0	0
42.742	0.0095073	0	0
42.776	0.0099157	0	0
42.809	0.0096147	0	0
42.842	0.0095594	0	0
42.876	0.0095862	0	0
42.909	0.0092976	0	0
42.942	0.0091779	0	0
42.976	0.0096362	0	0
43.009	0.0094401	0	0
43.043	0.0092879	0	0
43.076	0.0097800	0	0
43.109	0.0094095	0	0
43.143	0.0094302	0	0
43.176	0.0092349	0	0
43.209	0.0088647	0	0
43.243	0.0082375	0	0
43.276	0.0080961	0	0
43.309	0.0076076	0	0
43.343	0.0079102	0	0
43.376	0.0082541	0	0
43.410	0.0083957	0	0
43.443	0.0084435	0	0
43.476	0.0090107	0	0
43.510	0.0091885	0	0
43.543	0.0095068	0	0
43.576	0.0101762	0	0
43.610	0.0103251	0	0
43.643	0.0103618	0	0
43.676	0.0101591	0	0
43.710	0.0103456	0	0
43.743	0.0099876	0	0
43.777	0.0100397	0	0
43.810	0.0101242	0	0
43.843	0.0104157	0	0
43.877	0.0100476	0	0
43.910	0.0100488	0	0
43.943	0.0103393	0	0
43.977	0.0106483	0	0
44.010	0.0122141	0	0
44.044	0.0139439	0	0
44.077	0.0156719	0	0
44.110	0.0171536	0	0
44.144	0.0179898	0	0
44.177	0.0169072	0	0
44.210	0.0158555	0	0
44.244	0.0145439	0	0
44.277	0.0131585	0	0
44.310	0.0120074	0	0
44.344	0.0115715	0	0
44.377	0.0113074	0	0
44.411	0.0107428	0	0
44.444	0.0107173	0	0
44.477	0.0106526	0	0
44.511	0.0102185	0	0
44.544	0.0094782	0	0
44.577	0.0096654	0	0
44.611	0.0096297	0	0
44.644	0.0093137	0	0
44.677	0.0096377	0	0
44.711	0.0098463	0	0
44.744	0.0110253	0	0
44.778	0.0124791	0	0
44.811	0.0146968	0	0
44.844	0.0164865	0	0
44.878	0.0179757	0	0
44.911	0.0176199	0	0
44.944	0.0165233	0	0
44.978	0.0143985	0	0
45.011	0.0130763	0	0
45.045	0.0117386	0	0
45.078	0.0107753	0	0
45.111	0.0102757	0	0
45.145	0.0103329	0	0
45.178	0.0099923	0	0
45.211	0.0098129	0	0
45.245	0.0097704	0	0
45.278	0.0098521	0	0
45.311	0.0099191	0	0
45.345	0.0095094	0	0
45.378	0.0096937	0	0
45.412	0.0097945	0	0
45.445	0.0098130	0	0
45.478	0.0100101	0	0
45.512	0.0101741	0	0
45.545	0.0099617	0	0
45.578	0.0097117	0	0
45.612	0.0093642	0	0
45.645	0.0091518	0	0
45.678	0.0092708	0	0
45.712	0.0094777	0	0
45.745	0.0092935	0	0
45.779	0.0094440	0	0
45.812	0.0095363	0	0
45.845	0.0093424	0	0
45.879	0.0092658	0	0
45.912	0.0092979	0	0
45.945	0.0092695	0	0
45.979	0.0093833	0	0
46.012	0.0093800	0	0
46.046	0.0092648	0	0
46.079	0.0095900	0	0
46.112	0.0095639	0	0
46.146	0.0094983	0	0
46.179	0.0095339	0	0
46.212	0.0097868	0	0
46.246	0.0100565	0	0
46.279	0.0100998	0	0
46.312	0.0094469	0	0
46.346	0.0096614	0	0
46.379	0.0113186	0	0
46.413	0.0127336	0	0
46.446	0.0148139	0	0
46.479	0.0176400	0	0
46.513	0.0197427	0	0
46.546	0.0192906	0	0
46.579	0.0188896	0	0
46.613	0.0178432	0	0
46.646	0.0162603	0	0
46.679	0.0143338	0	0
46.713	0.0132730	0	0
46.746	0.0124549	0	0
46.780	0.0120852	0	0
46.813	0.0117873	0	0
46.846	0.0117856	0	0
46.880	0.0115306	0	0
46.913	0.0110841	0	0
46.946	0.0102848	0	0
46.980	0.0099497	0	0
47.013	0.0094336	0	0
47.047	0.0094783	0	0
47.080	0.0093877	0	0
47.113	0.0103431	0	0
47.147	0.0120839	0	0
47.180	0.0142887	0	0
47.213	0.0162588	0	0
47.247	0.0181377	0	0
47.280	0.0191654	0	0
47.313	0.0193445	0	0
47.347	0.0192054	0	0
47.380	0.0191214	0	0
47.414	0.0193297	0	0
47.447	0.0194758	0	0
47.480	0.0195767	0	0
47.514	0.0199015	0	0
47.547	0.0201165	0	0
47.580	0.0207326	0	0
47.614	0.0212189	0	0
47.647	0.0218805	0	0
47.680	0.0225050	0	0
47.714	0.0233397	0	0
47.747	0.0232476	0	0
47.781	0.0228770	0	0
47.814	0.0216214	0	0
47.847	0.0200113	0	0
47.881	0.0178500	0	0
47.914	0.0159570	1	0
47.947	0.0142865	0	0
47.981	0.0128179	0	0
48.014	0.0118469	0	0
48.048	0.0111422	0	0
48.081	0.0106061	0	0
48.114	0.0106104	0	0
48.148	0.0107702	0	0
48.181	0.0105338	0	0
48.214	0.0106750	0	0
48.248	0.0107736	0	0
48.281	0.0104932	0	0
48.314	0.0103739	0	0
48.348	0.0104554	0	0
48.381	0.0102519	0	0
48.415	0.0102812	0	0
48.448	0.0100338	0	0
48.481	0.0101049	0	0
48.515	0.0098461	0	0
48.548	0.0099781	0	0
48.581	0.0103626	0	0
48.615	0.0110806	0	0
48.648	0.0114289	0	0
48.681	0.0118080	0	0
48.715	0.0122456	0	0
48.748	0.0116927	0	0
48.782	0.0117375	0	0
48.815	0.0118824	0	0
48.848	0.0120501	0	0
48.882	0.0120511	0	0
48.915	0.0135221	0	0
48.948	0.0146021	0	0
48.982	0.0155000	0	0
49.015	0.0161060	0	0
49.049	0.0162146	0	0
49.082	0.0153769	0	0
49.115	0.0139844	0	0
49.149	0.0124755	0	0
49.182	0.0111949	0	0
49.215	0.0104270	0	0
49.249	0.0095478	0	0
49.282	0.0092513	0	0
49.315	0.0090187	0	0
49.349	0.0093061	0	0
49.382	0.0094673	0	0
49.416	0.0094595	0	0
49.449	0.0092953	0	0
49.482	0.0094781	0	0
49.516	0.0093527	0	0
49.549	0.0093492	0	0
49.582	0.0094058	0	0
49.616	0.0090939	0	0
49.649	0.0091449	0	0
49.682	0.0091772	0	0
49.716	0.0090357	0	0
49.749	0.0087784	0	0
49.783	0.0088869	0	0
49.816	0.0088480	0	0
49.849	0.0093101	0	0
49.883	0.0101119	0	0
49.916	0.0110577	0	0
49.949	0.0116786	0	0
49.983	0.0123527	0	0
50.016	0.0123888	0	0
50.050	0.0117882	0	0
50.083	0.0117180	0	0
50.116	0.0119404	0	0
50.150	0.0114491	0	0
50.183	0.0111684	0	0
50.216	0.0113321	0	0
50.250	0.0110940	0	0
50.283	0.0105442	0	0
50.316	0.0104481	0	0
50.350	0.0106168	0	0
50.383	0.0108738	0	0
50.417	0.0107517	0	0
50.450	0.0112660	0	0
50.483	0.0121711	0	0
50.517	0.0135216	0	0
50.550	0.0150294	1	0
50.583	0.0170516	0	0
50.617	0.0191600	0	0
50.650	0.0196294	0	0
50.683	0.0190067	0	0
50.717	0.0177548	0	0
50.750	0.0161010	1	0
50.784	0.0138569	0	0
50.817	0.0126351	0	0
50.850	0.0114435	0	0
50.884	0.0103553	0	0
50.917	0.0101249	0	0
50.950	0.0101227	0	0
50.984	0.0098042	0	0
51.017	0.0100220	0	0
51.051	0.0102490	0	0
51.084	0.0099349	0	0
51.117	0.0092432	0	0
51.151	0.0093049	0	0
51.184	0.0094717	0	0
51.217	0.0097976	0	0
51.251	0.0098348	0	0
51.284	0.0100040	0	0
51.317	0.0099014	0	0
51.351	0.0093263	0	0
51.384	0.0087010	0	0
51.418	0.0084607	0	0
51.451	0.0084650	0	0
51.484	0.0089996	0	0
51.518	0.0110279	0	0
51.551	0.0130547	0	0
51.584	0.0144595	0	1
51.618	0.0154735	0	0
51.651	0.0153296	0	0
51.684	0.0142412	0	0
51.718	0.0124626	0	0
51.751	0.0109800	0	0
51.785	0.0101399	0	0
51.818	0.0094714	0	0
51.851	0.0086933	0	0
51.885	0.0085446	0	0
51.918	0.0087193	0	0
51.951	0.0087277	0	0
51.985	0.0089817	0	0
52.018	0.0096265	0	0
52.052	0.0099215	0	0
52.085	0.0103363	0	0
52.118	0.0102239	0	0
52.152	0.0104796	0	0
52.185	0.0098719	0	0
52.218	0.0094637	0	0
52.252	0.0094105	0	0
52.285	0.0093031	0	0
52.318	0.0090142	0	0
52.352	0.0088803	0	0
52.385	0.0093282	0	0
52.419	0.0089666	0	0
52.452	0.0089732	0	0
52.485	0.0089981	0	0
52.519	0.0091355	0	0
52.552	0.0087422	0	0
52.585	0.0085845	0	0
52.619	0.0086268	0	0
52.652	0.0083431	0	0
52.685	0.0086720	0	0
52.719	0.0090188	0	0
52.752	0.0088711	0	0
52.786	0.0090049	0	0
52.819	0.0092048	0	0
52.852	0.0090671	0	0
52.886	0.0088648	0	0
52.919	0.0091563	0	0
52.952	0.0088558	0	0
52.986	0.0087198	0	0
53.019	0.0086820	0	0
53.053	0.0086290	0	0
53.086	0.0087619	0	0
53.119	0.0092179	0	0
53.153	0.0092929	0	0
53.186	0.0091230	0	0
53.219	0.0091465	0	0
53.253	0.0092184	0	0
53.286	0.0093071	0	0
53.319	0.0093440	0	0
53.353	0.0093656	0	0
53.386	0.0093462	0	0
53.420	0.0092684	0	0
53.453	0.0089469	0	0
53.486	0.0089174	0	0
53.520	0.0088239	0	0
53.553	0.0086106	0	0
53.586	0.0086776	0	0
53.620	0.0086005	0	0
53.653	0.0090874	0	0
53.686	0.0095351	0	0
53.720	0.0118332	0	0
53.753	0.0133180	0	1
53.787	0.0147895	0	1
53.820	0.0155364	0	0
53.853	0.0159812	0	0
53.887	0.0148862	0	0
53.920	0.0138208	0	0
53.953	0.0127928	0	0
53.987	0.0121372	0	0
54.020	0.0116470	0	0
54.054	0.0107221	0	0
54.087	0.0105691	0	0
54.120	0.0103681	0	0
54.154	0.0103408	0	0
54.187	0.0101458	0	0
54.220	0.0102092	0	0
54.254	0.0101158	0	0
54.287	0.0099545	0	0
54.320	0.0093358	0	0
54.354	0.0091431	0	0
54.387	0.0089517	0	0
54.421	0.0087971	0	0
54.454	0.0090112	0	0
54.487	0.0093943	0	0
54.521	0.0095423	0	0
54.554	0.0095205	0	0
54.587	0.0091904	0	0
54.621	0.0089688	0	0
54.654	0.0086959	0	0
54.687	0.0082287	0	0
54.721	0.0080667	0	0
54.754	0.0085809	0	0
54.788	0.0088353	0	0
54.821	0.0090166	0	0
54.854	0.0091824	0	0
54.888	0.0099269	0	0
54.921	0.0094943	0	0
54.954	0.0093318	0	0
54.988	0.0095217	0	0
55.021	0.0099460	0	0
55.055	0.0095812	0	0
55.088	0.0102690	0	0
55.121	0.0118902	0	0
55.155	0.0134654	0	0
55.188	0.0151130	0	0
55.221	0.0160143	0	0
55.255	0.0163668	0	0
55.288	0.0152799	0	0
55.321	0.0138201	0	0
55.355	0.0124062	0	0
55.388	0.0113354	0	0
55.422	0.0103517	0	0
55.455	0.0098918	0	0
55.488	0.0099248	0	0
55.522	0.0091422	0	0
55.555	0.0094364	0	0
55.588	0.0095392	0	0
55.622	0.0092281	0	0
55.655	0.0087070	0	0
55.688	0.0092017	0	0
55.722	0.0093938	0	0
55.755	0.0095259	0	0
55.789	0.0096562	0	0
55.822	0.0100806	0	0
55.855	0.0102364	0	0
55.889	0.0095851	0	0
55.922	0.0092843	0	0
55.955	0.0093571	0	0
55.989	0.0090295	0	0
56.022	0.0088582	0	0
56.056	0.0092837	0	0
56.089	0.0099618	0	0
56.122	0.0100305	0	0
56.156	0.0102871	0	0
56.189	0.0104176	0	0
56.222	0.0104379	0	0
56.256	0.0105654	0	0
56.289	0.0107464	0	0
56.322	0.0107692	0	0
56.356	0.0104915	0	0
56.389	0.0102563	0	0
56.423	0.0094906	0	0
56.456	0.0094401	0	0
56.489	0.0091435	0	0
56.523	0.0091351	0	0
56.556	0.0089541	0	0
56.589	0.0087960	0	0
56.623	0.0083682	0	0
56.656	0.0095730	0	0
56.689	0.0112633	0	0
56.723	0.0133887	0	0
56.756	0.0154519	0	0
56.790	0.0175989	0	0
56.823	0.0184988	0	0
56.856	0.0192222	0	0
56.890	0.0190187	0	0
56.923	0.0188477	0	0
56.956	0.0177175	0	0
56.990	0.0164986	0	0
57.023	0.0147106	0	0
57.057	0.0134847	0	0
57.090	0.0123132	0	0
57.123	0.0119425	0	0
57.157	0.0116045	0	0
57.190	0.0109922	0	0
57.223	0.0107892	0	0
57.257	0.0105811	0	0
57.290	0.0105288	0	0
57.323	0.0104876	0	0
57.357	0.0107586	0	0
57.390	0.0108531	0	0
57.424	0.0104832	0	0
57.457	0.0103027	0	0
57.490	0.0099362	0	0
57.524	0.0098203	0	0
57.557	0.0100261	0	0
57.590	0.0100725	0	0
57.624	0.0098670	0	0
57.657	0.0097768	0	0
57.690	0.0096637	0	0
57.724	0.0092363	0	0
57.757	0.0091298	0	0
57.791	0.0094559	0	0
57.824	0.0092400	0	0
57.857	0.0093128	0	0
57.891	0.0091756	0	0
57.924	0.0096988	0	0
57.957	0.0094647	0	0
57.991	0.0097482	0	0
58.024	0.0099193	0	0
58.058	0.0099940	0	0
58.091	0.0092909	0	0
58.124	0.0088906	0	0
58.158	0.0088518	0	0
58.191	0.0086416	0	0
58.224	0.0087714	0	0
58.258	0.0089705	0	0
58.291	0.0093246	0	0
58.324	0.0092207	0	0
58.358	0.0090480	0	0
58.391	0.0090321	0	0
58.425	0.0094302	0	0
58.458	0.0094472	0	0
58.491	0.0094444	0	0
58.525	0.0094996	0	0
58.558	0.0092927	0	0
58.591	0.0089435	0	0
58.625	0.0085338	0	0
58.658	0.0085267	0	0
58.691	0.0083062	0	0
58.725	0.0081217	0	0
58.758	0.0081003	0	0
58.792	0.0084490	0	0
58.825	0.0085582	0	0
58.858	0.0086975	0	0
58.892	0.0086777	0	0
58.925	0.0085886	0	0
58.958	0.0084013	0	0
58.992	0.0082265	0	0
59.025	0.0083305	0	0
59.059	0.0084483	0	0
59.092	0.0086036	0	0
59.125	0.0087410	0	0
59.159	0.0088514	0	0
59.192	0.0090761	0	0
59.225	0.0090319	0	0
59.259	0.0091149	0	0
59.292	0.0094618	0	0
59.325	0.0098909	0	0
59.359	0.0099986	0	0
59.392	0.0098062	0	0
59.426	0.0095949	0	0
59.459	0.0092452	0	0
59.492	0.0089717	0	0
59.526	0.0085315	0	0
59.559	0.0085132	0	0
59.592	0.0083094	0	0
59.626	0.0083073	0	0
59.659	0.0083500	0	0
59.692	0.0084492	0	0
59.726	0.0086228	0	0
59.759	0.0087489	0	0
59.793	0.0090555	0	0
59.826	0.0090127	0	0
59.859	0.0092892	0	0
59.893	0.0096314	0	0
59.926	0.0097619	0	0
59.959	0.0098011	0	0
59.993	0.0108392	0	0
60.026	0.0123179	0	0
60.060	0.0141890	0	0
60.093	0.0158244	0	0
60.126	0.0168290	0	0
60.160	0.0168447	0	0
60.193	0.0162462	0	0
60.226	0.0149339	0	0
60.260	0.0139885	0	0
60.293	0.0128057	0	0
60.326	0.0122944	0	0
60.360	0.0114031	0	0
60.393	0.0107514	0	0
60.427	0.0105326	0	0
60.460	0.0102841	0	0
60.493	0.0093990	0	0
60.527	0.0091673	0	0
60.560	0.0088483	0	0
60.593	0.0083390	0	0
60.627	0.0087530	0	0
60.660	0.0089899	0	0
60.693	0.0092588	0	0
60.727	0.0095094	0	0
60.760	0.0096041	0	0
60.794	0.0093351	0	0
60.827	0.0094440	0	0
60.860	0.0092027	0	0
60.894	0.0093478	0	0
60.927	0.0091298	0	0
60.960	0.0091143	0	0
60.994	0.0092301	0	0
61.027	0.0090068	0	0
61.061	0.0089045	0	0
61.094	0.0097012	0	0
61.127	0.0104125	0	0
61.161	0.0103733	0	0
61.194	0.0105890	0	0
61.227	0.0105395	0	0
61.261	0.0097483	0	0
61.294	0.0090644	0	0
61.327	0.0090293	0	0
61.361	0.0093675	0	0
61.394	0.0096410	0	0
61.428	0.0101015	0	0
61.461	0.0101088	0	0
61.494	0.0097430	0	0
61.528	0.0095999	0	0
61.561	0.0097608	0	0
61.594	0.0093792	0	0
61.628	0.0093404	0	0
61.661	0.0094372	0	0
61.694	0.0090892	0	0
61.728	0.0089039	0	0
61.761	0.0089368	0	0
61.795	0.0093214	0	0
61.828	0.0094198	0	0
61.861	0.0095112	0	0
61.895	0.0099066	0	0
61.928	0.0105927	0	0
61.961	0.0103645	0	0
61.995	0.0104899	0	0
62.028	0.0105747	0	0
62.062	0.0099431	0	0
62.095	0.0089015	0	0
62.128	0.0087799	0	0
62.162	0.0085497	0	0
62.195	0.0088077	0	0
62.228	0.0087014	0	0
62.262	0.0091700	0	0
62.295	0.0093034	0	0
62.328	0.0092462	0	0
62.362	0.0089970	0	0
62.395	0.0090747	0	0
62.429	0.0099220	0	0
62.462	0.0115872	0	0
62.495	0.0134964	0	0
62.529	0.0152199	0	0
62.562	0.0167948	0	0
62.595	0.0170198	0	0
62.629	0.0159595	0	0
62.662	0.0147132	0	0
62.695	0.0133586	0	0
62.729	0.0122039	0	0
62.762	0.0115500	0	0
62.796	0.0111042	0	0
62.829	0.0109517	0	0
62.862	0.0106387	0	0
62.896	0.0105094	0	0
62.929	0.0102079	0	0
62.962	0.0102774	0	0
62.996	0.0101421	0	0
63.029	0.0103145	0	0
63.063	0.0098024	0	0
63.096	0.0097247	0	0
63.129	0.0095360	0	0
63.163	0.0095378	0	0
63.196	0.0092463	0	0
63.229	0.0094851	0	0
63.263	0.0097347	0	0
63.296	0.0099211	0	0
63.329	0.0096448	0	0
63.363	0.0099620	0	0
63.396	0.0097178	0	0
63.430	0.0091913	0	0
63.463	0.0089736	0	0
63.496	0.0091297	0	0
63.530	0.0087287	0	0
63.563	0.0089283	0	0
63.596	0.0093139	0	0
63.630	0.0096756	0	0
63.663	0.0097265	0	0
63.696	0.0103073	0	0
63.730	0.0102905	0	0
63.763	0.0102201	0	0
63.797	0.0099672	0	0
63.830	0.0097109	0	0
63.863	0.0092887	0	0
63.897	0.0095677	0	0
63.930	0.0095510	0	0
63.963	0.0092782	0	0
63.997	0.0098101	0	0
64.030	0.0100638	0	0
64.064	0.0097558	0	0
64.097	0.0100151	0	0
64.130	0.0099805	0	0
64.164	0.0096745	0	0
64.197	0.0093356	0	0
64.230	0.0091644	0	0
64.264	0.0088807	0	0
64.297	0.0090620	0	0
64.330	0.0089386	0	0
64.364	0.0090611	0	0
64.397	0.0099227	0	0
64.431	0.0101690	0	0
64.464	0.0101882	0	0
64.497	0.0103769	0	0
64.531	0.0110084	0	0
64.564	0.0121744	0	0
64.597	0.0137895	0	1
64.631	0.0152613	0	0
64.664	0.0160694	0	0
64.697	0.0159160	0	0
64.731	0.0148642	0	0
64.764	0.0134636	0	0
64.798	0.0122886	0	0
64.831	0.0116265	0	0
64.864	0.0112577	0	0
64.898	0.0105544	0	0
64.931	0.0101629	0	0
64.964	0.0097669	0	0
64.998	0.0094912	0	0
65.031	0.0099032	0	0
65.065	0.0102703	0	0
65.098	0.0105173	0	0
65.131	0.0104520	0	0
65.165	0.0108892	0	0
65.198	0.0104332	0	0
65.231	0.0101446	0	0
65.265	0.0097674	0	0
65.298	0.0098158	0	0
65.331	0.0094023	0	0
65.365	0.0097572	0	0
65.398	0.0095781	0	0
65.432	0.0099238	0	0
65.465	0.0104264	0	0
65.498	0.0122544	0	0
65.532	0.0138878	0	0
65.565	0.0161649	0	0
65.598	0.0182067	0	0
65.632	0.0202587	0	0
65.665	0.0205280	0	0
65.698	0.0198879	0	0
65.732	0.0194129	0	0
65.765	0.0181587	0	0
65.799	0.0163147	0	0
65.832	0.0147275	0	0
65.865	0.0138851	0	0
65.899	0.0126291	0	0
65.932	0.0120822	0	0
65.965	0.0116700	0	0
65.999	0.0110902	0	0
66.032	0.0105554	0	0
66.066	0.0101598	0	0
66.099	0.0097406	0	0
66.132	0.0097075	0	0
66.166	0.0098721	0	0
66.199	0.0101332	0	0
66.232	0.0103208	0	0
66.266	0.0107751	0	0
66.299	0.0105665	0	0
66.332	0.0106976	0	0
66.366	0.0110527	0	0
66.399	0.0112548	0	0
66.433	0.0111106	0	0
66.466	0.0110689	0	0
66.499	0.0107705	0	0
66.533	0.0101230	0	0
66.566	0.0095212	0	0
66.599	0.0091182	0	0
66.633	0.0091852	0	0
66.666	0.0095660	0	0
66.699	0.0096255	0	0
66.733	0.0098811	0	0
66.766	0.0101103	0	0
66.800	0.0102243	0	0
66.833	0.0098765	0	0
66.866	0.0097283	0	0
66.900	0.0095186	0	0
66.933	0.0094565	0	0
66.966	0.0090733	0	0
67.000	0.0090417	0	0
67.033	0.0089707	0	0
67.067	0.0093921	0	0
67.100	0.0093797	0	0
67.133	0.0096090	0	0
67.167	0.0095180	0	0
67.200	0.0095036	0	0
67.233	0.0092126	0	0
67.267	0.0095225	0	0
67.300	0.0094159	0	0
67.333	0.0096473	0	0
67.367	0.0098513	0	0
67.400	0.0100221	0	0
67.434	0.0099056	0	0
67.467	0.0100795	0	0
67.500	0.0105008	0	0
67.534	0.0107114	0	0
67.567	0.0109958	0	0
67.600	0.0114643	0	0
67.634	0.0117694	0	0
67.667	0.0123028	0	0
67.700	0.0127047	0	0
67.734	0.0126266	0	0
67.767	0.0124177	0	0
67.801	0.0123928	0	0
67.834	0.0118579	0	0
67.867	0.0115957	0	0
67.901	0.0120469	0	0
67.934	0.0120921	0	0
67.967	0.0122331	0	0
68.001	0.0123599	0	0
68.034	0.0122243	0	0
68.068	0.0121950	0	0
68.101	0.0124595	0	0
68.134	0.0124733	0	0
68.168	0.0125119	0	0
68.201	0.0127776	0	0
68.234	0.0123535	0	0
68.268	0.0122935	0	0
68.301	0.0121672	0	0
68.334	0.0117964	0	0
68.368	0.0116859	0	0
68.401	0.0118030	0	0
68.435	0.0111532	0	0
68.468	0.0107935	0	0
68.501	0.0106461	0	0
68.535	0.0105830	0	0
68.568	0.0101386	0	0
68.601	0.0103963	0	0
68.635	0.0104495	0	0
68.668	0.0104507	0	0
68.701	0.0102943	0	0
68.735	0.0104212	0	0
68.768	0.0101367	0	0
68.802	0.0106047	0	0
68.835	0.0106516	0	0
68.868	0.0106713	0	0
68.902	0.0108905	0	0
68.935	0.0107859	0	0
68.968	0.0102481	0	0
69.002	0.0104961	0	0
69.035	0.0103751	0	0
69.069	0.0103784	0	0
69.102	0.0103707	0	0
69.135	0.0103986	0	0
69.169	0.0097343	0	0
69.202	0.0095993	0	0
69.235	0.0093272	0	0
69.269	0.0091048	0	0
69.302	0.0088063	0	0
69.335	0.0090514	0	0
69.369	0.0088938	0	0
69.402	0.0090840	0	0
69.436	0.0095089	0	0
69.469	0.0099137	0	0
69.502	0.0103885	0	0
69.536	0.0109422	0	0
69.569	0.0110694	0	0
69.602	0.0114199	0	0
69.636	0.0116592	0	0
69.669	0.0118656	0	0
69.702	0.0117760	0	0
69.736	0.0112711	0	0
69.769	0.0109550	0	0
69.803	0.0105380	0	0
69.836	0.0098340	0	0
69.869	0.0096826	0	0
69.903	0.0093521	0	0
69.936	0.0089698	0	0
69.969	0.0091842	0	0
70.003	0.0090928	0	0
70.036	0.0093827	0	0
70.070	0.0101844	0	0
70.103	0.0107998	0	0
70.136	0.0101114	0	0
70.170	0.0102197	0	0
70.203	0.0097192	0	0
70.236	0.0094722	0	0
70.270	0.0099485	0	0
70.303	0.0121706	0	0
70.336	0.0143286	0	0
70.370	0.0165963	0	0
70.403	0.0187878	0	0
70.437	0.0192201	0	0
70.470	0.0186653	0	0
70.503	0.0175580	0	0
70.537	0.0160464	0	0
70.570	0.0144308	0	0
70.603	0.0132447	0	0
70.637	0.0127303	0	0
70.670	0.0119273	0	0
70.703	0.0115757	0	0
70.737	0.0111800	0	0
70.770	0.0108152	0	0
70.804	0.0103966	0	0
70.837	0.0101148	0	0
70.870	0.0096886	0	0
70.904	0.0092841	0	0
70.937	0.0092596	0	0
70.970	0.0091468	0	0
71.004	0.0092442	0	0
71.037	0.0094897	0	0
71.071	0.0098397	0	0
71.104	0.0102178	0	0
71.137	0.0100513	0	0
71.171	0.0099919	0	0
71.204	0.0101406	0	0
71.237	0.0100054	0	0
71.271	0.0100285	0	0
71.304	0.0101877	0	0
71.337	0.0106316	0	0
71.371	0.0104155	0	0
71.404	0.0104291	0	0
71.438	0.0104191	0	0
71.471	0.0107837	0	0
71.504	0.0104502	0	0
71.538	0.0105852	0	0
71.571	0.0107051	0	0
71.604	0.0105583	0	0
71.638	0.0102755	0	0
71.671	0.0100209	0	0
71.704	0.0096431	0	0
71.738	0.0095059	0	0
71.771	0.0094629	0	0
71.805	0.0091441	0	0
71.838	0.0091420	0	0
71.871	0.0089366	0	0
71.905	0.0091534	0	0
71.938	0.0093485	0	0
71.971	0.0097551	0	0
72.005	0.0102667	0	0
72.038	0.0106786	0	0
72.072	0.0104021	0	0
72.105	0.0101255	0	0
72.138	0.0099698	0	0
72.172	0.0099030	0	0
72.205	0.0098800	0	0
72.238	0.0097648	0	0
72.272	0.0097641	0	0
72.305	0.0099176	0	0
72.338	0.0110253	0	0
72.372	0.0128716	0	0
72.405	0.0146864	0	0
72.439	0.0164702	0	0
72.472	0.0173703	0	0
72.505	0.0167706	0	0
72.539	0.0156882	0	0
72.572	0.0145297	0	0
72.605	0.0132505	0	0
72.639	0.0124794	0	0
72.672	0.0121777	0	0
72.705	0.0118530	0	0
72.739	0.0113131	0	0
72.772	0.0109076	0	0
72.806	0.0106717	0	0
72.839	0.0105561	0	0
72.872	0.0099451	0	0
72.906	0.0103122	0	0
72.939	0.0101831	0	0
72.972	0.0097956	0	0
73.006	0.0095242	0	0
73.039	0.0099101	0	0
73.073	0.0091350	0	0
73.106	0.0091826	0	0
73.139	0.0093856	0	0
73.173	0.0093393	0	0
73.206	0.0094899	0	0
73.239	0.0098123	0	0
73.273	0.0099194	0	0
73.306	0.0098166	0	0
73.339	0.0098642	0	0
73.373	0.0092744	0	0
73.406	0.0093852	0	0
73.440	0.0092896	0	0
73.473	0.0094948	0	0
73.506	0.0096866	0	0
73.540	0.0109590	0	0
73.573	0.0125331	0	0
73.606	0.0147808	0	0
73.640	0.0171921	0	0
73.673	0.0195620	0	0
73.706	0.0213639	0	0
73.740	0.0224474	0	0
73.773	0.0239164	0	0
73.807	0.0244951	0	0
73.840	0.0238693	0	0
73.873	0.0221633	0	0
73.907	0.0206292	0	0
73.940	0.0180262	0	0
73.973	0.0157025	0	0
74.007	0.0144011	0	0
74.040	0.0137511	0	0
74.074	0.0128261	0	0
74.107	0.0122196	0	0
74.140	0.0116583	0	0
74.174	0.0110882	0	0
74.207	0.0110481	0	0
74.240	0.0108376	0	0
74.274	0.0103765	0	0
74.307	0.0104297	0	0
74.340	0.0104166	0	0
74.374	0.0101531	0	0
74.407	0.0100233	0	0
74.441	0.0100728	0	0
74.474	0.0096859	0	0
74.507	0.0095157	0	0
74.541	0.0100240	0	0
74.574	0.0101064	0	0
74.607	0.0103737	0	0
74.641	0.0106408	0	0
74.674	0.0108103	0	0
74.707	0.0100154	0	0
74.741	0.0097808	0	0
74.774	0.0093128	0	0
74.808	0.0089521	0	0
74.841	0.0090629	0	0
74.874	0.0095328	0	0
74.908	0.0096018	0	0
74.941	0.0098057	0	0
74.974	0.0101657	0	0
75.008	0.0100189	0	0
75.041	0.0101070	0	0
75.075	0.0104179	0	0
75.108	0.0105644	0	0
75.141	0.0105198	0	0
75.175	0.0104905	0	0
75.208	0.0104606	0	0
75.241	0.0104222	0	0
75.275	0.0101520	0	0
75.308	0.0104055	0	0
75.341	0.0104927	0	0
75.375	0.0118006	0	0
75.408	0.0132421	0	0
75.442	0.0147817	0	1
75.475	0.0153521	0	0
75.508	0.0153819	0	0
75.542	0.0140896	0	0
75.575	0.0130067	0	0
75.608	0.0118453	0	0
75.642	0.0110246	0	0
75.675	0.0111078	0	0
75.708	0.0105821	0	0
75.742	0.0101680	0	0
75.775	0.0102425	0	0
75.809	0.0104351	0	0
75.842	0.0101260	0	0
75.875	0.0103776	0	0
75.909	0.0106161	0	0
75.942	0.0102602	0	0
75.975	0.0098455	0	0
76.009	0.0097446	0	0
76.042	0.0095964	0	0
76.076	0.0092311	0	0
76.109	0.0091954	0	0
76.142	0.0094969	0	0
76.176	0.0097322	0	0
76.209	0.0096391	0	0
76.242	0.0100868	0	0
76.276	0.0101531	0	0
76.309	0.0102058	0	0
76.342	0.0103393	0	0
76.376	0.0106279	0	0
76.409	0.0101728	0	0
76.443	0.0105473	0	0
76.476	0.0106113	0	0
76.509	0.0105832	0	0
76.543	0.0103137	0	0
76.576	0.0104793	0	0
76.609	0.0103955	0	0
76.643	0.0098949	0	0
76.676	0.0095295	0	0
76.709	0.0097205	0	0
76.743	0.0109414	0	0
76.776	0.0124182	0	0
76.810	0.0140492	0	0
76.843	0.0155184	0	0
76.876	0.0163884	0	0
76.910	0.0157863	0	0
76.943	0.0145727	0	0
76.976	0.0136964	0	0
77.010	0.0129428	0	0
77.043	0.0119498	0	0
77.077	0.0116351	0	0
77.110	0.0112526	0	0
77.143	0.0107889	0	0
77.177	0.0101589	0	0
77.210	0.0101252	0	0
77.243	0.0098335	0	0
77.277	0.0093672	0	0
77.310	0.0095388	0	0
77.343	0.0095841	0	0
77.377	0.0095566	0	0
77.410	0.0096277	0	0
77.444	0.0099376	0	0
77.477	0.0095925	0	0
77.510	0.0095717	0	0
77.544	0.0099110	0	0
77.577	0.0098356	0	0
77.610	0.0096889	0	0
77.644	0.0099494	0	0
77.677	0.0102284	0	0
77.710	0.0114582	0	0
77.744	0.0130603	0	0
77.777	0.0148379	0	0
77.811	0.0159486	0	0
77.844	0.0165610	0	0
77.877	0.0157257	0	0
77.911	0.0149181	0	0
77.944	0.0138413	0	0
77.977	0.0129219	0	0
78.011	0.0122586	0	0
78.044	0.0120659	0	0
78.078	0.0113324	0	0
78.111	0.0110884	0	0
78.144	0.0111555	0	0
78.178	0.0115384	0	0
78.211	0.0111636	0	0
78.244	0.0113362	0	0
78.278	0.0107862	0	0
78.311	0.0107191	0	0
78.344	0.0102648	0	0
78.378	0.0103546	0	0
78.411	0.0099809	0	0
78.445	0.0105151	0	0
78.478	0.0103674	0	0
78.511	0.0101514	0	0
78.545	0.0101311	0	0
78.578	0.0103798	0	0
78.611	0.0102981	0	0
78.645	0.0104949	0	0
78.678	0.0108677	0	0
78.711	0.0116714	0	0
78.745	0.0129450	0	0
78.778	0.0141801	0	0
78.812	0.0152862	0	0
78.845	0.0162581	0	0
78.878	0.0159726	0	0
78.912	0.0150212	0	0
78.945	0.0139834	0	0
78.978	0.0124823	0	0
79.012	0.0114591	0	0
79.045	0.0111503	0	0
79.079	0.0108671	0	0
79.112	0.0105330	0	0
79.145	0.0103242	0	0
79.179	0.0106005	0	0
79.212	0.0104998	0	0
79.245	0.0104489	0	0
79.279	0.0104526	0	0
79.312	0.0106550	0	0
79.345	0.0101616	0	0
79.379	0.0101232	0	0
79.412	0.0100020	0	0
79.446	0.0104228	0	0
79.479	0.0109352	0	0
79.512	0.0111717	0	0
79.546	0.0112113	0	0
79.579	0.0109757	0	0
79.612	0.0103942	0	0
79.646	0.0101003	0	0
79.679	0.0100041	0	0
79.712	0.0098877	0	0
79.746	0.0100348	0	0
79.779	0.0101491	0	0
79.813	0.0098406	0	0
79.846	0.0094291	0	0
79.879	0.0095180	0	0
79.913	0.0104309	0	0
79.946	0.0118238	0	0
79.979	0.0136457	0	0
80.013	0.0155670	0	0
80.046	0.0166354	0	0
80.080	0.0168448	0	0
80.113	0.0161954	0	0
80.146	0.0149223	0	0
80.180	0.0137768	0	0
80.213	0.0127602	0	0
80.246	0.0119695	0	0
80.280	0.0115966	0	0
80.313	0.0114382	0	0
80.346	0.0111484	0	0
80.380	0.0112018	0	0
80.413	0.0109563	0	0
80.447	0.0104837	0	0
80.480	0.0102133	0	0
80.513	0.0102521	0	0
80.547	0.0100167	0	0
80.580	0.0100342	0	0
80.613	0.0106148	0	0
80.647	0.0109883	0	0
80.680	0.0111382	0	0
80.713	0.0112270	0	0
80.747	0.0113875	0	0
80.780	0.0108417	0	0
80.814	0.0109172	0	0
80.847	0.0105904	0	0
80.880	0.0105410	0	0
80.914	0.0101300	0	0
80.947	0.0104294	0	0
80.980	0.0099444	0	0
81.014	0.0101888	0	0
81.047	0.0099775	0	0
81.081	0.0103081	0	0
81.114	0.0102970	0	0
81.147	0.0118413	0	0
81.181	0.0133767	0	0
81.214	0.0153517	0	0
81.247	0.0168822	0	0
81.281	0.0179549	0	0
81.314	0.0175870	0	0
81.347	0.0162749	1	0
81.381	0.0147981	0	0
81.414	0.0133464	0	0
81.448	0.0122099	0	0
81.481	0.0113293	0	0
81.514	0.0110481	0	0
81.548	0.0108765	0	0
81.581	0.0110129	0	0
81.614	0.0110727	0	0
81.648	0.0111853	0	0
81.681	0.0107409	0	0
81.714	0.0105817	0	0
81.748	0.0101331	0	0
81.781	0.0096472	0	0
81.815	0.0094471	0	0
81.848	0.0095252	0	0
81.881	0.0096551	0	0
81.915	0.0097728	0	0
81.948	0.0102835	0	0
81.981	0.0102806	0	0
82.015	0.0103392	0	0
82.048	0.0103427	0	0
82.082	0.0106518	0	0
82.115	0.0107891	0	0
82.148	0.0104642	0	0
82.182	0.0103219	0	0
82.215	0.0101990	0	0
82.248	0.0098911	0	0
82.282	0.0096222	0	0
82.315	0.0099348	0	0
82.348	0.0101371	0	0
82.382	0.0100794	0	0
82.415	0.0102136	0	0
82.449	0.0103353	0	0
82.482	0.0114246	0	0
82.515	0.0132695	0	0
82.549	0.0149996	0	0
82.582	0.0162021	0	0
82.615	0.0172973	0	0
82.649	0.0170716	0	0
82.682	0.0160341	0	0
82.715	0.0150131	0	0
82.749	0.0142051	0	0
82.782	0.0134434	0	0
82.816	0.0127694	0	0
82.849	0.0122438	0	0
82.882	0.0116570	0	0
82.916	0.0112399	0	0
82.949	0.0107023	0	0
82.982	0.0106305	0	0
83.016	0.0107823	0	0
83.049	0.0108449	0	0
83.083	0.0105754	0	0
83.116	0.0106874	0	0
83.149	0.0103643	0	0
83.183	0.0100803	0	0
83.216	0.0097975	0	0
83.249	0.0102106	0	0
83.283	0.0097483	0	0
83.316	0.0101780	0	0
83.349	0.0103206	0	0
83.383	0.0108355	0	0
83.416	0.0109267	0	0
83.450	0.0112033	0	0
83.483	0.0105096	0	0
83.516	0.0105522	0	0
83.550	0.0106584	0	0
83.583	0.0103322	0	0
83.616	0.0108584	0	0
83.650	0.0115027	0	0
83.683	0.0110348	0	0
83.716	0.0106558	0	0
83.750	0.0107388	0	0
83.783	0.0100758	0	0
83.817	0.0094547	0	0
83.850	0.0095367	0	0
83.883	0.0093699	0	0
83.917	0.0092700	0	0
83.950	0.0097365	0	0
83.983	0.0100670	0	0
84.017	0.0100644	0	0
84.050	0.0101197	0	0
84.084	0.0106251	0	0
84.117	0.0121120	0	0
84.150	0.0137452	0	0
84.184	0.0149831	0	0
84.217	0.0164775	0	0
84.250	0.0170048	0	0
84.284	0.0159988	0	0
84.317	0.0154037	0	0
84.350	0.0147523	0	0
84.384	0.0134886	0	0
84.417	0.0125322	0	0
84.451	0.0121222	0	0
84.484	0.0112598	0	0
84.517	0.0109199	0	0
84.551	0.0108585	0	0
84.584	0.0108148	0	0
84.617	0.0106642	0	0
84.651	0.0106262	0	0
84.684	0.0108444	0	0
84.717	0.0107149	0	0
84.751	0.0111411	0	0
84.784	0.0106225	0	0
84.818	0.0108385	0	0
84.851	0.0103913	0	0
84.884	0.0104202	0	0
84.918	0.0099043	0	0
84.951	0.0105412	0	0
84.984	0.0104436	0	0
85.018	0.0106493	0	0
85.051	0.0109875	0	0
85.085	0.0113776	0	0
85.118	0.0114333	0	0
85.151	0.0113599	0	0
85.185	0.0117656	0	0
85.218	0.0116037	0	0
85.251	0.0114533	0	0
85.285	0.0114914	0	0
85.318	0.0115039	0	0
85.351	0.0112346	0	0
85.385	0.0114570	0	0
85.418	0.0115006	0	0
85.452	0.0113966	0	0
85.485	0.0118126	0	0
85.518	0.0121629	0	0
85.552	0.0121715	0	0
85.585	0.0121314	0	0
85.618	0.0123004	0	0
85.652	0.0119987	0	0
85.685	0.0133749	0	0
85.718	0.0149578	0	0
85.752	0.0170592	0	0
85.785	0.0182991	0	0
85.819	0.0192119	0	0
85.852	0.0183497	0	0
85.885	0.0173067	1	0
85.919	0.0157289	1	0
85.952	0.0145314	0	0
85.985	0.0134487	0	0
86.019	0.0124746	0	0
86.052	0.0119818	0	0
86.086	0.0114674	0	0
86.119	0.0114349	0	0
86.152	0.0116327	0	0
86.186	0.0119371	0	0
86.219	0.0117174	0	0
86.252	0.0122364	0	0
86.286	0.0123039	0	0
86.319	0.0117578	0	0
86.352	0.0115115	0	0
86.386	0.0113683	0	0
86.419	0.0110101	0	0
86.453	0.0105214	0	0
86.486	0.0107611	0	0
86.519	0.0108530	0	0
86.553	0.0105287	0	0
86.586	0.0102568	0	0
86.619	0.0100317	0	0
86.653	0.0102728	0	0
86.686	0.0100850	0	0
86.719	0.0102535	0	0
86.753	0.0100632	0	0
86.786	0.0097625	0	0
86.820	0.0092129	0	0
86.853	0.0093996	0	0
86.886	0.0091468	0	0
86.920	0.0090357	0	0
86.953	0.0093873	0	0
86.986	0.0097603	0	0
87.020	0.0092923	0	0
87.053	0.0095164	0	0
87.087	0.0099265	0	0
87.120	0.0100180	0	0
87.153	0.0101515	0	0
87.187	0.0105399	0	0
87.220	0.0107484	0	0
87.253	0.0107513	0	0
87.287	0.0108654	0	0
87.320	0.0107170	0	0
87.353	0.0104665	0	0
87.387	0.0103773	0	0
87.420	0.0104591	0	0
87.454	0.0108484	0	0
87.487	0.0108981	0	0
87.520	0.0111687	0	0
87.554	0.0114345	0	0
87.587	0.0115145	0	0
87.620	0.0115416	0	0
87.654	0.0116548	0	0
87.687	0.0121522	0	0
87.720	0.0121348	0	0
87.754	0.0120515	0	0
87.787	0.0116677	0	0
87.821	0.0115921	0	0
87.854	0.0111976	0	0
87.887	0.0113142	0	0
87.921	0.0111797	0	0
87.954	0.0109537	0	0
87.987	0.0103641	0	0
88.021	0.0098983	0	0
88.054	0.0092319	0	0
88.088	0.0090484	0	0
88.121	0.0093656	0	0
88.154	0.0100097	0	0
88.188	0.0099368	0	0
88.221	0.0101414	0	0
88.254	0.0101710	0	0
88.288	0.0099851	0	0
88.321	0.0095492	0	0
88.354	0.0100931	0	0
88.388	0.0099847	0	0
88.421	0.0101894	0	0
88.455	0.0103281	0	0
88.488	0.0105715	0	0
88.521	0.0102809	0	0
88.555	0.0101048	0	0
88.588	0.0098925	0	0
88.621	0.0092473	0	0
88.655	0.0093894	0	0
88.688	0.0098972	0	0
88.721	0.0099037	0	0
88.755	0.0100150	0	0
88.788	0.0105693	0	0
88.822	0.0102801	0	0
88.855	0.0096793	0	0
88.888	0.0100321	0	0
88.922	0.0112909	0	0
88.955	0.0130286	0	0
88.988	0.0152157	0	0
89.022	0.0174232	0	0
89.055	0.0195718	0	0
89.089	0.0198979	0	0
89.122	0.0192255	0	0
89.155	0.0181963	0	0
89.189	0.0170447	0	0
89.222	0.0150848	1	0
89.255	0.0137892	0	0
89.289	0.0127788	0	0
89.322	0.0119688	0	0
89.355	0.0109830	0	0
89.389	0.0109593	0	0
89.422	0.0108418	0	0
89.456	0.0108035	0	0
89.489	0.0106825	0	0
89.522	0.0104639	0	0
89.556	0.0102924	0	0
89.589	0.0101802	0	0
89.622	0.0101802	0	0
89.656	0.0100022	0	0
89.689	0.0105019	0	0
89.722	0.0102304	0	0
89.756	0.0101513	0	0
89.789	0.0101961	0	0
89.823	0.0098402	0	0
89.856	0.0097389	0	0
89.889	0.0098514	0	0
89.923	0.0098156	0	0
89.956	0.0097240	0	0
89.989	0.0101563	0	0
90.023	0.0098648	0	0
90.056	0.0098281	0	0
90.090	0.0096748	0	0
90.123	0.0097490	0	0
90.156	0.0097347	0	0
90.190	0.0096100	0	0
90.223	0.0097461	0	0
90.256	0.0100876	0	0
90.290	0.0100800	0	0
90.323	0.0097751	0	0
90.356	0.0100333	0	0
90.390	0.0096753	0	0
90.423	0.0095375	0	0
90.457	0.0094141	0	0
90.490	0.0096801	0	0
90.523	0.0098431	0	0
90.557	0.0102110	0	0
90.590	0.0099891	0	0
90.623	0.0101538	0	0
90.657	0.0102072	0	0
90.690	0.0098456	0	0
90.723	0.0098481	0	0
90.757	0.0100731	0	0
90.790	0.0097636	0	0
90.824	0.0098246	0	0
90.857	0.0099450	0	0
90.890	0.0098307	0	0
90.924	0.0096220	0	0
90.957	0.0093862	0	0
90.990	0.0088921	0	0
91.024	0.0083441	0	0
91.057	0.0085788	0	0
91.091	0.0086748	0	0
91.124	0.0087803	0	0
91.157	0.0090370	0	0
91.191	0.0099586	0	0
91.224	0.0097626	0	0
91.257	0.0100485	0	0
91.291	0.0105928	0	0
91.324	0.0106940	0	0
91.357	0.0103540	0	0
91.391	0.0107258	0	0
91.424	0.0104717	0	0
91.458	0.0102201	0	0
91.491	0.0100672	0	0
91.524	0.0099450	0	0
91.558	0.0097046	0	0
91.591	0.0097039	0	0
91.624	0.0095731	0	0
91.658	0.0097098	0	0
91.691	0.0100757	0	0
91.724	0.0108004	0	0
91.758	0.0113695	0	0
91.791	0.0125526	0	0
91.825	0.0144500	0	0
91.858	0.0162134	0	0
91.891	0.0168381	0	0
91.925	0.0175144	0	0
91.958	0.0174138	0	0
91.991	0.0160893	1	0
92.025	0.0144208	0	0
92.058	0.0132630	0	0
92.092	0.0123857	0	0
92.125	0.0117606	0	0
92.158	0.0111752	0	0
92.192	0.0108819	0	0
92.225	0.0109782	0	0
92.258	0.0108096	0	0
92.292	0.0105504	0	0
92.325	0.0113502	0	0
92.358	0.0115377	0	0
92.392	0.0111847	0	0
92.425	0.0106705	0	0
92.459	0.0106317	0	0
92.492	0.0099063	0	0
92.525	0.0095698	0	0
92.559	0.0096602	0	0
92.592	0.0101380	0	0
92.625	0.0101792	0	0
92.659	0.0101873	0	0
92.692	0.0101352	0	0
92.725	0.0103357	0	0
92.759	0.0100122	0	0
92.792	0.0095503	0	0
92.826	0.0093052	0	0
92.859	0.0094501	0	0
92.892	0.0088301	0	0
92.926	0.0091278	0	0
92.959	0.0096399	0	0
92.992	0.0096038	0	0
93.026	0.0095059	0	0
93.059	0.0102744	0	0
93.093	0.0100462	0	0
93.126	0.0099918	0	0
93.159	0.0102718	0	0
93.193	0.0104554	0	0
93.226	0.0097583	0	0
93.259	0.0096633	0	0
93.293	0.0097492	0	0
93.326	0.0096874	0	0
93.359	0.0099307	0	0
93.393	0.0104019	0	0
93.426	0.0102236	0	0
93.460	0.0095229	0	0
93.493	0.0094449	0	0
93.526	0.0091711	0	0
93.560	0.0087726	0	0
93.593	0.0095627	0	0
93.626	0.0102278	0	0
93.660	0.0102499	0	0
93.693	0.0102048	0	0
93.726	0.0105169	0	0
93.760	0.0101232	0	0
93.793	0.0098836	0	0
93.827	0.0098735	0	0
93.860	0.0101663	0	0
93.893	0.0098745	0	0
93.927	0.0097449	0	0
93.960	0.0097100	0	0
93.993	0.0096810	0	0
94.027	0.0096745	0	0
94.060	0.0098310	0	0
94.094	0.0097131	0	0
94.127	0.0097277	0	0
94.160	0.0100317	0	0
94.194	0.0095065	0	0
94.227	0.0095711	0	0
94.260	0.0097898	0	0
94.294	0.0098186	0	0
94.327	0.0092887	0	0
94.360	0.0099263	0	0
94.394	0.0098236	0	0
94.427	0.0097873	0	0
94.461	0.0097507	0	0
94.494	0.0097460	0	0
94.527	0.0093075	0	0
94.561	0.0090509	0	0
94.594	0.0090380	0	0
94.627	0.0089071	0	0
94.661	0.0090025	0	0
94.694	0.0089880	0	0
94.727	0.0090310	0	0
94.761	0.0089912	0	0
94.794	0.0095359	0	0
94.828	0.0094491	0	0
94.861	0.0098326	0	0
94.894	0.0099465	0	0
94.928	0.0101060	0	0
94.961	0.0097346	0	0
94.994	0.0098170	0	0
95.028	0.0094060	0	0
95.061	0.0096733	0	0
95.095	0.0094405	0	0
95.128	0.0090182	0	0
95.161	0.0091988	0	0
95.195	0.0092887	0	0
95.228	0.0090938	0	0
95.261	0.0093841	0	0
95.295	0.0098725	0	0
95.328	0.0103882	0	0
95.361	0.0103875	0	0
95.395	0.0106096	0	0
95.428	0.0103309	0	0
95.462	0.0104563	0	0
95.495	0.0101914	0	0
95.528	0.0104173	0	0
95.562	0.0105133	0	0
95.595	0.0108062	0	0
95.628	0.0108406	0	0
95.662	0.0105358	0	0
95.695	0.0101940	0	0
95.728	0.0098643	0	0
95.762	0.0097596	0	0
95.795	0.0093417	0	0
95.829	0.0093924	0	0
95.862	0.0096485	0	0
95.895	0.0098328	0	0
95.929	0.0097796	0	0
95.962	0.0100582	0	0
95.995	0.0102242	0	0
96.029	0.0098689	0	0
96.062	0.0095956	0	0
96.096	0.0099148	0	0
96.129	0.0098545	0	0
96.162	0.0102360	0	0
96.196	0.0111777	0	0
96.229	0.0131464	0	0
96.262	0.0152121	0	0
96.296	0.0176458	0	0
96.329	0.0195844	0	0
96.362	0.0203229	0	0
96.396	0.0196173	0	0
96.429	0.0180504	0	0
96.463	0.0161142	1	0
96.496	0.0143083	0	0
96.529	0.0131238	0	0
96.563	0.0118882	0	0
96.596	0.0112579	0	0
96.629	0.0109961	0	0
96.663	0.0105822	0	0
96.696	0.0102493	0	0
96.729	0.0103922	0	0
96.763	0.0101840	0	0
96.796	0.0098461	0	0
96.830	0.0101680	0	0
96.863	0.0104716	0	0
96.896	0.0101949	0	0
96.930	0.0102747	0	0
96.963	0.0107116	0	0
96.996	0.0101959	0	0
97.030	0.0102759	0	0
97.063	0.0107588	0	0
97.097	0.0111915	0	0
97.130	0.0113665	0	0
97.163	0.0116616	0	0
97.197	0.0116568	0	0
97.230	0.0116349	0	0
97.263	0.0108533	0	0
97.297	0.0106088	0	0
97.330	0.0104892	0	0
97.363	0.0104940	0	0
97.397	0.0104051	0	0
97.430	0.0111026	0	0
97.464	0.0110783	0	0
97.497	0.0110706	0	0
97.530	0.0109675	0	0
97.564	0.0109503	0	0
97.597	0.0110283	0	0
97.630	0.0109952	0	0
97.664	0.0107359	0	0
97.697	0.0107226	0	0
97.730	0.0110765	0	0
97.764	0.0106006	0	0
97.797	0.0102284	0	0
97.831	0.0105240	0	0
97.864	0.0103135	0	0
97.897	0.0101060	0	0
97.931	0.0100241	0	0
97.964	0.0102464	0	0
97.997	0.0100841	0	0
98.031	0.0099646	0	0
98.064	0.0099795	0	0
98.098	0.0102373	0	0
98.131	0.0104541	0	0
98.164	0.0103890	0	0
98.198	0.0106143	0	0
98.231	0.0105782	0	0
98.264	0.0101381	0	0
98.298	0.0100815	0	0
98.331	0.0100789	0	0
98.364	0.0102249	0	0
98.398	0.0098847	0	0
98.431	0.0099158	0	0
98.465	0.0096889	0	0
98.498	0.0099270	0	0
98.531	0.0094126	0	0
98.565	0.0095679	0	0
98.598	0.0098576	0	0
98.631	0.0098938	0	0
98.665	0.0098863	0	0
98.698	0.0099364	0	0
98.731	0.0097149	0	0
98.765	0.0100223	0	0
98.798	0.0103079	0	0
98.832	0.0100694	0	0
98.865	0.0102746	0	0
98.898	0.0107527	0	0
98.932	0.0105488	0	0
98.965	0.0098861	0	0
98.998	0.0099648	0	0
99.032	0.0095344	0	0
99.065	0.0094144	0	0
99.099	0.0094115	0	0
99.132	0.0098542	0	0
99.165	0.0101830	0	0
99.199	0.0108364	0	0
99.232	0.0108174	0	0
99.265	0.0113230	0	0
99.299	0.0116717	0	0
99.332	0.0111827	0	0
99.365	0.0108870	0	0
99.399	0.0106598	0	0
99.432	0.0094587	0	0
99.466	0.0089311	0	0
99.499	0.0086039	0	0
99.532	0.0085678	0	0
99.566	0.0084462	0	0
99.599	0.0089590	0	0
99.632	0.0090457	0	0
99.666	0.0096541	0	0
99.699	0.0096567	0	0
99.732	0.0098700	0	0
99.766	0.0097443	0	0
99.799	0.0099646	0	0
99.833	0.0103458	0	0
99.866	0.0116712	0	0
99.899	0.0132797	0	0
99.933	0.0149765	0	0
99.966	0.0162270	0	0
99.999	0.0167832	0	0
100.033	0.0165120	0	0
100.066	0.0158517	0	0
100.100	0.0151697	0	0
100.133	0.0143622	0	0
100.166	0.0136559	0	0
100.200	0.0127580	0	0
100.233	0.0119529	0	0
100.266	0.0114292	0	0
100.300	0.0108194	0	0
100.333	0.0106105	0	0
100.366	0.0108507	0	0
100.400	0.0108467	0	0
100.433	0.0107516	0	0
100.467	0.0108438	0	0
100.500	0.0108362	0	0
100.533	0.0106079	0	0
100.567	0.0107526	0	0
100.600	0.0105508	0	0
100.633	0.0106735	0	0
100.667	0.0107626	0	0
100.700	0.0106279	0	0
100.733	0.0107394	0	0
100.767	0.0106117	0	0
100.800	0.0108110	0	0
100.834	0.0105002	0	0
100.867	0.0108097	0	0
100.900	0.0103941	0	0
100.934	0.0102080	0	0
100.967	0.0094191	0	0
101.000	0.0092724	0	0
101.034	0.0086500	0	0
101.067	0.0085619	0	0
101.101	0.0088752	0	0
101.134	0.0095058	0	0
101.167	0.0097898	0	0
101.201	0.0101438	0	0
101.234	0.0102744	0	0
101.267	0.0106304	0	0
101.301	0.0107576	0	0
101.334	0.0109373	0	0
101.367	0.0106270	0	0
101.401	0.0106859	0	0
101.434	0.0105988	0	0
101.468	0.0100396	0	0
101.501	0.0097200	0	0
101.534	0.0100645	0	0
101.568	0.0103227	0	0
101.601	0.0103754	0	0
101.634	0.0110445	0	0
101.668	0.0116349	0	0
101.701	0.0121600	0	0
101.734	0.0122143	0	0
101.768	0.0122164	0	0
101.801	0.0122461	0	0
101.835	0.0120015	0	0
101.868	0.0119956	0	0
101.901	0.0116659	0	0
101.935	0.0117361	0	0
101.968	0.0117752	0	0
102.001	0.0119508	0	0
102.035	0.0121651	0	0
102.068	0.0126216	0	0
102.102	0.0128261	0	0
102.135	0.0132788	0	0
102.168	0.0136826	0	0
102.202	0.0136749	0	0
102.235	0.0140182	0	0
102.268	0.0140630	0	0
102.302	0.0137101	0	0
102.335	0.0132898	0	0
102.368	0.0130758	0	0
102.402	0.0129036	0	0
102.435	0.0127275	0	0
102.469	0.0126719	0	0
102.502	0.0128434	0	0
102.535	0.0131235	0	0
102.569	0.0130944	0	0
102.602	0.0134676	0	0
102.635	0.0133756	0	0
102.669	0.0132381	0	0
102.702	0.0128436	0	0
102.735	0.0125147	0	0
102.769	0.0123073	0	0
102.802	0.0118891	0	0
102.836	0.0116844	0	0
102.869	0.0111374	0	0
102.902	0.0105621	0	0
102.936	0.0094973	0	0
102.969	0.0091969	0	0
103.002	0.0088456	0	0
103.036	0.0092055	0	0
103.069	0.0092389	0	0
103.103	0.0104738	0	0
103.136	0.0125228	0	0
103.169	0.0147084	0	0
103.203	0.0160698	0	0
103.236	0.0172812	0	0
103.269	0.0171451	0	0
103.303	0.0155574	0	0
103.336	0.0137403	0	0
103.369	0.0121850	0	0
103.403	0.0107455	0	0
103.436	0.0099072	0	0
103.470	0.0096100	0	0
103.503	0.0091869	0	0
103.536	0.0093199	0	0
103.570	0.0095335	0	0
103.603	0.0094277	0	0
103.636	0.0096788	0	0
103.670	0.0099429	0	0
103.703	0.0096558	0	0
103.736	0.0099064	0	0
103.770	0.0097540	0	0
103.803	0.0093368	0	0
103.837	0.0088035	0	0
103.870	0.0087916	0	0
103.903	0.0083810	0	0
103.937	0.0085349	0	0
103.970	0.0088374	0	0
104.003	0.0089659	0	0
104.037	0.0091393	0	0
104.070	0.0094359	0	0
104.104	0.0103725	0	0
104.137	0.0120792	0	0
104.170	0.0141229	0	0
104.204	0.0158962	0	0
104.237	0.0170559	0	0
104.270	0.0170527	0	0
104.304	0.0157083	0	0
104.337	0.0141976	0	0
104.370	0.0125681	0	0
104.404	0.0115598	0	0
104.437	0.0108877	0	0
104.471	0.0107448	0	0
104.504	0.0104912	0	0
104.537	0.0103229	0	0
104.571	0.0100090	0	0
104.604	0.0100046	0	0
104.637	0.0095027	0	0
104.671	0.0092439	0	0
104.704	0.0092720	0	0
104.737	0.0095781	0	0
104.771	0.0091815	0	0
104.804	0.0089017	0	0
104.838	0.0093795	0	0
104.871	0.0091744	0	0
104.904	0.0089211	0	0
104.938	0.0092492	0	0
104.971	0.0093647	0	0
105.004	0.0093250	0	0
105.038	0.0097020	0	0
105.071	0.0096730	0	0
105.105	0.0096119	0	0
105.138	0.0098546	0	0
105.171	0.0095942	0	0
105.205	0.0093100	0	0
105.238	0.0094298	0	0
105.271	0.0092368	0	0
105.305	0.0093190	0	0
105.338	0.0092870	0	0
105.371	0.0090785	0	0
105.405	0.0095753	0	0
105.438	0.0096940	0	0
105.472	0.0095457	0	0
105.505	0.0096105	0	0
105.538	0.0096033	0	0
105.572	0.0091788	0	0
105.605	0.0088812	0	0
105.638	0.0091402	0	0
105.672	0.0094200	0	0
105.705	0.0091771	0	0
105.738	0.0091448	0	0
105.772	0.0094521	0	0
105.805	0.0092408	0	0
105.839	0.0089849	0	0
105.872	0.0093097	0	0
105.905	0.0089281	0	0
105.939	0.0092446	0	0
105.972	0.0090287	0	0
106.005	0.0088888	0	0
106.039	0.0087223	0	0
106.072	0.0089420	0	0
106.106	0.0089226	0	0
106.139	0.0092436	0	0
106.172	0.0094671	0	0
106.206	0.0094082	0	0
106.239	0.0094556	0	0
106.272	0.0091765	0	0
106.306	0.0090899	0	0
106.339	0.0095358	0	0
106.372	0.0099537	0	0
106.406	0.0101798	0	0
106.439	0.0104767	0	0
106.473	0.0103091	0	0
106.506	0.0095393	0	0
106.539	0.0096784	0	0
106.573	0.0092405	0	0
106.606	0.0089209	0	0
106.639	0.0090627	0	0
106.673	0.0092753	0	0
106.706	0.0088362	0	0
106.739	0.0085739	0	0
106.773	0.0087313	0	0
106.806	0.0085909	0	0
106.840	0.0085084	0	0
106.873	0.0087706	0	0
106.906	0.0088482	0	0
106.940	0.0090074	0	0
106.973	0.0087633	0	0
107.006	0.0088544	0	0
107.040	0.0086541	0	0
107.073	0.0088079	0	0
107.107	0.0085600	0	0
107.140	0.0088126	0	0
107.173	0.0088133	0	0
107.207	0.0090231	0	0
107.240	0.0092211	0	0
107.273	0.0090025	0	0
107.307	0.0093994	0	0
107.340	0.0092047	0	0
107.373	0.0094481	0	0
107.407	0.0102113	0	0
107.440	0.0120234	0	0
107.474	0.0134618	0	0
107.507	0.0156506	0	0
107.540	0.0178721	0	0
107.574	0.0197525	0	0
107.607	0.0206535	0	0
107.640	0.0202771	0	0
107.674	0.0193646	0	0
107.707	0.0175402	0	0
107.740	0.0156378	1	0
107.774	0.0135469	0	0
107.807	0.0122330	0	0
107.841	0.0114198	0	0
107.874	0.0108093	0	0
107.907	0.0105827	0	0
107.941	0.0104087	0	0
107.974	0.0103747	0	0
108.007	0.0100972	0	0
108.041	0.0101766	0	0
108.074	0.0099929	0	0
108.108	0.0098520	0	0
108.141	0.0102319	0	0
108.174	0.0103986	0	0
108.208	0.0104796	0	0
108.241	0.0105012	0	0
108.274	0.0103923	0	0
108.308	0.0101982	0	0
108.341	0.0101038	0	0
108.374	0.0099712	0	0
108.408	0.0093569	0	0
108.441	0.0092971	0	0
108.475	0.0093069	0	0
108.508	0.0090155	0	0
108.541	0.0087249	0	0
108.575	0.0088970	0	0
108.608	0.0089302	0	0
108.641	0.0087786	0	0
108.675	0.0091165	0	0
108.708	0.0092304	0	0
108.741	0.0092530	0	0
108.775	0.0092869	0	0
108.808	0.0094184	0	0
108.842	0.0096014	0	0
108.875	0.0099192	0	0
108.908	0.0101545	0	0
108.942	0.0104157	0	0
108.975	0.0102106	0	0
109.008	0.0104782	0	0
109.042	0.0100629	0	0
109.075	0.0102502	0	0
109.109	0.0097346	0	0
109.142	0.0100393	0	0
109.175	0.0098013	0	0
109.209	0.0107460	0	0
109.242	0.0119735	0	0
109.275	0.0140159	0	0
109.309	0.0150586	0	0
109.342	0.0156746	0	0
109.375	0.0155965	0	0
109.409	0.0147735	0	0
109.442	0.0134699	0	0
109.476	0.0125610	0	0
109.509	0.0119137	0	0
109.542	0.0112777	0	0
109.576	0.0104757	0	0
109.609	0.0100762	0	0
109.642	0.0098180	0	0
109.676	0.0096617	0	0
109.709	0.0093901	0	0
109.742	0.0095072	0	0
109.776	0.0096426	0	0
109.809	0.0095865	0	0
109.843	0.0094602	0	0
109.876	0.0097413	0	0
109.909	0.0101235	0	0
109.943	0.0103196	0	0
109.976	0.0103844	0	0
110.009	0.0107843	0	0
110.043	0.0108208	0	0
110.076	0.0105227	0	0
110.110	0.0104440	0	0
110.143	0.0109451	0	0
110.176	0.0113576	0	0
110.210	0.0121619	0	0
110.243	0.0128099	0	0
110.276	0.0132302	0	0
110.310	0.0132233	0	0
110.343	0.0132597	0	0
110.376	0.0140507	0	0
110.410	0.0150912	0	0
110.443	0.0159855	0	0
110.477	0.0166112	0	0
110.510	0.0170319	0	0
110.543	0.0160154	1	0
110.577	0.0148629	0	0
110.610	0.0139278	0	0
110.643	0.0129228	0	0
110.677	0.0118910	0	0
110.710	0.0120379	0	0
110.743	0.0119027	0	0
110.777	0.0113412	0	0
110.810	0.0113966	0	0
110.844	0.0111654	0	0
110.877	0.0104089	0	0
110.910	0.0098663	0	0
110.944	0.0100659	0	0
110.977	0.0100721	0	0
111.010	0.0102797	0	0
111.044	0.0102235	0	0
111.077	0.0102508	0	0
111.111	0.0099031	0	0
111.144	0.0094539	0	0
111.177	0.0095309	0	0
111.211	0.0094275	0	0
111.244	0.0094478	0	0
111.277	0.0094030	0	0
111.311	0.0095686	0	0
111.344	0.0092358	0	0
111.377	0.0094652	0	0
111.411	0.0094958	0	0
111.444	0.0095901	0	0
111.478	0.0097192	0	0
111.511	0.0099339	0	0
111.544	0.0094235	0	0
111.578	0.0095149	0	0
111.611	0.0094213	0	0
111.644	0.0090802	0	0
111.678	0.0088476	0	0
111.711	0.0088690	0	0
111.744	0.0088475	0	0
111.778	0.0095598	0	0
111.811	0.0105007	0	0
111.845	0.0115953	0	0
111.878	0.0126558	0	0
111.911	0.0131875	0	0
111.945	0.0131929	0	0
111.978	0.0128940	0	0
112.011	0.0123726	0	0
112.045	0.0122303	0	0
112.078	0.0117019	0	0
112.112	0.0113125	0	0
112.145	0.0111253	0	0
112.178	0.0115195	0	0
112.212	0.0114028	0	0
112.245	0.0121836	0	0
112.278	0.0130310	0	0
112.312	0.0131357	0	0
112.345	0.0122320	0	0
112.378	0.0118321	0	0
112.412	0.0108246	0	0
112.445	0.0096734	0	0
112.479	0.0095046	0	0
112.512	0.0097326	0	0
112.545	0.0096400	0	0
112.579	0.0094746	0	0
112.612	0.0096286	0	0
112.645	0.0095098	0	0
112.679	0.0095778	0	0
112.712	0.0094516	0	0
112.745	0.0097114	0	0
112.779	0.0094658	0	0
112.812	0.0092807	0	0
112.846	0.0085502	0	0
112.879	0.0089978	0	0
112.912	0.0088322	0	0
112.946	0.0090653	0	0
112.979	0.0093342	0	0
113.012	0.0097315	0	0
113.046	0.0094121	0	0
113.079	0.0105442	0	0
113.113	0.0119799	0	0
113.146	0.0139517	0	0
113.179	0.0157644	0	0
113.213	0.0176379	0	0
113.246	0.0184262	0	0
113.279	0.0180035	0	0
113.313	0.0166878	0	0
113.346	0.0154207	1	0
113.379	0.0140341	0	0
113.413	0.0129255	0	0
113.446	0.0120117	0	0
113.480	0.0113841	0	0
113.513	0.0112354	0	0
113.546	0.0110757	0	0
113.580	0.0104214	0	0
113.613	0.0103013	0	0
113.646	0.0100922	0	0
113.680	0.0097349	0	0
113.713	0.0094371	0	0
113.746	0.0095602	0	0
113.780	0.0091619	0	0
113.813	0.0091235	0	0
113.847	0.0092505	0	0
113.880	0.0092401	0	0
113.913	0.0089369	0	0
113.947	0.0090898	0	0
113.980	0.0092535	0	0
114.013	0.0093141	0	0
114.047	0.0095540	0	0
114.080	0.0098203	0	0
114.114	0.0100252	0	0
114.147	0.0097330	0	0
114.180	0.0095207	0	0
114.214	0.0093589	0	0
114.247	0.0095379	0	0
114.280	0.0096822	0	0
114.314	0.0099707	0	0
114.347	0.0104767	0	0
114.380	0.0102437	0	0
114.414	0.0106039	0	0
114.447	0.0107963	0	0
114.481	0.0111982	0	0
114.514	0.0108974	0	0
114.547	0.0115469	0	0
114.581	0.0112829	0	0
114.614	0.0109108	0	0
114.647	0.0101051	0	0
114.681	0.0097206	0	0
114.714	0.0088333	0	0
114.747	0.0085004	0	0
114.781	0.0083553	0	0
114.814	0.0086819	0	0
114.848	0.0090528	0	0
114.881	0.0096970	0	0
114.914	0.0096685	0	0
114.948	0.0095795	0	0
114.981	0.0091763	0	0
115.014	0.0086390	0	0
115.048	0.0081711	0	0
115.081	0.0081282	0	0
115.115	0.0084676	0	0
115.148	0.0091421	0	0
115.181	0.0093790	0	0
115.215	0.0092937	0	0
115.248	0.0092001	0	0
115.281	0.0091818	0	0
115.315	0.0088129	0	0
115.348	0.0096584	0	0
115.381	0.0096914	0	0
115.415	0.0095531	0	0
115.448	0.0095525	0	0
115.482	0.0103314	0	0
115.515	0.0115054	0	0
115.548	0.0131944	0	1
115.582	0.0143544	0	1
115.615	0.0150976	0	0
115.648	0.0144287	0	0
115.682	0.0124983	0	0
115.715	0.0114181	0	0
115.748	0.0107560	0	0
115.782	0.0101985	0	0
115.815	0.0103117	0	0
115.849	0.0104347	0	0
115.882	0.0104018	0	0
115.915	0.0104037	0	0
115.949	0.0103921	0	0
115.982	0.0104019	0	0
116.015	0.0102206	0	0
116.049	0.0103820	0	0
116.082	0.0103377	0	0
116.116	0.0103037	0	0
116.149	0.0101808	0	0
116.182	0.0105717	0	0
116.216	0.0102073	0	0
116.249	0.0103128	0	0
116.282	0.0102572	0	0
116.316	0.0101048	0	0
116.349	0.0099645	0	0
116.382	0.0100030	0	0
116.416	0.0099186	0	0
116.449	0.0099712	0	0
116.483	0.0100930	0	0
116.516	0.0101155	0	0
116.549	0.0099917	0	0
116.583	0.0099669	0	0
116.616	0.0101217	0	0
116.649	0.0104368	0	0
116.683	0.0117640	0	0
116.716	0.0134933	0	0
116.749	0.0148168	0	0
116.783	0.0159431	0	0
116.816	0.0169536	0	0
116.850	0.0159280	0	0
116.883	0.0142932	0	0
116.916	0.0133591	0	0
116.950	0.0120608	0	0
116.983	0.0109446	0	0
117.016	0.0111705	0	0
117.050	0.0112760	0	0
117.083	0.0108348	0	0
117.117	0.0107109	0	0
117.150	0.0106526	0	0
117.183	0.0099195	0	0
117.217	0.0100206	0	0
117.250	0.0099369	0	0
117.283	0.0102295	0	0
117.317	0.0102645	0	0
117.350	0.0105548	0	0
117.383	0.0101853	0	0
117.417	0.0104762	0	0
117.450	0.0105014	0	0
117.484	0.0101091	0	0
117.517	0.0100862	0	0
117.550	0.0103541	0	0
117.584	0.0101166	0	0
117.617	0.0095973	0	0
117.650	0.0097479	0	0
117.684	0.0094614	0	0
117.717	0.0094979	0	0
117.750	0.0096293	0	0
117.784	0.0096066	0	0
117.817	0.0096288	0	0
117.851	0.0097231	0	0
117.884	0.0090176	0	0
117.917	0.0087102	0	0
117.951	0.0086894	0	0
117.984	0.0084942	0	0
118.017	0.0084320	0	0
118.051	0.0090692	0	0
118.084	0.0094879	0	0
118.118	0.0099243	0	0
118.151	0.0102824	0	0
118.184	0.0104182	0	0
118.218	0.0100277	0	0
118.251	0.0098869	0	0
118.284	0.0096489	0	0
118.318	0.0092133	0	0
118.351	0.0091845	0	0
118.384	0.0095135	0	0
118.418	0.0094616	0	0
118.451	0.0092998	0	0
118.485	0.0096299	0	0
118.518	0.0096683	0	0
118.551	0.0092775	0	0
118.585	0.0088851	0	0
118.618	0.0087724	0	0
118.651	0.0088135	0	0
118.685	0.0084565	0	0
118.718	0.0086654	0	0
118.751	0.0092179	0	0
118.785	0.0092752	0	0
118.818	0.0089986	0	0
118.852	0.0093652	0	0
118.885	0.0095132	0	0
118.918	0.0092145	0	0
118.952	0.0094337	0	0
118.985	0.0098348	0	0
119.018	0.0096979	0	0
119.052	0.0096538	0	0
119.085	0.0098107	0	0
119.119	0.0100271	0	0
119.152	0.0100091	0	0
119.185	0.0097273	0	0
119.219	0.0092642	0	0
119.252	0.0092185	0	0
119.285	0.0087362	0	0
119.319	0.0087003	0	0
119.352	0.0088657	0	0
119.385	0.0091204	0	0
119.419	0.0089831	0	0
119.452	0.0094758	0	0
119.486	0.0092592	0	0
119.519	0.0097540	0	0
119.552	0.0113903	0	0
119.586	0.0136710	0	0
119.619	0.0154363	0	0
119.652	0.0172991	0	0
119.686	0.0181731	0	0
119.719	0.0179223	0	0
119.752	0.0164897	1	0
119.786	0.0154283	1	0
119.819	0.0143371	0	0
119.853	0.0138528	0	0
119.886	0.0132089	0	0
119.919	0.0131763	0	0
119.953	0.0127492	0	0
119.986	0.0122487	0	0
120.019	0.0119966	0	0
120.053	0.0115734	0	0
120.086	0.0109329	0	0
120.120	0.0104280	0	0
120.153	0.0103531	0	0
120.186	0.0096980	0	0
120.220	0.0097865	0	0
120.253	0.0100737	0	0
120.286	0.0099428	0	0
120.320	0.0099185	0	0
120.353	0.0102131	0	0
120.386	0.0102746	0	0
120.420	0.0103546	0	0
120.453	0.0107360	0	0
120.487	0.0107069	0	0
120.520	0.0106980	0	0
120.553	0.0102973	0	0
120.587	0.0100285	0	0
120.620	0.0096781	0	0
120.653	0.0098975	0	0
120.687	0.0095539	0	0
120.720	0.0099150	0	0
120.753	0.0094540	0	0
120.787	0.0092664	0	0
120.820	0.0089992	0	0
120.854	0.0088925	0	0
120.887	0.0083982	0	0
120.920	0.0085623	0	0
120.954	0.0088130	0	0
120.987	0.0088473	0	0
121.020	0.0094238	0	0
121.054	0.0097267	0	0
121.087	0.0101135	0	0
121.121	0.0104201	0	0
121.154	0.0106201	0	0
121.187	0.0103287	0	0
121.221	0.0103801	0	0
121.254	0.0104183	0	0
121.287	0.0105089	0	0
121.321	0.0106939	0	0
121.354	0.0108064	0	0
121.387	0.0103057	0	0
121.421	0.0099623	0	0
121.454	0.0094490	0	0
121.488	0.0092769	0	0
121.521	0.0090110	0	0
121.554	0.0096014	0	0
121.588	0.0099443	0	0
121.621	0.0103081	0	0
121.654	0.0102626	0	0
121.688	0.0103073	0	0
121.721	0.0099571	0	0
121.754	0.0098090	0	0
121.788	0.0092386	0	0
121.821	0.0089191	0	0
121.855	0.0090060	0	0
121.888	0.0100412	0	0
121.921	0.0113158	0	0
121.955	0.0132847	0	1
121.988	0.0149603	0	1
122.021	0.0159504	0	0
122.055	0.0158266	1	0
122.088	0.0158266	1	0
122.122	0.0158266	1	0