time	rmse	false positive	false negative
4.971	0.0062989	0	0
5.005	0.0062989	0	0
5.038	0.0062989	0	0
5.071	0.0060038	0	0
5.105	0.0060264	0	0
5.138	0.0060651	0	0
5.171	0.0059764	0	0
5.205	0.0056761	0	0
5.238	0.0056546	0	0
5.271	0.0053908	0	0
5.305	0.0051558	0	0
5.338	0.0049855	0	0
5.372	0.0052585	0	0
5.405	0.0053471	0	0
5.438	0.0053600	0	0
5.472	0.0053420	0	0
5.505	0.0053838	0	0
5.538	0.0050882	0	0
5.572	0.0049541	0	0
5.605	0.0049623	0	0
5.638	0.0048660	0	0
5.672	0.0047711	0	0
5.705	0.0046278	0	0
5.739	0.0044378	0	0
5.772	0.0042792	0	0
5.805	0.0041759	0	0
5.839	0.0043615	0	0
5.872	0.0048005	0	0
5.905	0.0047921	0	0
5.939	0.0050573	0	0
5.972	0.0052501	0	0
6.006	0.0052556	0	0
6.039	0.0050694	0	0
6.072	0.0052449	0	0
6.106	0.0050810	0	0
6.139	0.0051621	0	0
6.172	0.0053236	0	0
6.206	0.0053577	0	0
6.239	0.0056338	0	0
6.272	0.0056700	0	0
6.306	0.0055820	0	0
6.339	0.0055247	0	0
6.373	0.0056488	0	0
6.406	0.0055206	0	0
6.439	0.0056347	0	0
6.473	0.0055633	0	0
6.506	0.0055165	0	0
6.539	0.0052585	0	0
6.573	0.0051526	0	0
6.606	0.0049673	0	0
6.639	0.0050923	0	0
6.673	0.0048649	0	0
6.706	0.0050700	0	0
6.740	0.0053678	0	0
6.773	0.0075137	0	0
6.806	0.0135431	0	0
6.840	0.0201991	0	0
6.873	0.0249693	0	0
6.906	0.0278221	0	0
6.940	0.0274503	0	0
6.973	0.0224389	1	0
7.007	0.0166250	0	0
7.040	0.0120804	0	0
7.073	0.0093405	0	0
7.107	0.0082721	0	0
7.140	0.0075099	0	0
7.173	0.0070021	0	0
7.207	0.0068538	0	0
7.240	0.0066252	0	0
7.273	0.0058601	0	0
7.307	0.0056365	0	0
7.340	0.0054754	0	0
7.374	0.0053016	0	0
7.407	0.0050774	0	0
7.440	0.0052833	0	0
7.474	0.0052201	0	0
7.507	0.0052523	0	0
7.540	0.0053597	0	0
7.574	0.0056394	0	0
7.607	0.0057178	0	0
7.640	0.0058946	0	0
7.674	0.0060082	0	0
7.707	0.0059232	0	0
7.741	0.0055874	0	0
7.774	0.0054560	0	0
7.807	0.0052262	0	0
7.841	0.0050335	0	0
7.874	0.0048295	0	0
7.907	0.0049321	0	0
7.941	0.0049459	0	0
7.974	0.0049340	0	0
8.008	0.0048909	0	0
8.041	0.0049188	0	0
8.074	0.0047245	0	0
8.108	0.0047714	0	0
8.141	0.0050434	0	0
8.174	0.0050552	0	0
8.208	0.0052531	0	0
8.241	0.0056449	0	0
8.274	0.0055714	0	0
8.308	0.0056616	0	0
8.341	0.0055742	0	0
8.375	0.0053850	0	0
8.408	0.0050776	0	0
8.441	0.0051008	0	0
8.475	0.0050753	0	0
8.508	0.0052483	0	0
8.541	0.0053793	0	0
8.575	0.0054759	0	0
8.608	0.0054907	0	0
8.641	0.0052422	0	0
8.675	0.0053365	0	0
8.708	0.0053937	0	0
8.742	0.0052909	0	0
8.775	0.0053470	0	0
8.808	0.0054565	0	0
8.842	0.0056157	0	0
8.875	0.0057183	0	0
8.908	0.0061596	0	0
8.942	0.0060514	0	0
8.975	0.0060702	0	0
9.009	0.0058253	0	0
9.042	0.0057050	0	0
9.075	0.0054360	0	0
9.109	0.0054938	0	0
9.142	0.0055586	0	0
9.175	0.0056110	0	0
9.209	0.0057026	0	0
9.242	0.0054697	0	0
9.275	0.0055137	0	0
9.309	0.0055475	0	0
9.342	0.0055414	0	0
9.376	0.0055710	0	0
9.409	0.0058206	0	0
9.442	0.0057642	0	0
9.476	0.0057515	0	0
9.509	0.0056581	0	0
9.542	0.0055049	0	0
9.576	0.0056744	0	0
9.609	0.0060210	0	0
9.642	0.0058231	0	0
9.676	0.0059845	0	0
9.709	0.0059845	0	0
9.743	0.0057026	0	0
9.776	0.0054943	0	0
9.809	0.0055816	0	0
9.843	0.0073357	0	0
9.876	0.0118096	0	0
9.909	0.0154072	0	1
9.943	0.0174317	0	1
9.976	0.0190404	0	1
10.010	0.0183887	0	0
10.043	0.0149142	0	0
10.076	0.0118775	0	0
10.110	0.0098195	0	0
10.143	0.0083759	0	0
10.176	0.0072219	0	0
10.210	0.0063814	0	0
10.243	0.0057829	0	0
10.276	0.0055752	0	0
10.310	0.0052673	0	0
10.343	0.0052784	0	0
10.377	0.0075755	0	0
10.410	0.0121193	0	0
10.443	0.0166108	0	0
10.477	0.0212458	1	0
10.510	0.0256433	1	0
10.543	0.0278675	1	0
10.577	0.0301824	1	0
10.610	0.0329043	0	0
10.643	0.0343399	0	0
10.677	0.0329806	0	0
10.710	0.0292258	0	0
10.744	0.0233118	1	0
10.777	0.0164539	0	0
10.810	0.0105410	0	0
10.844	0.0075834	0	0
10.877	0.0066094	0	0
10.910	0.0057800	0	0
10.944	0.0057241	0	0
10.977	0.0055834	0	0
11.011	0.0054249	0	0
11.044	0.0053821	0	0
11.077	0.0053583	0	0
11.111	0.0053669	0	0
11.144	0.0054653	0	0
11.177	0.0056655	0	0
11.211	0.0059600	0	0
11.244	0.0060532	0	0
11.277	0.0059413	0	0
11.311	0.0061346	0	0
11.344	0.0060471	0	0
11.378	0.0059665	0	0
11.411	0.0058297	0	0
11.444	0.0058876	0	0
11.478	0.0055381	0	0
11.511	0.0055584	0	0
11.544	0.0052223	0	0
11.578	0.0054063	0	0
11.611	0.0055294	0	0
11.644	0.0055656	0	0
11.678	0.0055036	0	0
11.711	0.0058589	0	0
11.745	0.0057475	0	0
11.778	0.0054537	0	0
11.811	0.0055255	0	0
11.845	0.0056826	0	0
11.878	0.0055343	0	0
11.911	0.0055247	0	0
11.945	0.0054784	0	0
11.978	0.0052885	0	0
12.012	0.0048675	0	0
12.045	0.0046076	0	0
12.078	0.0044564	0	0
12.112	0.0045699	0	0
12.145	0.0045673	0	0
12.178	0.0047838	0	0
12.212	0.0051049	0	0
12.245	0.0054300	0	0
12.278	0.0054003	0	0
12.312	0.0056850	0	0
12.345	0.0058931	0	0
12.379	0.0060279	0	0
12.412	0.0060936	0	0
12.445	0.0061374	0	0
12.479	0.0059582	0	0
12.512	0.0060188	0	0
12.545	0.0057031	0	0
12.579	0.0055845	0	0
12.612	0.0055650	0	0
12.645	0.0055247	0	0
12.679	0.0051623	0	0
12.712	0.0053707	0	0
12.746	0.0051352	0	0
12.779	0.0049721	0	0
12.812	0.0049275	0	0
12.846	0.0047560	0	0
12.879	0.0047234	0	0
12.912	0.0049305	0	0
12.946	0.0051248	0	0
12.979	0.0051223	0	0
13.013	0.0053444	0	0
13.046	0.0049886	0	0
13.079	0.0048677	0	0
13.113	0.0046669	0	0
13.146	0.0048615	0	0
13.179	0.0049937	0	0
13.213	0.0052467	0	0
13.246	0.0052267	0	0
13.279	0.0053063	0	0
13.313	0.0051958	0	0
13.346	0.0048808	0	0
13.380	0.0049221	0	0
13.413	0.0050709	0	0
13.446	0.0053813	0	0
13.480	0.0057603	0	0
13.513	0.0062632	0	0
13.546	0.0062545	0	0
13.580	0.0062505	0	0
13.613	0.0063062	0	0
13.646	0.0060186	0	0
13.680	0.0059819	0	0
13.713	0.0060533	0	0
13.747	0.0063188	0	0
13.780	0.0062532	0	0
13.813	0.0065297	0	0
13.847	0.0064550	0	0
13.880	0.0065113	0	0
13.913	0.0063649	0	0
13.947	0.0064349	0	0
13.980	0.0064809	0	0
14.014	0.0066509	0	0
14.047	0.0068475	0	0
14.080	0.0066812	0	0
14.114	0.0064978	0	0
14.147	0.0063279	0	0
14.180	0.0063254	0	0
14.214	0.0059126	0	0
14.247	0.0057642	0	0
14.280	0.0057781	0	0
14.314	0.0055164	0	0
14.347	0.0070157	0	0
14.381	0.0124943	0	0
14.414	0.0166742	0	1
14.447	0.0188779	0	1
14.481	0.0206801	0	0
14.514	0.0197943	0	0
14.547	0.0151502	0	0
14.581	0.0113504	0	0
14.614	0.0095510	0	0
14.647	0.0081259	0	0
14.681	0.0074872	0	0
14.714	0.0069532	0	0
14.748	0.0069430	0	0
14.781	0.0065177	0	0
14.814	0.0063059	0	0
14.848	0.0060188	0	0
14.881	0.0058822	0	0
14.914	0.0057040	0	0
14.948	0.0057100	0	0
14.981	0.0057636	0	0
15.015	0.0057574	0	0
15.048	0.0057808	0	0
15.081	0.0055856	0	0
15.115	0.0053606	0	0
15.148	0.0053411	0	0
15.181	0.0052281	0	0
15.215	0.0052841	0	0
15.248	0.0054016	0	0
15.281	0.0055371	0	0
15.315	0.0054711	0	0
15.348	0.0055153	0	0
15.382	0.0053583	0	0
15.415	0.0053855	0	0
15.448	0.0054456	0	0
15.482	0.0054986	0	0
15.515	0.0054728	0	0
15.548	0.0056508	0	0
15.582	0.0055946	0	0
15.615	0.0057117	0	0
15.648	0.0056258	0	0
15.682	0.0055440	0	0
15.715	0.0054219	0	0
15.749	0.0054010	0	0
15.782	0.0051044	0	0
15.815	0.0050903	0	0
15.849	0.0053786	0	0
15.882	0.0055561	0	0
15.915	0.0055910	0	0
15.949	0.0054612	0	0
15.982	0.0055642	0	0
16.016	0.0056659	0	0
16.049	0.0057190	0	0
16.082	0.0057264	0	0
16.116	0.0061103	0	0
16.149	0.0059864	0	0
16.182	0.0056827	0	0
16.216	0.0054780	0	0
16.249	0.0056407	0	0
16.282	0.0057747	0	0
16.316	0.0058857	0	0
16.349	0.0060146	0	0
16.383	0.0063887	0	0
16.416	0.0064808	0	0
16.449	0.0064115	0	0
16.483	0.0067001	0	0
16.516	0.0067882	0	0
16.549	0.0068337	0	0
16.583	0.0069101	0	0
16.616	0.0069872	0	0
16.649	0.0068950	0	0
16.683	0.0069605	0	0
16.716	0.0068523	0	0
16.750	0.0068798	0	0
16.783	0.0068960	0	0
16.816	0.0069190	0	0
16.850	0.0069305	0	0
16.883	0.0068597	0	0
16.916	0.0068281	0	0
16.950	0.0066633	0	0
16.983	0.0066599	0	0
17.017	0.0066989	0	0
17.050	0.0066482	0	0
17.083	0.0067661	0	0
17.117	0.0069335	0	0
17.150	0.0067345	0	0
17.183	0.0065383	0	0
17.217	0.0064874	0	0
17.250	0.0063354	0	0
17.283	0.0064203	0	0
17.317	0.0083961	0	0
17.350	0.0145147	0	0
17.384	0.0223067	0	0
17.417	0.0307976	0	0
17.450	0.0377255	0	0
17.484	0.0412332	0	0
17.517	0.0385758	0	0
17.550	0.0326983	0	0
17.584	0.0257861	1	0
17.617	0.0197115	0	0
17.650	0.0145004	0	0
17.684	0.0117061	0	0
17.717	0.0100799	0	0
17.751	0.0085619	0	0
17.784	0.0078849	0	0
17.817	0.0077295	0	0
17.851	0.0071163	0	0
17.884	0.0066184	0	0
17.917	0.0064029	0	0
17.951	0.0057499	0	0
17.984	0.0057281	0	0
18.018	0.0056348	0	0
18.051	0.0060249	0	0
18.084	0.0059718	0	0
18.118	0.0062211	0	0
18.151	0.0063658	0	0
18.184	0.0064084	0	0
18.218	0.0061975	0	0
18.251	0.0061906	0	0
18.284	0.0062969	0	0
18.318	0.0062862	0	0
18.351	0.0064980	0	0
18.385	0.0065635	0	0
18.418	0.0066581	0	0
18.451	0.0063726	0	0
18.485	0.0061824	0	0
18.518	0.0061535	0	0
18.551	0.0058618	0	0
18.585	0.0059804	0	0
18.618	0.0060229	0	0
18.651	0.0059888	0	0
18.685	0.0058490	0	0
18.718	0.0061074	0	0
18.752	0.0056536	0	0
18.785	0.0055180	0	0
18.818	0.0054212	0	0
18.852	0.0055217	0	0
18.885	0.0054193	0	0
18.918	0.0057388	0	0
18.952	0.0060158	0	0
18.985	0.0060093	0	0
19.019	0.0058628	0	0
19.052	0.0057125	0	0
19.085	0.0056475	0	0
19.119	0.0053778	0	0
19.152	0.0052827	0	0
19.185	0.0051367	0	0
19.219	0.0050451	0	0
19.252	0.0049326	0	0
19.285	0.0049529	0	0
19.319	0.0050251	0	0
19.352	0.0052456	0	0
19.386	0.0053258	0	0
19.419	0.0052780	0	0
19.452	0.0052079	0	0
19.486	0.0053041	0	0
19.519	0.0053328	0	0
19.552	0.0054028	0	0
19.586	0.0052780	0	0
19.619	0.0054928	0	0
19.652	0.0054098	0	0
19.686	0.0054575	0	0
19.719	0.0055363	0	0
19.753	0.0057229	0	0
19.786	0.0058902	0	0
19.819	0.0062439	0	0
19.853	0.0062536	0	0
19.886	0.0062685	0	0
19.919	0.0061542	0	0
19.953	0.0059275	0	0
19.986	0.0057389	0	0
20.020	0.0056686	0	0
20.053	0.0058562	0	0
20.086	0.0060601	0	0
20.120	0.0061711	0	0
20.153	0.0061767	0	0
20.186	0.0059461	0	0
20.220	0.0056287	0	0
20.253	0.0055925	0	0
20.286	0.0054739	0	0
20.320	0.0052504	0	0
20.353	0.0052099	0	0
20.387	0.0051119	0	0
20.420	0.0048847	0	0
20.453	0.0049528	0	0
20.487	0.0051468	0	0
20.520	0.0051975	0	0
20.553	0.0052899	0	0
20.587	0.0054996	0	0
20.620	0.0054923	0	0
20.653	0.0055878	0	0
20.687	0.0070994	0	0
20.720	0.0120663	0	0
20.754	0.0164389	0	0
20.787	0.0190463	0	1
20.820	0.0204513	0	0
20.854	0.0201283	0	0
20.887	0.0160570	0	0
20.920	0.0116916	0	0
20.954	0.0092756	0	0
20.987	0.0080208	0	0
21.021	0.0069851	0	0
21.054	0.0063469	0	0
21.087	0.0063081	0	0
21.121	0.0060873	0	0
21.154	0.0058852	0	0
21.187	0.0058584	0	0
21.221	0.0058286	0	0
21.254	0.0058243	0	0
21.287	0.0058027	0	0
21.321	0.0057019	0	0
21.354	0.0056133	0	0
21.388	0.0054306	0	0
21.421	0.0055261	0	0
21.454	0.0054493	0	0
21.488	0.0056942	0	0
21.521	0.0059155	0	0
21.554	0.0061101	0	0
21.588	0.0061489	0	0
21.621	0.0063003	0	0
21.654	0.0060089	0	0
21.688	0.0055063	0	0
21.721	0.0052488	0	0
21.755	0.0051284	0	0
21.788	0.0051811	0	0
21.821	0.0054199	0	0
21.855	0.0058037	0	0
21.888	0.0060819	0	0
21.921	0.0063031	0	0
21.955	0.0062524	0	0
21.988	0.0058581	0	0
22.022	0.0059524	0	0
22.055	0.0057403	0	0
22.088	0.0054988	0	0
22.122	0.0053547	0	0
22.155	0.0053693	0	0
22.188	0.0052151	0	0
22.222	0.0052331	0	0
22.255	0.0051594	0	0
22.288	0.0051605	0	0
22.322	0.0052639	0	0
22.355	0.0053376	0	0
22.389	0.0051680	0	0
22.422	0.0053268	0	0
22.455	0.0052583	0	0
22.489	0.0054923	0	0
22.522	0.0054716	0	0
22.555	0.0057618	0	0
22.589	0.0057865	0	0
22.622	0.0059848	0	0
22.655	0.0055861	0	0
22.689	0.0055321	0	0
22.722	0.0053892	0	0
22.756	0.0052320	0	0
22.789	0.0052564	0	0
22.822	0.0055251	0	0
22.856	0.0056018	0	0
22.889	0.0054203	0	0
22.922	0.0056753	0	0
22.956	0.0056478	0	0
22.989	0.0054911	0	0
23.023	0.0050885	0	0
23.056	0.0050584	0	0
23.089	0.0047012	0	0
23.123	0.0042602	0	0
23.156	0.0039909	0	0
23.189	0.0039545	0	0
23.223	0.0038836	0	0
23.256	0.0037498	0	0
23.289	0.0039574	0	0
23.323	0.0039986	0	0
23.356	0.0040879	0	0
23.390	0.0042269	0	0
23.423	0.0043903	0	0
23.456	0.0045796	0	0
23.490	0.0047237	0	0
23.523	0.0048656	0	0
23.556	0.0049079	0	0
23.590	0.0050138	0	0
23.623	0.0049006	0	0
23.656	0.0051141	0	0
23.690	0.0052451	0	0
23.723	0.0051803	0	0
23.757	0.0051671	0	0
23.790	0.0055100	0	0
23.823	0.0057231	0	0
23.857	0.0054749	0	0
23.890	0.0057647	0	0
23.923	0.0058197	0	0
23.957	0.0055900	0	0
23.990	0.0054480	0	0
24.024	0.0057788	0	0
24.057	0.0058195	0	0
24.090	0.0059975	0	0
24.124	0.0059649	0	0
24.157	0.0077507	0	0
24.190	0.0145632	0	0
24.224	0.0215061	0	0
24.257	0.0262992	0	0
24.290	0.0302854	0	0
24.324	0.0306518	0	0
24.357	0.0251869	1	0
24.391	0.0189911	0	0
24.424	0.0142443	0	0
24.457	0.0102646	0	0
24.491	0.0082329	0	0
24.524	0.0070387	0	0
24.557	0.0060528	0	0
24.591	0.0060048	0	0
24.624	0.0063618	0	0
24.657	0.0060256	0	0
24.691	0.0057239	0	0
24.724	0.0057679	0	0
24.758	0.0058072	0	0
24.791	0.0055922	0	0
24.824	0.0059126	0	0
24.858	0.0059824	0	0
24.891	0.0061453	0	0
24.924	0.0060216	0	0
24.958	0.0060370	0	0
24.991	0.0057293	0	0
25.025	0.0057157	0	0
25.058	0.0054533	0	0
25.091	0.0051966	0	0
25.125	0.0048914	0	0
25.158	0.0048833	0	0
25.191	0.0048854	0	0
25.225	0.0049422	0	0
25.258	0.0050137	0	0
25.291	0.0052098	0	0
25.325	0.0053639	0	0
25.358	0.0055688	0	0
25.392	0.0055893	0	0
25.425	0.0055203	0	0
25.458	0.0055214	0	0
25.492	0.0052987	0	0
25.525	0.0050421	0	0
25.558	0.0051594	0	0
25.592	0.0052284	0	0
25.625	0.0054409	0	0
25.658	0.0055313	0	0
25.692	0.0054804	0	0
25.725	0.0052002	0	0
25.759	0.0051967	0	0
25.792	0.0047973	0	0
25.825	0.0048385	0	0
25.859	0.0049047	0	0
25.892	0.0052070	0	0
25.925	0.0053521	0	0
25.959	0.0055671	0	0
25.992	0.0055087	0	0
26.026	0.0053740	0	0
26.059	0.0053710	0	0
26.092	0.0049922	0	0
26.126	0.0048396	0	0
26.159	0.0048162	0	0
26.192	0.0049076	0	0
26.226	0.0048599	0	0
26.259	0.0051808	0	0
26.292	0.0076989	0	0
26.326	0.0114883	0	1
26.359	0.0145436	0	1
26.393	0.0163887	0	1
26.426	0.0171580	0	0
26.459	0.0153301	0	0
26.493	0.0120674	0	0
26.526	0.0092377	0	0
26.559	0.0075249	0	0
26.593	0.0070273	0	0
26.626	0.0064543	0	0
26.659	0.0060792	0	0
26.693	0.0059066	0	0
26.726	0.0056301	0	0
26.760	0.0055203	0	0
26.793	0.0054242	0	0
26.826	0.0055373	0	0
26.860	0.0055713	0	0
26.893	0.0057104	0	0
26.926	0.0054996	0	0
26.960	0.0055657	0	0
26.993	0.0053010	0	0
27.027	0.0049956	0	0
27.060	0.0048963	0	0
27.093	0.0048130	0	0
27.127	0.0047210	0	0
27.160	0.0045808	0	0
27.193	0.0048260	0	0
27.227	0.0047361	0	0
27.260	0.0047129	0	0
27.293	0.0047057	0	0
27.327	0.0047644	0	0
27.360	0.0049426	0	0
27.394	0.0052268	0	0
27.427	0.0055152	0	0
27.460	0.0057721	0	0
27.494	0.0060680	0	0
27.527	0.0061484	0	0
27.560	0.0061946	0	0
27.594	0.0061155	0	0
27.627	0.0060302	0	0
27.660	0.0060861	0	0
27.694	0.0061098	0	0
27.727	0.0060827	0	0
27.761	0.0062433	0	0
27.794	0.0063650	0	0
27.827	0.0063119	0	0
27.861	0.0061022	0	0
27.894	0.0059934	0	0
27.927	0.0061553	0	0
27.961	0.0061681	0	0
27.994	0.0059948	0	0
28.028	0.0059739	0	0
28.061	0.0060177	0	0
28.094	0.0055903	0	0
28.128	0.0054016	0	0
28.161	0.0053276	0	0
28.194	0.0053820	0	0
28.228	0.0052070	0	0
28.261	0.0053448	0	0
28.294	0.0056189	0	0
28.328	0.0057086	0	0
28.361	0.0057275	0	0
28.395	0.0058670	0	0
28.428	0.0082881	0	0
28.461	0.0132480	0	0
28.495	0.0180232	0	1
28.528	0.0209621	0	0
28.561	0.0225169	0	0
28.595	0.0212164	0	0
28.628	0.0167082	0	0
28.661	0.0122623	0	0
28.695	0.0096714	0	0
28.728	0.0085063	0	0
28.762	0.0076507	0	0
28.795	0.0069963	0	0
28.828	0.0067289	0	0
28.862	0.0065809	0	0
28.895	0.0064540	0	0
28.928	0.0064346	0	0
28.962	0.0065464	0	0
28.995	0.0065579	0	0
29.029	0.0062750	0	0
29.062	0.0057762	0	0
29.095	0.0052971	0	0
29.129	0.0049611	0	0
29.162	0.0048281	0	0
29.195	0.0048397	0	0
29.229	0.0052071	0	0
29.262	0.0055718	0	0
29.295	0.0058208	0	0
29.329	0.0059359	0	0
29.362	0.0059380	0	0
29.396	0.0057375	0	0
29.429	0.0055249	0	0
29.462	0.0055748	0	0
29.496	0.0057630	0	0
29.529	0.0058272	0	0
29.562	0.0058446	0	0
29.596	0.0058446	0	0
29.629	0.0056616	0	0
29.662	0.0054944	0	0
29.696	0.0055179	0	0
29.729	0.0054313	0	0
29.763	0.0054666	0	0
29.796	0.0056201	0	0
29.829	0.0056118	0	0
29.863	0.0056500	0	0
29.896	0.0095572	0	0
29.929	0.0157611	0	1
29.963	0.0204767	0	0
29.996	0.0234782	0	0
30.030	0.0252603	1	0
30.063	0.0230678	1	0
30.096	0.0174482	0	0
30.130	0.0132997	0	0
30.163	0.0106496	0	0
30.196	0.0090547	0	0
30.230	0.0077799	0	0
30.263	0.0074559	0	0
30.296	0.0069212	0	0
30.330	0.0065927	0	0
30.363	0.0064472	0	0
30.397	0.0064496	0	0
30.430	0.0061881	0	0
30.463	0.0061872	0	0
30.497	0.0063097	0	0
30.530	0.0064163	0	0
30.563	0.0059283	0	0
30.597	0.0059978	0	0
30.630	0.0058626	0	0
30.663	0.0056702	0	0
30.697	0.0054001	0	0
30.730	0.0056116	0	0
30.764	0.0055256	0	0
30.797	0.0053538	0	0
30.830	0.0051799	0	0
30.864	0.0052369	0	0
30.897	0.0051114	0	0
30.930	0.0051936	0	0
30.964	0.0054389	0	0
30.997	0.0058946	0	0
31.031	0.0059356	0	0
31.064	0.0062130	0	0
31.097	0.0062706	0	0
31.131	0.0062117	0	0
31.164	0.0060050	0	0
31.197	0.0060456	0	0
31.231	0.0060562	0	0
31.264	0.0061210	0	0
31.297	0.0063946	0	0
31.331	0.0067108	0	0
31.364	0.0069882	0	0
31.398	0.0069063	0	0
31.431	0.0066997	0	0
31.464	0.0064323	0	0
31.498	0.0062130	0	0
31.531	0.0059504	0	0
31.564	0.0059122	0	0
31.598	0.0058762	0	0
31.631	0.0059018	0	0
31.664	0.0056131	0	0
31.698	0.0054824	0	0
31.731	0.0055549	0	0
31.765	0.0053945	0	0
31.798	0.0051059	0	0
31.831	0.0052358	0	0
31.865	0.0052317	0	0
31.898	0.0049162	0	0
31.931	0.0050948	0	0
31.965	0.0052019	0	0
31.998	0.0055247	0	0
32.032	0.0056251	0	0
32.065	0.0058709	0	0
32.098	0.0062082	0	0
32.132	0.0063516	0	0
32.165	0.0063146	0	0
32.198	0.0063709	0	0
32.232	0.0062311	0	0
32.265	0.0057304	0	0
32.298	0.0058712	0	0
32.332	0.0053276	0	0
32.365	0.0049435	0	0
32.399	0.0049609	0	0
32.432	0.0051821	0	0
32.465	0.0052464	0	0
32.499	0.0055580	0	0
32.532	0.0056274	0	0
32.565	0.0058339	0	0
32.599	0.0057730	0	0
32.632	0.0055855	0	0
32.665	0.0055242	0	0
32.699	0.0055170	0	0
32.732	0.0051919	0	0
32.766	0.0049791	0	0
32.799	0.0047985	0	0
32.832	0.0048018	0	0
32.866	0.0048648	0	0
32.899	0.0047291	0	0
32.932	0.0050296	0	0
32.966	0.0051176	0	0
32.999	0.0049112	0	0
33.033	0.0048813	0	0
33.066	0.0051172	0	0
33.099	0.0050893	0	0
33.133	0.0051694	0	0
33.166	0.0054005	0	0
33.199	0.0056801	0	0
33.233	0.0093382	0	0
33.266	0.0167978	0	0
33.299	0.0259308	0	0
33.333	0.0351484	0	0
33.366	0.0425154	0	0
33.400	0.0444583	0	0
33.433	0.0410499	0	0
33.466	0.0347942	0	0
33.500	0.0276924	1	0
33.533	0.0214851	1	0
33.566	0.0168345	0	0
33.600	0.0136605	0	0
33.633	0.0113948	0	0
33.666	0.0098989	0	0
33.700	0.0090947	0	0
33.733	0.0085952	0	0
33.767	0.0077309	0	0
33.800	0.0071604	0	0
33.833	0.0066476	0	0
33.867	0.0063367	0	0
33.900	0.0060581	0	0
33.933	0.0059049	0	0
33.967	0.0058753	0	0
34.000	0.0059001	0	0
34.034	0.0057111	0	0
34.067	0.0059147	0	0
34.100	0.0060490	0	0
34.134	0.0061638	0	0
34.167	0.0059155	0	0
34.200	0.0057931	0	0
34.234	0.0055225	0	0
34.267	0.0056463	0	0
34.300	0.0054742	0	0
34.334	0.0056085	0	0
34.367	0.0057898	0	0
34.401	0.0057273	0	0
34.434	0.0055098	0	0
34.467	0.0054562	0	0
34.501	0.0054050	0	0
34.534	0.0053378	0	0
34.567	0.0053123	0	0
34.601	0.0054748	0	0
34.634	0.0056844	0	0
34.667	0.0058161	0	0
34.701	0.0060187	0	0
34.734	0.0061008	0	0
34.768	0.0062482	0	0
34.801	0.0065041	0	0
34.834	0.0065011	0	0
34.868	0.0070182	0	0
34.901	0.0117497	0	0
34.934	0.0170692	0	1
34.968	0.0204736	0	0
35.001	0.0229299	0	0
35.035	0.0238173	1	0
35.068	0.0201456	1	0
35.101	0.0153366	0	0
35.135	0.0119633	0	0
35.168	0.0097717	0	0
35.201	0.0083444	0	0
35.235	0.0072975	0	0
35.268	0.0063691	0	0
35.301	0.0058412	0	0
35.335	0.0053751	0	0
35.368	0.0050048	0	0
35.402	0.0048407	0	0
35.435	0.0049907	0	0
35.468	0.0050448	0	0
35.502	0.0050053	0	0
35.535	0.0051067	0	0
35.568	0.0052954	0	0
35.602	0.0052632	0	0
35.635	0.0052643	0	0
35.668	0.0055215	0	0
35.702	0.0055993	0	0
35.735	0.0056819	0	0
35.769	0.0062724	0	0
35.802	0.0113524	0	0
35.835	0.0173691	0	1
35.869	0.0225018	0	0
35.902	0.0257184	0	0
35.935	0.0270459	0	0
35.969	0.0231295	1	0
36.002	0.0181428	0	0
36.036	0.0138126	0	0
36.069	0.0110141	0	0
36.102	0.0096583	0	0
36.136	0.0085566	0	0
36.169	0.0074796	0	0
36.202	0.0067038	0	0
36.236	0.0061363	0	0
36.269	0.0056600	0	0
36.302	0.0056213	0	0
36.336	0.0054785	0	0
36.369	0.0053795	0	0
36.403	0.0052657	0	0
36.436	0.0050862	0	0
36.469	0.0052544	0	0
36.503	0.0051969	0	0
36.536	0.0052091	0	0
36.569	0.0051871	0	0
36.603	0.0053636	0	0
36.636	0.0054136	0	0
36.669	0.0055364	0	0
36.703	0.0081055	0	0
36.736	0.0141625	0	0
36.770	0.0196564	0	0
36.803	0.0234377	0	0
36.836	0.0260188	0	0
36.870	0.0246400	0	0
36.903	0.0196151	0	0
36.936	0.0144225	0	0
36.970	0.0108351	0	0
37.003	0.0088191	0	0
37.037	0.0082970	0	0
37.070	0.0073457	0	0
37.103	0.0072410	0	0
37.137	0.0070580	0	0
37.170	0.0064333	0	0
37.203	0.0060082	0	0
37.237	0.0062545	0	0
37.270	0.0060659	0	0
37.303	0.0061145	0	0
37.337	0.0064566	0	0
37.370	0.0064476	0	0
37.404	0.0063975	0	0
37.437	0.0063471	0	0
37.470	0.0064164	0	0
37.504	0.0063277	0	0
37.537	0.0062448	0	0
37.570	0.0061107	0	0
37.604	0.0059620	0	0
37.637	0.0056778	0	0
37.670	0.0054623	0	0
37.704	0.0056723	0	0
37.737	0.0056753	0	0
37.771	0.0059436	0	0
37.804	0.0058178	0	0
37.837	0.0059917	0	0
37.871	0.0056663	0	0
37.904	0.0057355	0	0
37.937	0.0055146	0	0
37.971	0.0056811	0	0
38.004	0.0055342	0	0
38.038	0.0054995	0	0
38.071	0.0055857	0	0
38.104	0.0058057	0	0
38.138	0.0057579	0	0
38.171	0.0057254	0	0
38.204	0.0057590	0	0
38.238	0.0055265	0	0
38.271	0.0053606	0	0
38.304	0.0053193	0	0
38.338	0.0057933	0	0
38.371	0.0121785	0	0
38.405	0.0201247	0	0
38.438	0.0285091	0	0
38.471	0.0351769	0	0
38.505	0.0396449	0	0
38.538	0.0366687	0	0
38.571	0.0303477	1	0
38.605	0.0231367	1	0
38.638	0.0176471	0	0
38.671	0.0149343	0	0
38.705	0.0171286	0	0
38.738	0.0235858	0	0
38.772	0.0326032	0	0
38.805	0.0429353	0	0
38.838	0.0521667	0	0
38.872	0.0579368	0	0
38.905	0.0615707	0	0
38.938	0.0628244	0	0
38.972	0.0606906	0	0
39.005	0.0572540	0	0
39.039	0.0534468	0	0
39.072	0.0498975	0	0
39.105	0.0459655	0	0
39.139	0.0421210	0	0
39.172	0.0373941	0	0
39.205	0.0318677	0	0
39.239	0.0249898	1	0
39.272	0.0182083	0	0
39.305	0.0135012	0	0
39.339	0.0107515	0	0
39.372	0.0092358	0	0
39.406	0.0083066	0	0
39.439	0.0079339	0	0
39.472	0.0074491	0	0
39.506	0.0070205	0	0
39.539	0.0065686	0	0
39.572	0.0064341	0	0
39.606	0.0064259	0	0
39.639	0.0063843	0	0
39.672	0.0066514	0	0
39.706	0.0067137	0	0
39.739	0.0067074	0	0
39.773	0.0066207	0	0
39.806	0.0064931	0	0
39.839	0.0062792	0	0
39.873	0.0063529	0	0
39.906	0.0064183	0	0
39.939	0.0063442	0	0
39.973	0.0065240	0	0
40.006	0.0064458	0	0
40.040	0.0061057	0	0
40.073	0.0060073	0	0
40.106	0.0058787	0	0
40.140	0.0057147	0	0
40.173	0.0057709	0	0
40.206	0.0060124	0	0
40.240	0.0060124	0	0
40.273	0.0061991	0	0
40.306	0.0063745	0	0
40.340	0.0066367	0	0
40.373	0.0067733	0	0
40.407	0.0069405	0	0
40.440	0.0070997	0	0
40.473	0.0067674	0	0
40.507	0.0064358	0	0
40.540	0.0060959	0	0
40.573	0.0055569	0	0
40.607	0.0050596	0	0
40.640	0.0050669	0	0
40.673	0.0047965	0	0
40.707	0.0048522	0	0
40.740	0.0047686	0	0
40.774	0.0050070	0	0
40.807	0.0048995	0	0
40.840	0.0050188	0	0
40.874	0.0048661	0	0
40.907	0.0049033	0	0
40.940	0.0046565	0	0
40.974	0.0045555	0	0
41.007	0.0046953	0	0
41.041	0.0048424	0	0
41.074	0.0050021	0	0
41.107	0.0051314	0	0
41.141	0.0053555	0	0
41.174	0.0053059	0	0
41.207	0.0051177	0	0
41.241	0.0051431	0	0
41.274	0.0051346	0	0
41.307	0.0050655	0	0
41.341	0.0051121	0	0
41.374	0.0055558	0	0
41.408	0.0055173	0	0
41.441	0.0056746	0	0
41.474	0.0056078	0	0
41.508	0.0055646	0	0
41.541	0.0052160	0	0
41.574	0.0051931	0	0
41.608	0.0049985	0	0
41.641	0.0052168	0	0
41.674	0.0052049	0	0
41.708	0.0051430	0	0
41.741	0.0050748	0	0
41.775	0.0050692	0	0
41.808	0.0048695	0	0
41.841	0.0047495	0	0
41.875	0.0048729	0	0
41.908	0.0049374	0	0
41.941	0.0048135	0	0
41.975	0.0047105	0	0
42.008	0.0048606	0	0
42.042	0.0051414	0	0
42.075	0.0052435	0	0
42.108	0.0055770	0	0
42.142	0.0059630	0	0
42.175	0.0058713	0	0
42.208	0.0056430	0	0
42.242	0.0055967	0	0
42.275	0.0054300	0	0
42.308	0.0054619	0	0
42.342	0.0056664	0	0
42.375	0.0057071	0	0
42.409	0.0058144	0	0
42.442	0.0066629	0	0
42.475	0.0075005	0	0
42.509	0.0082766	0	0
42.542	0.0092198	0	0
42.575	0.0103245	0	0
42.609	0.0103125	0	0
42.642	0.0101540	0	0
42.675	0.0102982	0	0
42.709	0.0104057	0	0
42.742	0.0098887	0	0
42.776	0.0098196	0	0
42.809	0.0097023	0	0
42.842	0.0092120	0	0
42.876	0.0087653	0	0
42.909	0.0089285	0	0
42.942	0.0093232	0	0
42.976	0.0092098	0	0
43.009	0.0091136	0	0
43.043	0.0089588	0	0
43.076	0.0084990	0	0
43.109	0.0074782	0	0
43.143	0.0073669	0	0
43.176	0.0074460	0	0
43.209	0.0077246	0	0
43.243	0.0082617	0	0
43.276	0.0089495	0	0
43.309	0.0090862	0	0
43.343	0.0092008	0	0
43.376	0.0093249	0	0
43.410	0.0091334	0	0
43.443	0.0093744	0	0
43.476	0.0093406	0	0
43.510	0.0093592	0	0
43.543	0.0091772	0	0
43.576	0.0093694	0	0
43.610	0.0088654	0	0
43.643	0.0088476	0	0
43.676	0.0089664	0	0
43.710	0.0087760	0	0
43.743	0.0092053	0	0
43.777	0.0137309	0	0
43.810	0.0181138	0	1
43.843	0.0200371	0	0
43.877	0.0202637	0	0
43.910	0.0193180	0	0
43.943	0.0141889	0	0
43.977	0.0095903	0	0
44.010	0.0071122	0	0
44.044	0.0069131	0	0
44.077	0.0072793	0	0
44.110	0.0080599	0	0
44.144	0.0081403	0	0
44.177	0.0084552	0	0
44.210	0.0085332	0	0
44.244	0.0080675	0	0
44.277	0.0079876	0	0
44.310	0.0081367	0	0
44.344	0.0080036	0	0
44.377	0.0081311	0	0
44.411	0.0084921	0	0
44.444	0.0086241	0	0
44.477	0.0086189	0	0
44.511	0.0090600	0	0
44.544	0.0089076	0	0
44.577	0.0092403	0	0
44.611	0.0093308	0	0
44.644	0.0109690	0	0
44.677	0.0129726	0	0
44.711	0.0152814	0	0
44.744	0.0171382	0	0
44.778	0.0190539	0	0
44.811	0.0197240	0	0
44.844	0.0197167	0	0
44.878	0.0198962	0	0
44.911	0.0191267	0	0
44.944	0.0192469	0	0
44.978	0.0190618	0	0
45.011	0.0192889	0	0
45.045	0.0193832	0	0
45.078	0.0202319	1	0
45.111	0.0204565	1	0
45.145	0.0207982	1	0
45.178	0.0198441	0	0
45.211	0.0169158	0	0
45.245	0.0141169	0	0
45.278	0.0112348	0	0
45.311	0.0082336	0	0
45.345	0.0061395	0	0
45.378	0.0061656	0	0
45.412	0.0061080	0	0
45.445	0.0059295	0	0
45.478	0.0059045	0	0
45.512	0.0059711	0	0
45.545	0.0057779	0	0
45.578	0.0061187	0	0
45.612	0.0060895	0	0
45.645	0.0060560	0	0
45.678	0.0059141	0	0
45.712	0.0059262	0	0
45.745	0.0056844	0	0
45.779	0.0057314	0	0
45.812	0.0058511	0	0
45.845	0.0059910	0	0
45.879	0.0067537	0	0
45.912	0.0075837	0	0
45.945	0.0076653	0	0
45.979	0.0076553	0	0
46.012	0.0076977	0	0
46.046	0.0070408	0	0
46.079	0.0062913	0	0
46.112	0.0062904	0	0
46.146	0.0064428	0	0
46.179	0.0065456	0	0
46.212	0.0067773	0	0
46.246	0.0067358	0	0
46.279	0.0067136	0	0
46.312	0.0066261	0	0
46.346	0.0068169	0	0
46.379	0.0065979	0	0
46.413	0.0067448	0	0
46.446	0.0069293	0	0
46.479	0.0069327	0	0
46.513	0.0068093	0	0
46.546	0.0068607	0	0
46.579	0.0067822	0	0
46.613	0.0066571	0	0
46.646	0.0065221	0	0
46.679	0.0064416	0	0
46.713	0.0066314	0	0
46.746	0.0069546	0	0
46.780	0.0068971	0	0
46.813	0.0071571	0	0
46.846	0.0073130	0	0
46.880	0.0072516	0	0
46.913	0.0070152	0	0
46.946	0.0079291	0	0
46.980	0.0118667	0	0
47.013	0.0165447	0	0
47.047	0.0191332	0	0
47.080	0.0208581	1	0
47.113	0.0211922	1	0
47.147	0.0179479	0	0
47.180	0.0137374	0	0
47.213	0.0116933	0	0
47.247	0.0102907	0	0
47.280	0.0092205	0	0
47.313	0.0087350	0	0
47.347	0.0082380	0	0
47.380	0.0075164	0	0
47.414	0.0072929	0	0
47.447	0.0073961	0	0
47.480	0.0072812	0	0
47.514	0.0071992	0	0
47.547	0.0071837	0	0
47.580	0.0067195	0	0
47.614	0.0063901	0	0
47.647	0.0059218	0	0
47.680	0.0059647	0	0
47.714	0.0060383	0	0
47.747	0.0062333	0	0
47.781	0.0061978	0	0
47.814	0.0063113	0	0
47.847	0.0062135	0	0
47.881	0.0057828	0	0
47.914	0.0057452	0	0
47.947	0.0058376	0	0
47.981	0.0059659	0	0
48.014	0.0062967	0	0
48.048	0.0069138	0	0
48.081	0.0092546	0	0
48.114	0.0136505	0	0
48.148	0.0175282	0	1
48.181	0.0196932	0	1
48.214	0.0211784	0	0
48.248	0.0199366	0	0
48.281	0.0158358	0	0
48.314	0.0122017	0	0
48.348	0.0097962	0	0
48.381	0.0081392	0	0
48.415	0.0077430	0	0
48.448	0.0083565	0	0
48.481	0.0087740	0	0
48.515	0.0094613	0	0
48.548	0.0105980	0	0
48.581	0.0111444	0	0
48.615	0.0114688	0	0
48.648	0.0119565	0	0
48.681	0.0123508	0	0
48.715	0.0153274	0	0
48.748	0.0194319	0	0
48.782	0.0230540	1	0
48.815	0.0270188	1	0
48.848	0.0307401	1	0
48.882	0.0316304	1	0
48.915	0.0322394	1	0
48.948	0.0352516	1	0
48.982	0.0382118	0	0
49.015	0.0400837	0	0
49.049	0.0412945	0	0
49.082	0.0391425	0	0
49.115	0.0332948	0	0
49.149	0.0263661	1	0
49.182	0.0199773	0	0
49.215	0.0144860	0	0
49.249	0.0108235	0	0
49.282	0.0093195	0	0
49.315	0.0079960	0	0
49.349	0.0080854	0	0
49.382	0.0073012	0	0
49.416	0.0071331	0	0
49.449	0.0063147	0	0
49.482	0.0062536	0	0
49.516	0.0060499	0	0
49.549	0.0062170	0	0
49.582	0.0064596	0	0
49.616	0.0067522	0	0
49.649	0.0069265	0	0
49.682	0.0067414	0	0
49.716	0.0067255	0	0
49.749	0.0064444	0	0
49.783	0.0065267	0	0
49.816	0.0066838	0	0
49.849	0.0068215	0	0
49.883	0.0068594	0	0
49.916	0.0070773	0	0
49.949	0.0072601	0	0
49.983	0.0069937	0	0
50.016	0.0067503	0	0
50.050	0.0066502	0	0
50.083	0.0065812	0	0
50.116	0.0065657	0	0
50.150	0.0069252	0	0
50.183	0.0064944	0	0
50.216	0.0061236	0	0
50.250	0.0058968	0	0
50.283	0.0054568	0	0
50.316	0.0050118	0	0
50.350	0.0052978	0	0
50.383	0.0053917	0	0
50.417	0.0055673	0	0
50.450	0.0057408	0	0
50.483	0.0058521	0	0
50.517	0.0059112	0	0
50.550	0.0061318	0	0
50.583	0.0061175	0	0
50.617	0.0062548	0	0
50.650	0.0061499	0	0
50.683	0.0062502	0	0
50.717	0.0063639	0	0
50.750	0.0062025	0	0
50.784	0.0060896	0	0
50.817	0.0061067	0	0
50.850	0.0060354	0	0
50.884	0.0056800	0	0
50.917	0.0055861	0	0
50.950	0.0056046	0	0
50.984	0.0055569	0	0
51.017	0.0053655	0	0
51.051	0.0054712	0	0
51.084	0.0057003	0	0
51.117	0.0059379	0	0
51.151	0.0061650	0	0
51.184	0.0066038	0	0
51.217	0.0068373	0	0
51.251	0.0071858	0	0
51.284	0.0070779	0	0
51.317	0.0073644	0	0
51.351	0.0073453	0	0
51.384	0.0073494	0	0
51.418	0.0069741	0	0
51.451	0.0070239	0	0
51.484	0.0068117	0	0
51.518	0.0068883	0	0
51.551	0.0068338	0	0
51.584	0.0070519	0	0
51.618	0.0067672	0	0
51.651	0.0065844	0	0
51.684	0.0062748	0	0
51.718	0.0063163	0	0
51.751	0.0061899	0	0
51.785	0.0061544	0	0
51.818	0.0063120	0	0
51.851	0.0063817	0	0
51.885	0.0061126	0	0
51.918	0.0061689	0	0
51.951	0.0061894	0	0
51.985	0.0059798	0	0
52.018	0.0058741	0	0
52.052	0.0060441	0	0
52.085	0.0057955	0	0
52.118	0.0065971	0	0
52.152	0.0095499	0	0
52.185	0.0127079	0	0
52.218	0.0157714	0	0
52.252	0.0191519	0	0
52.285	0.0185181	0	0
52.318	0.0156477	0	0
52.352	0.0125083	0	0
52.385	0.0091487	0	0
52.419	0.0059055	0	0
52.452	0.0055883	0	0
52.485	0.0054053	0	0
52.519	0.0053322	0	0
52.552	0.0055754	0	0
52.585	0.0054791	0	0
52.619	0.0055324	0	0
52.652	0.0055162	0	0
52.685	0.0055538	0	0
52.719	0.0053298	0	0
52.752	0.0054222	0	0
52.786	0.0055393	0	0
52.819	0.0058381	0	0
52.852	0.0066980	0	0
52.886	0.0121756	0	0
52.919	0.0180409	0	1
52.952	0.0217355	0	0
52.986	0.0240035	0	0
53.019	0.0246882	0	0
53.053	0.0208250	1	0
53.086	0.0160195	0	0
53.119	0.0128489	0	0
53.153	0.0111813	0	0
53.186	0.0104896	0	0
53.219	0.0098114	0	0
53.253	0.0086895	0	0
53.286	0.0082573	0	0
53.319	0.0073322	0	0
53.353	0.0069835	0	0
53.386	0.0063251	0	0
53.420	0.0066265	0	0
53.453	0.0068707	0	0
53.486	0.0073080	0	0
53.520	0.0071645	0	0
53.553	0.0071226	0	0
53.586	0.0070268	0	0
53.620	0.0069711	0	0
53.653	0.0068213	0	0
53.686	0.0065008	0	0
53.720	0.0062869	0	0
53.753	0.0060997	0	0
53.787	0.0057188	0	0
53.820	0.0056832	0	0
53.853	0.0055425	0	0
53.887	0.0058809	0	0
53.920	0.0057018	0	0
53.953	0.0059633	0	0
53.987	0.0060153	0	0
54.020	0.0064505	0	0
54.054	0.0064111	0	0
54.087	0.0066994	0	0
54.120	0.0067658	0	0
54.154	0.0067812	0	0
54.187	0.0068089	0	0
54.220	0.0065505	0	0
54.254	0.0066233	0	0
54.287	0.0062554	0	0
54.320	0.0060164	0	0
54.354	0.0057593	0	0
54.387	0.0056787	0	0
54.421	0.0054947	0	0
54.454	0.0054660	0	0
54.487	0.0055520	0	0
54.521	0.0054928	0	0
54.554	0.0063380	0	0
54.587	0.0061452	0	0
54.621	0.0067035	0	0
54.654	0.0072839	0	0
54.687	0.0072566	0	0
54.721	0.0065015	0	0
54.754	0.0066252	0	0
54.788	0.0060278	0	0
54.821	0.0056832	0	0
54.854	0.0058685	0	0
54.888	0.0061806	0	0
54.921	0.0066501	0	0
54.954	0.0071451	0	0
54.988	0.0074507	0	0
55.021	0.0071871	0	0
55.055	0.0071222	0	0
55.088	0.0066075	0	0
55.121	0.0064632	0	0
55.155	0.0061225	0	0
55.188	0.0062233	0	0
55.221	0.0061597	0	0
55.255	0.0063834	0	0
55.288	0.0068236	0	0
55.321	0.0069158	0	0
55.355	0.0071450	0	0
55.388	0.0070753	0	0
55.422	0.0072869	0	0
55.455	0.0069174	0	0
55.488	0.0073128	0	0
55.522	0.0074964	0	0
55.555	0.0078865	0	0
55.588	0.0077529	0	0
55.622	0.0077861	0	0
55.655	0.0073850	0	0
55.688	0.0072461	0	0
55.722	0.0070363	0	0
55.755	0.0070605	0	0
55.789	0.0071906	0	0
55.822	0.0072512	0	0
55.855	0.0074604	0	0
55.889	0.0075466	0	0
55.922	0.0076135	0	0
55.955	0.0075537	0	0
55.989	0.0071386	0	0
56.022	0.0073101	0	0
56.056	0.0076718	0	0
56.089	0.0077688	0	0
56.122	0.0076910	0	0
56.156	0.0081279	0	0
56.189	0.0076155	0	0
56.222	0.0074114	0	0
56.256	0.0080017	0	0
56.289	0.0083481	0	0
56.322	0.0088997	0	0
56.356	0.0089736	0	0
56.389	0.0119210	0	0
56.423	0.0157472	0	1
56.456	0.0189707	0	1
56.489	0.0199529	0	1
56.523	0.0210871	0	0
56.556	0.0183135	0	0
56.589	0.0142187	0	0
56.623	0.0107536	0	0
56.656	0.0095462	0	0
56.689	0.0088499	0	0
56.723	0.0082982	0	0
56.756	0.0076479	0	0
56.790	0.0073905	0	0
56.823	0.0069303	0	0
56.856	0.0065328	0	0
56.890	0.0064304	0	0
56.923	0.0064526	0	0
56.956	0.0066681	0	0
56.990	0.0066199	0	0
57.023	0.0063341	0	0
57.057	0.0064190	0	0
57.090	0.0063652	0	0
57.123	0.0062295	0	0
57.157	0.0064076	0	0
57.190	0.0065091	0	0
57.223	0.0068718	0	0
57.257	0.0073139	0	0
57.290	0.0074637	0	0
57.323	0.0075375	0	0
57.357	0.0077603	0	0
57.390	0.0079838	0	0
57.424	0.0080602	0	0
57.457	0.0081132	0	0
57.490	0.0081065	0	0
57.524	0.0082150	0	0
57.557	0.0080078	0	0
57.590	0.0075023	0	0
57.624	0.0072544	0	0
57.657	0.0069924	0	0
57.690	0.0065880	0	0
57.724	0.0064057	0	0
57.757	0.0067261	0	0
57.791	0.0066052	0	0
57.824	0.0067892	0	0
57.857	0.0068338	0	0
57.891	0.0065756	0	0
57.924	0.0066132	0	0
57.957	0.0067368	0	0
57.991	0.0064152	0	0
58.024	0.0065129	0	0
58.058	0.0066703	0	0
58.091	0.0064804	0	0
58.124	0.0068398	0	0
58.158	0.0072284	0	0
58.191	0.0074613	0	0
58.224	0.0075117	0	0
58.258	0.0074820	0	0
58.291	0.0072808	0	0
58.324	0.0071568	0	0
58.358	0.0070907	0	0
58.391	0.0070749	0	0
58.425	0.0073014	0	0
58.458	0.0071467	0	0
58.491	0.0069710	0	0
58.525	0.0071474	0	0
58.558	0.0071390	0	0
58.591	0.0068093	0	0
58.625	0.0068654	0	0
58.658	0.0067923	0	0
58.691	0.0065579	0	0
58.725	0.0065730	0	0
58.758	0.0065996	0	0
58.792	0.0064013	0	0
58.825	0.0066558	0	0
58.858	0.0065164	0	0
58.892	0.0063079	0	0
58.925	0.0064892	0	0
58.958	0.0065240	0	0
58.992	0.0065272	0	0
59.025	0.0066808	0	0
59.059	0.0068835	0	0
59.092	0.0067310	0	0
59.125	0.0069209	0	0
59.159	0.0067816	0	0
59.192	0.0066731	0	0
59.225	0.0067240	0	0
59.259	0.0067638	0	0
59.292	0.0066514	0	0
59.325	0.0065894	0	0
59.359	0.0065869	0	0
59.392	0.0063785	0	0
59.426	0.0064240	0	0
59.459	0.0064708	0	0
59.492	0.0064866	0	0
59.526	0.0064036	0	0
59.559	0.0066477	0	0
59.592	0.0063951	0	0
59.626	0.0062390	0	0
59.659	0.0060505	0	0
59.692	0.0058472	0	0
59.726	0.0055262	0	0
59.759	0.0056391	0	0
59.793	0.0057934	0	0
59.826	0.0062773	0	0
59.859	0.0067029	0	0
59.893	0.0070534	0	0
59.926	0.0072653	0	0
59.959	0.0073502	0	0
59.993	0.0072908	0	0
60.026	0.0072563	0	0
60.060	0.0074556	0	0
60.093	0.0073434	0	0
60.126	0.0073434	0	0
60.160	0.0071571	0	0
60.193	0.0071363	0	0
60.226	0.0092155	0	0
60.260	0.0156172	0	0
60.293	0.0223207	0	0
60.326	0.0280839	0	0
60.360	0.0316766	0	0
60.393	0.0318405	0	0
60.427	0.0275421	1	0
60.460	0.0222642	1	0
60.493	0.0175366	0	0
60.527	0.0145834	0	0
60.560	0.0125787	0	0
60.593	0.0113891	0	0
60.627	0.0106648	0	0
60.660	0.0105792	0	0
60.693	0.0105691	0	0
60.727	0.0106302	0	0
60.760	0.0102740	0	0
60.794	0.0101486	0	0
60.827	0.0099268	0	0
60.860	0.0098820	0	0
60.894	0.0098388	0	0
60.927	0.0098112	0	0
60.960	0.0099300	0	0
60.994	0.0091437	0	0
61.027	0.0084075	0	0
61.061	0.0078987	0	0
61.094	0.0074284	0	0
61.127	0.0067053	0	0
61.161	0.0068854	0	0
61.194	0.0070117	0	0
61.227	0.0067013	0	0
61.261	0.0065982	0	0
61.294	0.0063825	0	0
61.327	0.0061128	0	0
61.361	0.0058555	0	0
61.394	0.0059669	0	0
61.428	0.0058019	0	0
61.461	0.0058818	0	0
61.494	0.0059517	0	0
61.528	0.0061332	0	0
61.561	0.0070385	0	0
61.594	0.0072252	0	0
61.628	0.0073422	0	0
61.661	0.0075629	0	0
61.694	0.0075384	0	0
61.728	0.0071324	0	0
61.761	0.0071759	0	0
61.795	0.0071401	0	0
61.828	0.0069729	0	0
61.861	0.0068039	0	0
61.895	0.0062488	0	0
61.928	0.0062179	0	0
61.961	0.0065335	0	0
61.995	0.0063238	0	0
62.028	0.0070656	0	0
62.062	0.0078404	0	0
62.095	0.0085803	0	0
62.128	0.0085494	0	0
62.162	0.0090818	0	0
62.195	0.0087442	0	0
62.228	0.0083125	0	0
62.262	0.0079794	0	0
62.295	0.0081052	0	0
62.328	0.0080373	0	0
62.362	0.0082036	0	0
62.395	0.0081351	0	0
62.429	0.0080043	0	0
62.462	0.0078050	0	0
62.495	0.0080219	0	0
62.529	0.0081603	0	0
62.562	0.0085844	0	0
62.595	0.0088817	0	0
62.629	0.0090088	0	0
62.662	0.0089180	0	0
62.695	0.0087694	0	0
62.729	0.0085480	0	0
62.762	0.0084044	0	0
62.796	0.0085059	0	0
62.829	0.0088203	0	0
62.862	0.0091388	0	0
62.896	0.0103089	0	0
62.929	0.0111698	0	0
62.962	0.0121135	0	0
62.996	0.0128330	0	0
63.029	0.0136228	0	0
63.063	0.0135056	0	0
63.096	0.0136988	0	0
63.129	0.0136846	0	0
63.163	0.0138361	0	0
63.196	0.0148847	0	0
63.229	0.0160459	0	0
63.263	0.0173274	0	0
63.296	0.0187990	0	0
63.329	0.0201063	1	0
63.363	0.0204246	1	0
63.396	0.0206781	1	0
63.430	0.0208579	1	0
63.463	0.0198039	0	0
63.496	0.0187154	0	0
63.530	0.0176744	0	0
63.563	0.0164457	0	0
63.596	0.0150979	0	0
63.630	0.0148588	0	0
63.663	0.0148258	0	0
63.696	0.0146776	0	0
63.730	0.0148215	0	0
63.763	0.0149591	0	0
63.797	0.0150843	0	0
63.830	0.0152608	0	0
63.863	0.0154537	0	0
63.897	0.0155766	0	0
63.930	0.0157187	0	0
63.963	0.0154472	0	0
63.997	0.0143856	0	0
64.030	0.0135953	0	0
64.064	0.0124862	0	0
64.097	0.0115578	0	0
64.130	0.0109500	0	0
64.164	0.0108838	0	0
64.197	0.0107519	0	0
64.230	0.0109077	0	0
64.264	0.0108204	0	0
64.297	0.0106566	0	0
64.330	0.0102283	0	0
64.364	0.0098539	0	0
64.397	0.0094657	0	0
64.431	0.0091006	0	0
64.464	0.0090668	0	0
64.497	0.0092806	0	0
64.531	0.0092465	0	0
64.564	0.0092179	0	0
64.597	0.0090276	0	0
64.631	0.0087283	0	0
64.664	0.0084023	0	0
64.697	0.0081285	0	0
64.731	0.0079956	0	0
64.764	0.0081559	0	0
64.798	0.0084016	0	0
64.831	0.0082974	0	0
64.864	0.0081870	0	0
64.898	0.0078163	0	0
64.931	0.0072849	0	0
64.964	0.0067875	0	0
64.998	0.0065600	0	0
65.031	0.0063879	0	0
65.065	0.0064212	0	0
65.098	0.0064836	0	0
65.131	0.0066148	0	0
65.165	0.0069070	0	0
65.198	0.0071241	0	0
65.231	0.0067863	0	0
65.265	0.0067220	0	0
65.298	0.0065500	0	0
65.331	0.0062199	0	0
65.365	0.0060528	0	0
65.398	0.0064096	0	0
65.432	0.0065248	0	0
65.465	0.0065909	0	0
65.498	0.0068676	0	0
65.532	0.0070538	0	0
65.565	0.0072836	0	0
65.598	0.0074141	0	0
65.632	0.0076405	0	0
65.665	0.0101367	0	0
65.698	0.0159002	0	0
65.732	0.0228078	0	0
65.765	0.0288422	0	0
65.799	0.0328322	0	0
65.832	0.0331495	0	0
65.865	0.0293226	1	0
65.899	0.0234059	1	0
65.932	0.0181195	0	0
65.965	0.0144614	0	0
65.999	0.0121339	0	0
66.032	0.0105866	0	0
66.066	0.0098791	0	0
66.099	0.0093461	0	0
66.132	0.0090358	0	0
66.166	0.0084869	0	0
66.199	0.0081230	0	0
66.232	0.0075621	0	0
66.266	0.0071877	0	0
66.299	0.0068114	0	0
66.332	0.0065326	0	0
66.366	0.0061177	0	0
66.399	0.0058316	0	0
66.433	0.0057886	0	0
66.466	0.0059778	0	0
66.499	0.0060557	0	0
66.533	0.0061474	0	0
66.566	0.0065373	0	0
66.599	0.0063433	0	0
66.633	0.0061251	0	0
66.666	0.0060974	0	0
66.699	0.0061030	0	0
66.733	0.0059161	0	0
66.766	0.0061583	0	0
66.800	0.0062972	0	0
66.833	0.0066110	0	0
66.866	0.0067518	0	0
66.900	0.0069950	0	0
66.933	0.0070807	0	0
66.966	0.0069819	0	0
67.000	0.0069076	0	0
67.033	0.0068898	0	0
67.067	0.0069256	0	0
67.100	0.0069979	0	0
67.133	0.0070692	0	0
67.167	0.0073385	0	0
67.200	0.0076086	0	0
67.233	0.0080643	0	0
67.267	0.0085063	0	0
67.300	0.0089897	0	0
67.333	0.0089055	0	0
67.367	0.0089661	0	0
67.400	0.0087821	0	0
67.434	0.0107642	0	0
67.467	0.0152656	0	0
67.500	0.0190219	0	0
67.534	0.0213410	1	0
67.567	0.0226593	1	0
67.600	0.0212689	1	0
67.634	0.0172609	0	0
67.667	0.0142529	0	0
67.700	0.0128005	0	0
67.734	0.0119175	0	0
67.767	0.0112535	0	0
67.801	0.0111531	0	0
67.834	0.0107757	0	0
67.867	0.0099227	0	0
67.901	0.0095119	0	0
67.934	0.0094332	0	0
67.967	0.0088857	0	0
68.001	0.0086745	0	0
68.034	0.0090129	0	0
68.068	0.0093048	0	0
68.101	0.0096619	0	0
68.134	0.0102077	0	0
68.168	0.0102852	0	0
68.201	0.0101118	0	0
68.234	0.0097901	0	0
68.268	0.0094053	0	0
68.301	0.0090733	0	0
68.334	0.0089487	0	0
68.368	0.0088839	0	0
68.401	0.0087012	0	0
68.435	0.0090553	0	0
68.468	0.0098687	0	0
68.501	0.0113210	0	0
68.535	0.0125230	0	0
68.568	0.0137322	0	0
68.601	0.0145757	0	0
68.635	0.0148639	0	0
68.668	0.0147035	0	0
68.701	0.0146140	0	0
68.735	0.0148199	0	0
68.768	0.0147100	0	0
68.802	0.0147228	0	0
68.835	0.0147228	0	0
68.868	0.0152989	0	0
68.902	0.0188410	0	0
68.935	0.0239602	0	0
68.968	0.0289066	0	0
69.002	0.0317300	0	0
69.035	0.0320099	0	0
69.069	0.0288680	0	0
69.102	0.0235885	1	0
69.135	0.0181987	0	0
69.169	0.0146230	0	0
69.202	0.0126037	0	0
69.235	0.0105968	0	0
69.269	0.0093772	0	0
69.302	0.0082308	0	0
69.335	0.0074822	0	0
69.369	0.0070824	0	0
69.402	0.0071824	0	0
69.436	0.0071027	0	0
69.469	0.0072170	0	0
69.502	0.0073797	0	0
69.536	0.0076451	0	0
69.569	0.0078051	0	0
69.602	0.0080315	0	0
69.636	0.0079336	0	0
69.669	0.0078388	0	0
69.702	0.0077739	0	0
69.736	0.0076301	0	0
69.769	0.0077169	0	0
69.803	0.0077917	0	0
69.836	0.0079288	0	0
69.869	0.0080464	0	0
69.903	0.0083168	0	0
69.936	0.0083182	0	0
69.969	0.0085943	0	0
70.003	0.0083025	0	0
70.036	0.0082049	0	0
70.070	0.0079222	0	0
70.103	0.0079372	0	0
70.136	0.0078644	0	0
70.170	0.0082682	0	0
70.203	0.0081852	0	0
70.236	0.0082293	0	0
70.270	0.0079913	0	0
70.303	0.0078540	0	0
70.336	0.0074335	0	0
70.370	0.0073054	0	0
70.403	0.0070719	0	0
70.437	0.0072440	0	0
70.470	0.0071702	0	0
70.503	0.0072365	0	0
70.537	0.0075843	0	0
70.570	0.0078592	0	0
70.603	0.0076157	0	0
70.637	0.0078890	0	0
70.670	0.0080993	0	0
70.703	0.0082884	0	0
70.737	0.0106042	0	0
70.770	0.0135574	0	0
70.804	0.0160685	0	0
70.837	0.0185114	0	0
70.870	0.0208190	1	0
70.904	0.0204146	1	0
70.937	0.0180439	0	0
70.970	0.0156927	0	0
71.004	0.0134723	0	0
71.037	0.0107729	0	0
71.071	0.0087799	0	0
71.104	0.0082673	0	0
71.137	0.0079994	0	0
71.171	0.0076849	0	0
71.204	0.0077213	0	0
71.237	0.0076894	0	0
71.271	0.0077546	0	0
71.304	0.0076398	0	0
71.337	0.0075848	0	0
71.371	0.0074501	0	0
71.404	0.0074603	0	0
71.438	0.0075581	0	0
71.471	0.0076897	0	0
71.504	0.0121524	0	0
71.538	0.0183031	0	1
71.571	0.0234997	0	0
71.604	0.0259574	0	0
71.638	0.0276972	1	0
71.671	0.0243316	1	0
71.704	0.0188406	0	0
71.738	0.0143796	0	0
71.771	0.0125761	0	0
71.805	0.0113109	0	0
71.838	0.0105154	0	0
71.871	0.0100721	0	0
71.905	0.0096215	0	0
71.938	0.0092281	0	0
71.971	0.0088979	0	0
72.005	0.0087763	0	0
72.038	0.0088683	0	0
72.072	0.0083175	0	0
72.105	0.0075221	0	0
72.138	0.0073853	0	0
72.172	0.0074372	0	0
72.205	0.0067048	0	0
72.238	0.0071586	0	0
72.272	0.0079136	0	0
72.305	0.0096182	0	0
72.338	0.0139246	0	0
72.372	0.0195556	0	1
72.405	0.0230711	0	0
72.439	0.0251848	0	0
72.472	0.0247366	1	0
72.505	0.0213559	1	0
72.539	0.0170630	0	0
72.572	0.0141801	0	0
72.605	0.0125820	0	0
72.639	0.0117038	0	0
72.672	0.0111882	0	0
72.705	0.0113000	0	0
72.739	0.0109592	0	0
72.772	0.0107934	0	0
72.806	0.0108512	0	0
72.839	0.0105362	0	0
72.872	0.0100937	0	0
72.906	0.0101386	0	0
72.939	0.0098807	0	0
72.972	0.0094495	0	0
73.006	0.0091877	0	0
73.039	0.0092907	0	0
73.073	0.0130450	0	0
73.106	0.0191964	0	0
73.139	0.0258752	0	0
73.173	0.0308686	0	0
73.206	0.0331453	0	0
73.239	0.0306818	1	0
73.273	0.0248488	1	0
73.306	0.0182924	0	0
73.339	0.0135392	0	0
73.373	0.0109212	0	0
73.406	0.0094467	0	0
73.440	0.0087931	0	0
73.473	0.0090202	0	0
73.506	0.0087101	0	0
73.540	0.0083175	0	0
73.573	0.0081016	0	0
73.606	0.0079852	0	0
73.640	0.0073919	0	0
73.673	0.0073347	0	0
73.706	0.0072907	0	0
73.740	0.0072117	0	0
73.773	0.0071601	0	0
73.807	0.0069505	0	0
73.840	0.0066760	0	0
73.873	0.0067386	0	0
73.907	0.0062046	0	0
73.940	0.0060224	0	0
73.973	0.0062384	0	0
74.007	0.0064007	0	0
74.040	0.0064314	0	0
74.074	0.0067800	0	0
74.107	0.0067153	0	0
74.140	0.0064162	0	0
74.174	0.0061167	0	0
74.207	0.0059097	0	0
74.240	0.0058898	0	0
74.274	0.0055913	0	0
74.307	0.0055933	0	0
74.340	0.0058443	0	0
74.374	0.0058404	0	0
74.407	0.0056653	0	0
74.441	0.0059539	0	0
74.474	0.0061365	0	0
74.507	0.0059867	0	0
74.541	0.0061677	0	0
74.574	0.0061737	0	0
74.607	0.0060389	0	0
74.641	0.0057255	0	0
74.674	0.0058870	0	0
74.707	0.0056446	0	0
74.741	0.0056928	0	0
74.774	0.0056872	0	0
74.808	0.0060578	0	0
74.841	0.0101829	0	0
74.874	0.0158575	0	1
74.908	0.0206371	0	0
74.941	0.0238528	0	0
74.974	0.0260318	1	0
75.008	0.0235849	1	0
75.041	0.0192546	0	0
75.075	0.0152262	0	0
75.108	0.0126622	0	0
75.141	0.0112432	0	0
75.175	0.0102508	0	0
75.208	0.0095804	0	0
75.241	0.0091388	0	0
75.275	0.0089675	0	0
75.308	0.0083505	0	0
75.341	0.0081097	0	0
75.375	0.0082295	0	0
75.408	0.0082118	0	0
75.442	0.0084198	0	0
75.475	0.0084468	0	0
75.508	0.0081236	0	0
75.542	0.0079242	0	0
75.575	0.0080725	0	0
75.608	0.0077142	0	0
75.642	0.0075828	0	0
75.675	0.0082996	0	0
75.708	0.0087052	0	0
75.742	0.0090373	0	0
75.775	0.0097784	0	0
75.809	0.0106101	0	0
75.842	0.0098737	0	0
75.875	0.0090500	0	0
75.909	0.0084826	0	0
75.942	0.0077449	0	0
75.975	0.0070114	0	0
76.009	0.0069488	0	0
76.042	0.0071299	0	0
76.076	0.0072490	0	0
76.109	0.0075327	0	0
76.142	0.0070353	0	0
76.176	0.0074937	0	0
76.209	0.0126045	0	0
76.242	0.0186896	0	0
76.276	0.0231809	0	0
76.309	0.0268404	0	0
76.342	0.0279673	0	0
76.376	0.0233945	1	0
76.409	0.0182065	0	0
76.443	0.0140789	0	0
76.476	0.0109513	0	0
76.509	0.0098429	0	0
76.543	0.0095764	0	0
76.576	0.0088310	0	0
76.609	0.0081684	0	0
76.643	0.0079647	0	0
76.676	0.0074607	0	0
76.709	0.0070317	0	0
76.743	0.0069461	0	0
76.776	0.0067515	0	0
76.810	0.0065924	0	0
76.843	0.0066298	0	0
76.876	0.0065237	0	0
76.910	0.0062405	0	0
76.943	0.0064401	0	0
76.976	0.0065080	0	0
77.010	0.0062927	0	0
77.043	0.0063029	0	0
77.077	0.0061479	0	0
77.110	0.0057963	0	0
77.143	0.0056889	0	0
77.177	0.0057583	0	0
77.210	0.0057527	0	0
77.243	0.0059461	0	0
77.277	0.0061364	0	0
77.310	0.0061434	0	0
77.343	0.0061052	0	0
77.377	0.0060845	0	0
77.410	0.0077455	0	0
77.444	0.0143741	0	1
77.477	0.0203962	0	0
77.510	0.0244480	0	0
77.544	0.0269682	0	0
77.577	0.0266078	1	0
77.610	0.0209453	1	0
77.644	0.0157732	0	0
77.677	0.0127408	0	0
77.710	0.0110279	0	0
77.744	0.0102792	0	0
77.777	0.0098200	0	0
77.811	0.0092913	0	0
77.844	0.0087345	0	0
77.877	0.0080415	0	0
77.911	0.0075843	0	0
77.944	0.0074050	0	0
77.977	0.0072905	0	0
78.011	0.0069498	0	0
78.044	0.0070275	0	0
78.078	0.0070576	0	0
78.111	0.0074487	0	0
78.144	0.0075849	0	0
78.178	0.0078221	0	0
78.211	0.0077539	0	0
78.244	0.0076454	0	0
78.278	0.0072002	0	0
78.311	0.0071699	0	0
78.344	0.0070222	0	0
78.378	0.0070394	0	0
78.411	0.0070546	0	0
78.445	0.0068461	0	0
78.478	0.0065888	0	0
78.511	0.0063725	0	0
78.545	0.0063133	0	0
78.578	0.0061585	0	0
78.611	0.0059690	0	0
78.645	0.0059075	0	0
78.678	0.0057559	0	0
78.711	0.0061408	0	0
78.745	0.0066562	0	0
78.778	0.0072247	0	0
78.812	0.0072055	0	0
78.845	0.0073420	0	0
78.878	0.0091860	0	0
78.912	0.0137195	0	0
78.945	0.0201198	0	0
78.978	0.0292258	0	0
79.012	0.0396191	0	0
79.045	0.0479128	0	0
79.079	0.0534331	0	0
79.112	0.0569098	0	0
79.145	0.0571510	0	0
79.179	0.0535506	0	0
79.212	0.0474361	0	0
79.245	0.0398229	1	0
79.279	0.0311819	1	0
79.312	0.0228896	1	0
79.345	0.0174651	0	0
79.379	0.0141524	0	0
79.412	0.0121990	0	0
79.446	0.0112244	0	0
79.479	0.0109763	0	0
79.512	0.0108082	0	0
79.546	0.0104137	0	0
79.579	0.0102203	0	0
79.612	0.0104515	0	0
79.646	0.0103323	0	0
79.679	0.0101220	0	0
79.712	0.0100663	0	0
79.746	0.0102414	0	0
79.779	0.0102382	0	0
79.813	0.0106249	0	0
79.846	0.0106737	0	0
79.879	0.0107797	0	0
79.913	0.0108746	0	0
79.946	0.0107225	0	0
79.979	0.0107298	0	0
80.013	0.0105240	0	0
80.046	0.0106822	0	0
80.080	0.0104064	0	0
80.113	0.0105069	0	0
80.146	0.0105266	0	0
80.180	0.0106820	0	0
80.213	0.0107764	0	0
80.246	0.0106271	0	0
80.280	0.0105797	0	0
80.313	0.0104678	0	0
80.346	0.0098974	0	0
80.380	0.0089453	0	0
80.413	0.0089004	0	0
80.447	0.0143273	0	0
80.480	0.0224639	0	0
80.513	0.0308147	0	0
80.547	0.0380453	0	0
80.580	0.0428710	1	0
80.613	0.0403398	1	0
80.647	0.0338401	1	0
80.680	0.0270808	1	0
80.713	0.0212443	1	0
80.747	0.0174621	0	0
80.780	0.0146594	0	0
80.814	0.0134029	0	0
80.847	0.0124168	0	0
80.880	0.0121747	0	0
80.914	0.0117229	0	0
80.947	0.0143193	0	0
80.980	0.0202359	1	0
81.014	0.0262636	1	0
81.047	0.0316161	1	0
81.081	0.0366834	1	0
81.114	0.0392499	1	0
81.147	0.0382055	1	0
81.181	0.0375687	1	0
81.214	0.0372505	1	0
81.247	0.0374072	1	0
81.281	0.0380155	1	0
81.314	0.0391058	1	0
81.347	0.0394079	1	0
81.381	0.0403911	0	0
81.414	0.0404843	0	0
81.448	0.0381152	0	0
81.481	0.0333296	0	0
81.514	0.0287082	0	0
81.548	0.0227369	1	0
81.581	0.0172040	0	0
81.614	0.0142101	0	0
81.648	0.0131408	0	0
81.681	0.0123921	0	0
81.714	0.0119480	0	0
81.748	0.0118642	0	0
81.781	0.0113192	0	0
81.815	0.0106700	0	0
81.848	0.0103657	0	0
81.881	0.0104195	0	0
81.915	0.0103888	0	0
81.948	0.0105256	0	0
81.981	0.0107502	0	0
82.015	0.0107273	0	0
82.048	0.0103696	0	0
82.082	0.0100516	0	0
82.115	0.0095218	0	0
82.148	0.0091812	0	0
82.182	0.0087818	0	0
82.215	0.0086469	0	0
82.248	0.0084036	0	0
82.282	0.0084878	0	0
82.315	0.0081789	0	0
82.348	0.0080707	0	0
82.382	0.0079040	0	0
82.415	0.0079331	0	0
82.449	0.0079393	0	0
82.482	0.0081603	0	0
82.515	0.0082686	0	0
82.549	0.0087704	0	0
82.582	0.0089357	0	0
82.615	0.0088967	0	0
82.649	0.0087224	0	0
82.682	0.0085724	0	0
82.715	0.0076675	0	0
82.749	0.0072528	0	0
82.782	0.0073485	0	0
82.816	0.0129187	0	0
82.849	0.0197088	0	1
82.882	0.0259641	0	0
82.916	0.0299486	0	0
82.949	0.0320114	0	0
82.982	0.0275229	1	0
83.016	0.0213104	1	0
83.049	0.0162364	0	0
83.083	0.0130593	0	0
83.116	0.0111247	0	0
83.149	0.0104417	0	0
83.183	0.0097504	0	0
83.216	0.0091895	0	0
83.249	0.0089378	0	0
83.283	0.0088412	0	0
83.316	0.0085586	0	0
83.349	0.0088464	0	0
83.383	0.0085424	0	0
83.416	0.0082414	0	0
83.450	0.0081225	0	0
83.483	0.0077902	0	0
83.516	0.0076550	0	0
83.550	0.0079119	0	0
83.583	0.0076078	0	0
83.616	0.0074895	0	0
83.650	0.0082128	0	0
83.683	0.0127523	0	0
83.716	0.0190389	0	1
83.750	0.0268245	0	0
83.783	0.0333034	0	0
83.817	0.0375559	0	0
83.850	0.0362200	0	0
83.883	0.0318572	0	0
83.917	0.0256498	1	0
83.950	0.0200019	1	0
83.983	0.0157965	0	0
84.017	0.0130009	0	0
84.050	0.0112372	0	0
84.084	0.0101615	0	0
84.117	0.0097102	0	0
84.150	0.0094388	0	0
84.184	0.0094572	0	0
84.217	0.0097451	0	0
84.250	0.0100022	0	0
84.284	0.0100136	0	0
84.317	0.0098155	0	0
84.350	0.0094202	0	0
84.384	0.0090092	0	0
84.417	0.0088310	0	0
84.451	0.0085763	0	0
84.484	0.0086771	0	0
84.517	0.0087811	0	0
84.551	0.0086262	0	0
84.584	0.0085767	0	0
84.617	0.0083928	0	0
84.651	0.0083571	0	0
84.684	0.0081358	0	0
84.717	0.0081799	0	0
84.751	0.0078252	0	0
84.784	0.0078415	0	0
84.818	0.0074593	0	0
84.851	0.0072924	0	0
84.884	0.0069393	0	0
84.918	0.0068239	0	0
84.951	0.0064947	0	0
84.984	0.0065418	0	0
85.018	0.0064190	0	0
85.051	0.0069623	0	0
85.085	0.0071560	0	0
85.118	0.0076036	0	0
85.151	0.0075298	0	0
85.185	0.0077851	0	0
85.218	0.0073760	0	0
85.251	0.0071894	0	0
85.285	0.0069780	0	0
85.318	0.0071662	0	0
85.351	0.0070800	0	0
85.385	0.0071750	0	0
85.418	0.0071389	0	0
85.452	0.0070509	0	0
85.485	0.0068166	0	0
85.518	0.0065397	0	0
85.552	0.0060782	0	0
85.585	0.0057784	0	0
85.618	0.0055890	0	0
85.652	0.0053564	0	0
85.685	0.0051586	0	0
85.718	0.0051424	0	0
85.752	0.0050575	0	0
85.785	0.0050233	0	0
85.819	0.0050824	0	0
85.852	0.0052642	0	0
85.885	0.0054377	0	0
85.919	0.0055812	0	0
85.952	0.0055394	0	0
85.985	0.0055632	0	0
86.019	0.0057085	0	0
86.052	0.0056794	0	0
86.086	0.0060194	0	0
86.119	0.0063056	0	0
86.152	0.0065721	0	0
86.186	0.0065712	0	0
86.219	0.0065631	0	0
86.252	0.0063522	0	0
86.286	0.0063393	0	0
86.319	0.0061462	0	0
86.352	0.0061381	0	0
86.386	0.0063583	0	0
86.419	0.0063631	0	0
86.453	0.0063735	0	0
86.486	0.0065348	0	0
86.519	0.0064984	0	0
86.553	0.0063458	0	0
86.586	0.0065020	0	0
86.619	0.0063884	0	0
86.653	0.0062576	0	0
86.686	0.0062239	0	0
86.719	0.0062897	0	0
86.753	0.0061831	0	0
86.786	0.0060900	0	0
86.820	0.0059155	0	0
86.853	0.0057036	0	0
86.886	0.0054695	0	0
86.920	0.0054052	0	0
86.953	0.0057426	0	0
86.986	0.0059668	0	0
87.020	0.0062443	0	0
87.053	0.0065127	0	0
87.087	0.0065342	0	0
87.120	0.0061531	0	0
87.153	0.0061904	0	0
87.187	0.0061585	0	0
87.220	0.0060964	0	0
87.253	0.0062145	0	0
87.287	0.0064119	0	0
87.320	0.0063701	0	0
87.353	0.0064704	0	0
87.387	0.0064825	0	0
87.420	0.0063818	0	0
87.454	0.0065296	0	0
87.487	0.0064190	0	0
87.520	0.0064873	0	0
87.554	0.0068981	0	0
87.587	0.0075205	0	0
87.620	0.0090417	0	0
87.654	0.0149895	0	0
87.687	0.0215052	0	0
87.720	0.0288273	0	0
87.754	0.0369227	0	0
87.787	0.0426379	0	0
87.821	0.0422964	0	0
87.854	0.0391142	0	0
87.887	0.0334508	1	0
87.921	0.0258730	1	0
87.954	0.0194083	0	0
87.987	0.0146584	0	0
88.021	0.0117313	0	0
88.054	0.0104762	0	0
88.088	0.0101129	0	0
88.121	0.0098138	0	0
88.154	0.0095491	0	0
88.188	0.0095036	0	0
88.221	0.0090747	0	0
88.254	0.0086934	0	0
88.288	0.0085816	0	0
88.321	0.0085146	0	0
88.354	0.0083233	0	0
88.388	0.0082612	0	0
88.421	0.0082093	0	0
88.455	0.0080124	0	0
88.488	0.0077567	0	0
88.521	0.0078818	0	0
88.555	0.0077924	0	0
88.588	0.0078357	0	0
88.621	0.0075845	0	0
88.655	0.0075212	0	0
88.688	0.0070493	0	0
88.721	0.0068997	0	0
88.755	0.0065092	0	0
88.788	0.0066932	0	0
88.822	0.0064983	0	0
88.855	0.0066052	0	0
88.888	0.0063721	0	0
88.922	0.0063351	0	0
88.955	0.0059215	0	0
88.988	0.0059166	0	0
89.022	0.0058003	0	0
89.055	0.0059956	0	0
89.089	0.0061086	0	0
89.122	0.0062208	0	0
89.155	0.0062757	0	0
89.189	0.0063007	0	0
89.222	0.0063158	0	0
89.255	0.0062886	0	0
89.289	0.0062019	0	0
89.322	0.0059862	0	0
89.355	0.0059603	0	0
89.389	0.0058554	0	0
89.422	0.0058265	0	0
89.456	0.0059085	0	0
89.489	0.0060673	0	0
89.522	0.0059209	0	0
89.556	0.0062052	0	0
89.589	0.0062596	0	0
89.622	0.0059684	0	0
89.656	0.0059149	0	0
89.689	0.0058134	0	0
89.722	0.0053151	0	0
89.756	0.0051379	0	0
89.789	0.0053338	0	0
89.823	0.0051302	0	0
89.856	0.0051557	0	0
89.889	0.0053356	0	0
89.923	0.0053005	0	0
89.956	0.0051410	0	0
89.989	0.0054801	0	0
90.023	0.0054345	0	0
90.056	0.0054306	0	0
90.090	0.0055127	0	0
90.123	0.0057590	0	0
90.156	0.0057672	0	0
90.190	0.0059346	0	0
90.223	0.0060381	0	0
90.256	0.0058479	0	0
90.290	0.0058132	0	0
90.323	0.0054531	0	0
90.356	0.0054356	0	0
90.390	0.0052337	0	0
90.423	0.0052795	0	0
90.457	0.0051953	0	0
90.490	0.0054075	0	0
90.523	0.0054189	0	0
90.557	0.0055847	0	0
90.590	0.0058772	0	0
90.623	0.0060608	0	0
90.657	0.0064295	0	0
90.690	0.0109148	0	0
90.723	0.0176827	0	0
90.757	0.0231868	0	0
90.790	0.0266146	0	0
90.824	0.0285633	0	0
90.857	0.0257998	1	0
90.890	0.0200873	1	0
90.924	0.0155012	0	0
90.957	0.0128111	0	0
90.990	0.0111093	0	0
91.024	0.0103178	0	0
91.057	0.0097298	0	0
91.091	0.0095192	0	0
91.124	0.0093337	0	0
91.157	0.0093844	0	0
91.191	0.0091292	0	0
91.224	0.0091939	0	0
91.257	0.0090412	0	0
91.291	0.0090990	0	0
91.324	0.0091413	0	0
91.357	0.0092443	0	0
91.391	0.0093944	0	0
91.424	0.0092018	0	0
91.458	0.0090072	0	0
91.491	0.0087769	0	0
91.524	0.0082459	0	0
91.558	0.0079890	0	0
91.591	0.0076817	0	0
91.624	0.0073729	0	0
91.658	0.0072490	0	0
91.691	0.0074224	0	0
91.724	0.0072681	0	0
91.758	0.0072909	0	0
91.791	0.0071826	0	0
91.825	0.0071198	0	0
91.858	0.0070790	0	0
91.891	0.0068700	0	0
91.925	0.0067219	0	0
91.958	0.0067663	0	0
91.991	0.0067940	0	0
92.025	0.0066733	0	0
92.058	0.0069827	0	0
92.092	0.0074158	0	0
92.125	0.0075919	0	0
92.158	0.0076395	0	0
92.192	0.0077378	0	0
92.225	0.0075106	0	0
92.258	0.0074719	0	0
92.292	0.0073862	0	0
92.325	0.0072742	0	0
92.358	0.0071726	0	0
92.392	0.0072074	0	0
92.425	0.0072335	0	0
92.459	0.0073115	0	0
92.492	0.0072233	0	0
92.525	0.0073687	0	0
92.559	0.0074934	0	0
92.592	0.0088657	0	0
92.625	0.0143732	0	0
92.659	0.0210009	0	0
92.692	0.0260101	0	0
92.725	0.0291462	0	0
92.759	0.0295219	0	0
92.792	0.0250735	1	0
92.826	0.0194979	0	0
92.859	0.0148366	0	0
92.892	0.0118566	0	0
92.926	0.0100370	0	0
92.959	0.0089701	0	0
92.992	0.0080486	0	0
93.026	0.0074849	0	0
93.059	0.0071345	0	0
93.093	0.0068361	0	0
93.126	0.0068062	0	0
93.159	0.0065564	0	0
93.193	0.0062456	0	0
93.226	0.0058569	0	0
93.259	0.0057854	0	0
93.293	0.0053724	0	0
93.326	0.0054514	0	0
93.359	0.0057875	0	0
93.393	0.0059296	0	0
93.426	0.0058868	0	0
93.460	0.0059904	0	0
93.493	0.0059322	0	0
93.526	0.0057117	0	0
93.560	0.0056904	0	0
93.593	0.0056304	0	0
93.626	0.0054508	0	0
93.660	0.0058804	0	0
93.693	0.0059564	0	0
93.726	0.0058921	0	0
93.760	0.0066075	0	0
93.793	0.0074068	0	0
93.827	0.0068994	0	0
93.860	0.0073719	0	0
93.893	0.0079414	0	0
93.927	0.0073967	0	0
93.960	0.0066877	0	0
93.993	0.0067656	0	0
94.027	0.0066713	0	0
94.060	0.0065383	0	0
94.094	0.0066259	0	0
94.127	0.0069026	0	0
94.160	0.0070377	0	0
94.194	0.0069444	0	0
94.227	0.0068459	0	0
94.260	0.0070815	0	0
94.294	0.0073645	0	0
94.327	0.0077244	0	0
94.360	0.0074908	0	0
94.394	0.0073274	0	0
94.427	0.0069163	0	0
94.461	0.0069856	0	0
94.494	0.0123382	0	0
94.527	0.0198189	0	0
94.561	0.0264595	0	0
94.594	0.0313537	0	0
94.627	0.0339525	0	0
94.661	0.0299766	1	0
94.694	0.0237280	1	0
94.727	0.0180888	0	0
94.761	0.0141445	0	0
94.794	0.0120573	0	0
94.828	0.0111163	0	0
94.861	0.0107742	0	0
94.894	0.0102250	0	0
94.928	0.0094859	0	0
94.961	0.0089804	0	0
94.994	0.0082574	0	0
95.028	0.0076074	0	0
95.061	0.0072553	0	0
95.095	0.0075111	0	0
95.128	0.0074583	0	0
95.161	0.0076541	0	0
95.195	0.0080072	0	0
95.228	0.0084844	0	0
95.261	0.0085695	0	0
95.295	0.0083519	0	0
95.328	0.0081138	0	0
95.361	0.0079615	0	0
95.395	0.0076168	0	0
95.428	0.0073710	0	0
95.462	0.0073791	0	0
95.495	0.0074362	0	0
95.528	0.0072300	0	0
95.562	0.0072907	0	0
95.595	0.0073647	0	0
95.628	0.0074850	0	0
95.662	0.0073745	0	0
95.695	0.0070850	0	0
95.728	0.0072683	0	0
95.762	0.0073931	0	0
95.795	0.0075026	0	0
95.829	0.0079197	0	0
95.862	0.0082614	0	0
95.895	0.0081932	0	0
95.929	0.0081636	0	0
95.962	0.0081995	0	0
95.995	0.0081466	0	0
96.029	0.0081750	0	0
96.062	0.0079869	0	0
96.096	0.0075892	0	0
96.129	0.0073642	0	0
96.162	0.0071598	0	0
96.196	0.0068279	0	0
96.229	0.0066840	0	0
96.262	0.0069265	0	0
96.296	0.0067999	0	0
96.329	0.0067991	0	0
96.362	0.0069117	0	0
96.396	0.0071511	0	0
96.429	0.0070214	0	0
96.463	0.0071361	0	0
96.496	0.0071792	0	0
96.529	0.0073342	0	0
96.563	0.0073857	0	0
96.596	0.0074829	0	0
96.629	0.0074557	0	0
96.663	0.0075222	0	0
96.696	0.0075198	0	0
96.729	0.0073387	0	0
96.763	0.0072731	0	0
96.796	0.0072052	0	0
96.830	0.0070804	0	0
96.863	0.0069975	0	0
96.896	0.0069865	0	0
96.930	0.0071668	0	0
96.963	0.0070198	0	0
96.996	0.0071079	0	0
97.030	0.0069113	0	0
97.063	0.0067438	0	0
97.097	0.0063556	0	0
97.130	0.0064604	0	0
97.163	0.0059649	0	0
97.197	0.0059987	0	0
97.230	0.0061396	0	0
97.263	0.0063582	0	0
97.297	0.0063000	0	0
97.330	0.0067162	0	0
97.363	0.0066157	0	0
97.397	0.0067312	0	0
97.430	0.0065754	0	0
97.464	0.0065708	0	0
97.497	0.0064164	0	0
97.530	0.0068030	0	0
97.564	0.0066866	0	0
97.597	0.0065758	0	0
97.630	0.0066791	0	0
97.664	0.0066665	0	0
97.697	0.0063720	0	0
97.730	0.0062045	0	0
97.764	0.0065549	0	0
97.797	0.0064644	0	0
97.831	0.0065934	0	0
97.864	0.0068388	0	0
97.897	0.0071752	0	0
97.931	0.0070442	0	0
97.964	0.0070881	0	0
97.997	0.0070641	0	0
98.031	0.0067826	0	0
98.064	0.0066155	0	0
98.098	0.0065535	0	0
98.131	0.0066095	0	0
98.164	0.0065445	0	0
98.198	0.0065173	0	0
98.231	0.0063881	0	0
98.264	0.0064038	0	0
98.298	0.0062624	0	0
98.331	0.0061119	0	0
98.364	0.0062936	0	0
98.398	0.0063379	0	0
98.431	0.0064345	0	0
98.465	0.0065843	0	0
98.498	0.0068006	0	0
98.531	0.0068442	0	0
98.565	0.0070557	0	0
98.598	0.0070484	0	0
98.631	0.0069972	0	0
98.665	0.0068255	0	0
98.698	0.0066774	0	0
98.731	0.0064158	0	0
98.765	0.0062912	0	0
98.798	0.0063222	0	0
98.832	0.0062696	0	0
98.865	0.0063682	0	0
98.898	0.0063845	0	0
98.932	0.0063390	0	0
98.965	0.0062834	0	0
98.998	0.0063881	0	0
99.032	0.0062483	0	0
99.065	0.0063919	0	0
99.099	0.0064383	0	0
99.132	0.0063950	0	0
99.165	0.0066190	0	0
99.199	0.0067416	0	0
99.232	0.0066763	0	0
99.265	0.0067619	0	0
99.299	0.0069159	0	0
99.332	0.0067569	0	0
99.365	0.0066616	0	0
99.399	0.0065249	0	0
99.432	0.0064614	0	0
99.466	0.0063038	0	0
99.499	0.0062524	0	0
99.532	0.0063063	0	0
99.566	0.0064359	0	0
99.599	0.0064101	0	0
99.632	0.0061078	0	0
99.666	0.0059406	0	0
99.699	0.0059451	0	0
99.732	0.0057759	0	0
99.766	0.0057705	0	0
99.799	0.0060920	0	0
99.833	0.0062664	0	0
99.866	0.0061270	0	0
99.899	0.0062908	0	0
99.933	0.0060304	0	0
99.966	0.0059055	0	0
99.999	0.0057977	0	0
100.033	0.0058936	0	0
100.066	0.0057005	0	0
100.100	0.0059473	0	0
100.133	0.0059503	0	0
100.166	0.0060918	0	0
100.200	0.0062701	0	0
100.233	0.0062679	0	0
100.266	0.0062102	0	0
100.300	0.0063064	0	0
100.333	0.0062007	0	0
100.366	0.0060819	0	0
100.400	0.0061874	0	0
100.433	0.0062138	0	0
100.467	0.0062592	0	0
100.500	0.0062847	0	0
100.533	0.0060907	0	0
100.567	0.0061577	0	0
100.600	0.0061265	0	0
100.633	0.0059146	0	0
100.667	0.0058003	0	0
100.700	0.0058329	0	0
100.733	0.0067726	0	0
100.767	0.0101437	0	0
100.800	0.0157159	0	0
100.834	0.0225343	0	0
100.867	0.0304207	0	0
100.900	0.0387907	0	0
100.934	0.0453335	0	0
100.967	0.0476939	0	0
101.000	0.0461160	0	0
101.034	0.0423768	0	0
101.067	0.0354464	1	0
101.101	0.0271605	1	0
101.134	0.0209772	1	0
101.167	0.0172117	0	0
101.201	0.0145185	0	0
101.234	0.0134104	0	0
101.267	0.0128966	0	0
101.301	0.0125289	0	0
101.334	0.0122319	0	0
101.367	0.0119692	0	0
101.401	0.0117688	0	0
101.434	0.0114059	0	0
101.468	0.0109853	0	0
101.501	0.0107426	0	0
101.534	0.0103569	0	0
101.568	0.0102935	0	0
101.601	0.0105883	0	0
101.634	0.0105541	0	0
101.668	0.0106193	0	0
101.701	0.0107848	0	0
101.734	0.0100232	0	0
101.768	0.0092483	0	0
101.801	0.0085189	0	0
101.835	0.0075814	0	0
101.868	0.0068004	0	0
101.901	0.0068218	0	0
101.935	0.0077687	0	0
101.968	0.0088098	0	0
102.001	0.0102946	0	0
102.035	0.0114878	0	0
102.068	0.0124661	0	0
102.102	0.0126217	0	0
102.135	0.0126568	0	0
102.168	0.0124111	0	0
102.202	0.0125056	0	0
102.235	0.0124149	0	0
102.268	0.0121969	0	0
102.302	0.0124670	0	0
102.335	0.0125300	0	0
102.368	0.0123168	0	0
102.402	0.0123502	0	0
102.435	0.0123871	0	0
102.469	0.0131891	0	0
102.502	0.0142958	0	0
102.535	0.0154841	0	0
102.569	0.0168249	0	0
102.602	0.0183259	0	0
102.635	0.0183273	0	0
102.669	0.0184033	0	0
102.702	0.0185030	0	0
102.735	0.0182503	0	0
102.769	0.0178908	0	0
102.802	0.0181274	0	0
102.836	0.0180709	0	0
102.869	0.0162044	0	0
102.902	0.0140936	0	0
102.936	0.0119626	0	0
102.969	0.0096422	0	0
103.002	0.0072607	0	0
103.036	0.0065825	0	0
103.069	0.0064244	0	0
103.103	0.0063794	0	0
103.136	0.0061700	0	0
103.169	0.0061339	0	0
103.203	0.0062065	0	0
103.236	0.0061991	0	0
103.269	0.0060525	0	0
103.303	0.0061490	0	0
103.336	0.0074176	0	0
103.369	0.0088908	0	0
103.403	0.0102590	0	0
103.436	0.0114626	0	0
103.470	0.0128359	0	0
103.503	0.0128759	0	0
103.536	0.0127028	0	0
103.570	0.0126269	0	0
103.603	0.0129705	0	0
103.636	0.0126672	0	0
103.670	0.0127305	0	0
103.703	0.0127726	0	0
103.736	0.0126779	0	0
103.770	0.0125852	0	0
103.803	0.0129338	0	0
103.837	0.0130828	0	0
103.870	0.0132317	0	0
103.903	0.0135700	0	0
103.937	0.0134465	0	0
103.970	0.0135171	0	0
104.003	0.0133671	0	0
104.037	0.0133248	0	0
104.070	0.0131808	0	0
104.104	0.0134384	0	0
104.137	0.0133969	0	0
104.170	0.0134561	0	0
104.204	0.0134130	0	0
104.237	0.0133858	0	0
104.270	0.0126201	0	0
104.304	0.0112075	0	0
104.337	0.0098594	0	0
104.370	0.0081271	0	0
104.404	0.0064930	0	0
104.437	0.0054445	0	0
104.471	0.0053646	0	0
104.504	0.0052719	0	0
104.537	0.0053643	0	0
104.571	0.0054801	0	0
104.604	0.0054637	0	0
104.637	0.0052642	0	0
104.671	0.0051281	0	0
104.704	0.0052668	0	0
104.737	0.0050756	0	0
104.771	0.0052095	0	0
104.804	0.0057001	0	0
104.838	0.0060820	0	0
104.871	0.0063087	0	0
104.904	0.0068800	0	0
104.938	0.0072272	0	0
104.971	0.0072264	0	0
105.004	0.0072669	0	0
105.038	0.0071546	0	0
105.071	0.0070505	0	0
105.105	0.0070819	0	0
105.138	0.0068109	0	0
105.171	0.0066563	0	0
105.205	0.0067185	0	0
105.238	0.0064255	0	0
105.271	0.0062384	0	0
105.305	0.0065188	0	0
105.338	0.0064579	0	0
105.371	0.0065431	0	0
105.405	0.0068319	0	0
105.438	0.0069311	0	0
105.472	0.0067004	0	0
105.505	0.0066306	0	0
105.538	0.0065558	0	0
105.572	0.0066640	0	0
105.605	0.0068920	0	0
105.638	0.0069522	0	0
105.672	0.0071217	0	0
105.705	0.0072252	0	0
105.738	0.0071136	0	0
105.772	0.0070216	0	0
105.805	0.0069560	0	0
105.839	0.0069500	0	0
105.872	0.0070645	0	0
105.905	0.0071100	0	0
105.939	0.0071078	0	0
105.972	0.0071004	0	0
106.005	0.0070901	0	0
106.039	0.0067436	0	0
106.072	0.0065542	0	0
106.106	0.0062926	0	0
106.139	0.0062080	0	0
106.172	0.0061598	0	0
106.206	0.0063398	0	0
106.239	0.0063994	0	0
106.272	0.0064761	0	0
106.306	0.0066845	0	0
106.339	0.0066592	0	0
106.372	0.0064339	0	0
106.406	0.0063026	0	0
106.439	0.0062306	0	0
106.473	0.0062465	0	0
106.506	0.0063481	0	0
106.539	0.0064473	0	0
106.573	0.0065624	0	0
106.606	0.0066233	0	0
106.639	0.0062055	0	0
106.673	0.0061583	0	0
106.706	0.0069798	0	0
106.739	0.0121462	0	0
106.773	0.0201029	0	0
106.806	0.0284912	0	0
106.840	0.0341635	0	0
106.873	0.0371162	0	0
106.906	0.0342297	0	0
106.940	0.0276925	1	0
106.973	0.0205939	1	0
107.006	0.0157443	0	0
107.040	0.0127855	0	0
107.073	0.0107905	0	0
107.107	0.0104092	0	0
107.140	0.0101231	0	0
107.173	0.0099567	0	0
107.207	0.0099079	0	0
107.240	0.0102276	0	0
107.273	0.0099809	0	0
107.307	0.0100415	0	0
107.340	0.0099623	0	0
107.373	0.0100972	0	0
107.407	0.0104161	0	0
107.440	0.0102683	0	0
107.474	0.0101463	0	0
107.507	0.0099703	0	0
107.540	0.0093417	0	0
107.574	0.0086177	0	0
107.607	0.0084350	0	0
107.640	0.0083520	0	0
107.674	0.0085570	0	0
107.707	0.0100663	0	0
107.740	0.0106984	0	0
107.774	0.0110994	0	0
107.807	0.0113683	0	0
107.841	0.0114602	0	0
107.874	0.0113107	0	0
107.907	0.0114153	0	0
107.941	0.0112893	0	0
107.974	0.0112191	0	0
108.007	0.0112700	0	0
108.041	0.0104140	0	0
108.074	0.0100427	0	0
108.108	0.0100214	0	0
108.141	0.0108273	0	0
108.174	0.0108495	0	0
108.208	0.0109312	0	0
108.241	0.0119128	0	0
108.274	0.0132269	0	0
108.308	0.0154983	0	0
108.341	0.0204052	0	0
108.374	0.0260303	0	0
108.408	0.0314981	0	0
108.441	0.0372999	0	0
108.475	0.0424019	0	0
108.508	0.0471568	0	0
108.541	0.0523034	0	0
108.575	0.0570919	0	0
108.608	0.0600584	0	0
108.641	0.0622122	0	0
108.675	0.0618230	0	0
108.708	0.0580523	0	0
108.741	0.0520547	0	0
108.775	0.0457271	0	0
108.808	0.0382724	1	0
108.842	0.0314379	1	0
108.875	0.0268632	1	0
108.908	0.0231915	1	0
108.942	0.0200009	1	0
108.975	0.0177319	0	0
109.008	0.0157517	0	0
109.042	0.0134480	0	0
109.075	0.0123360	0	0
109.109	0.0123585	0	0
109.142	0.0121940	0	0
109.175	0.0122593	0	0
109.209	0.0125746	0	0
109.242	0.0128798	0	0
109.275	0.0128680	0	0
109.309	0.0129909	0	0
109.342	0.0127930	0	0
109.375	0.0125350	0	0
109.409	0.0121204	0	0
109.442	0.0117442	0	0
109.476	0.0111837	0	0
109.509	0.0107269	0	0
109.542	0.0103183	0	0
109.576	0.0102587	0	0
109.609	0.0102515	0	0
109.642	0.0101838	0	0
109.676	0.0104544	0	0
109.709	0.0101481	0	0
109.742	0.0095340	0	0
109.776	0.0089520	0	0
109.809	0.0086274	0	0
109.843	0.0081393	0	0
109.876	0.0083417	0	0
109.909	0.0085911	0	0
109.943	0.0084789	0	0
109.976	0.0084068	0	0
110.009	0.0084128	0	0
110.043	0.0082265	0	0
110.076	0.0082776	0	0
110.110	0.0125361	0	0
110.143	0.0186057	0	0
110.176	0.0239644	0	0
110.210	0.0277095	0	0
110.243	0.0300753	0	0
110.276	0.0275357	1	0
110.310	0.0226457	1	0
110.343	0.0182061	0	0
110.376	0.0149941	0	0
110.410	0.0125817	0	0
110.443	0.0113559	0	0
110.477	0.0106259	0	0
110.510	0.0098174	0	0
110.543	0.0096280	0	0
110.577	0.0097055	0	0
110.610	0.0095795	0	0
110.643	0.0093523	0	0
110.677	0.0097129	0	0
110.710	0.0097159	0	0
110.743	0.0105212	0	0
110.777	0.0113368	0	0
110.810	0.0118563	0	0
110.844	0.0139460	0	0
110.877	0.0201752	0	0
110.910	0.0247752	0	0
110.944	0.0272134	0	0
110.977	0.0285938	0	0
111.010	0.0271848	1	0
111.044	0.0214614	1	0
111.077	0.0166627	0	0
111.111	0.0136456	0	0
111.144	0.0119774	0	0
111.177	0.0111071	0	0
111.211	0.0107525	0	0
111.244	0.0102372	0	0
111.277	0.0099430	0	0
111.311	0.0134779	0	0
111.344	0.0182047	0	0
111.377	0.0229779	1	0
111.411	0.0280500	1	0
111.444	0.0332150	1	0
111.478	0.0339946	1	0
111.511	0.0299015	1	0
111.544	0.0246566	1	0
111.578	0.0191987	0	0
111.611	0.0139807	0	0
111.644	0.0093417	0	0
111.678	0.0084224	0	0
111.711	0.0084066	0	0
111.744	0.0083741	0	0
111.778	0.0079012	0	0
111.811	0.0075959	0	0
111.845	0.0072057	0	0
111.878	0.0072028	0	0
111.911	0.0072838	0	0
111.945	0.0076122	0	0
111.978	0.0076850	0	0
112.011	0.0080605	0	0
112.045	0.0080067	0	0
112.078	0.0080168	0	0
112.112	0.0078769	0	0
112.145	0.0078721	0	0
112.178	0.0078165	0	0
112.212	0.0081234	0	0
112.245	0.0079493	0	0
112.278	0.0077925	0	0
112.312	0.0078161	0	0
112.345	0.0073953	0	0
112.378	0.0068706	0	0
112.412	0.0066684	0	0
112.445	0.0065076	0	0
112.479	0.0063557	0	0
112.512	0.0085483	0	0
112.545	0.0144126	0	0
112.579	0.0191728	0	0
112.612	0.0230034	0	0
112.645	0.0252250	0	0
112.679	0.0245355	0	0
112.712	0.0195702	0	0
112.745	0.0154204	0	0
112.779	0.0122342	0	0
112.812	0.0107367	0	0
112.846	0.0099717	0	0
112.879	0.0094393	0	0
112.912	0.0093359	0	0
112.946	0.0090091	0	0
112.979	0.0084454	0	0
113.012	0.0079303	0	0
113.046	0.0078179	0	0
113.079	0.0078410	0	0
113.113	0.0080617	0	0
113.146	0.0087451	0	0
113.179	0.0088803	0	0
113.213	0.0090219	0	0
113.246	0.0090997	0	0
113.279	0.0092392	0	0
113.313	0.0086366	0	0
113.346	0.0087439	0	0
113.379	0.0090051	0	0
113.413	0.0091890	0	0
113.446	0.0089887	0	0
113.480	0.0091871	0	0
113.513	0.0090229	0	0
113.546	0.0088800	0	0
113.580	0.0086243	0	0
113.613	0.0087100	0	0
113.646	0.0088097	0	0
113.680	0.0091659	0	0
113.713	0.0094546	0	0
113.746	0.0100219	0	0
113.780	0.0102439	0	0
113.813	0.0103350	0	0
113.847	0.0102996	0	0
113.880	0.0101555	0	0
113.913	0.0099406	0	0
113.947	0.0120140	0	0
113.980	0.0136682	0	0
114.013	0.0153266	0	0
114.047	0.0166516	0	0
114.080	0.0178844	0	0
114.114	0.0170875	0	0
114.147	0.0167963	0	0
114.180	0.0166904	0	0
114.214	0.0166817	0	0
114.247	0.0167290	0	0
114.280	0.0171304	0	0
114.314	0.0173617	0	0
114.347	0.0175656	0	0
114.380	0.0159890	0	0
114.414	0.0143704	0	0
114.447	0.0122585	0	0
114.481	0.0103100	0	0
114.514	0.0082708	0	0
114.547	0.0078198	0	0
114.581	0.0076349	0	0
114.614	0.0076437	0	0
114.647	0.0074338	0	0
114.681	0.0071500	0	0
114.714	0.0073498	0	0
114.747	0.0070419	0	0
114.781	0.0069214	0	0
114.814	0.0070127	0	0
114.848	0.0072078	0	0
114.881	0.0080558	0	0
114.914	0.0134172	0	0
114.948	0.0194861	0	0
114.981	0.0243600	0	0
115.014	0.0277803	0	0
115.048	0.0292076	0	0
115.081	0.0255639	1	0
115.115	0.0205705	1	0
115.148	0.0164084	0	0
115.181	0.0137825	0	0
115.215	0.0124801	0	0
115.248	0.0116814	0	0
115.281	0.0110274	0	0
115.315	0.0106701	0	0
115.348	0.0101736	0	0
115.381	0.0094866	0	0
115.415	0.0092402	0	0
115.448	0.0093291	0	0
115.482	0.0090107	0	0
115.515	0.0095939	0	0
115.548	0.0101765	0	0
115.582	0.0107647	0	0
115.615	0.0104819	0	0
115.648	0.0109550	0	0
115.682	0.0105783	0	0
115.715	0.0103941	0	0
115.748	0.0094605	0	0
115.782	0.0093645	0	0
115.815	0.0088692	0	0
115.849	0.0082997	0	0
115.882	0.0074534	0	0
115.915	0.0071224	0	0
115.949	0.0069520	0	0
115.982	0.0069885	0	0
116.015	0.0071694	0	0
116.049	0.0073094	0	0
116.082	0.0076100	0	0
116.116	0.0078861	0	0
116.149	0.0078672	0	0
116.182	0.0080582	0	0
116.216	0.0085127	0	0
116.249	0.0103808	0	0
116.282	0.0164592	0	1
116.316	0.0240391	0	0
116.349	0.0306797	0	0
116.382	0.0352999	0	0
116.416	0.0373469	0	0
116.449	0.0339064	1	0
116.483	0.0281411	1	0
116.516	0.0227193	1	0
116.549	0.0187442	0	0
116.583	0.0158718	0	0
116.616	0.0140592	0	0
116.649	0.0129474	0	0
116.683	0.0120369	0	0
116.716	0.0114409	0	0
116.749	0.0109770	0	0
116.783	0.0105702	0	0
116.816	0.0103537	0	0
116.850	0.0101246	0	0
116.883	0.0100936	0	0
116.916	0.0108331	0	0
116.950	0.0117072	0	0
116.983	0.0127111	0	0
117.016	0.0137879	0	0
117.050	0.0149477	0	0
117.083	0.0151123	0	0
117.117	0.0141176	0	0
117.150	0.0129579	0	0
117.183	0.0118975	0	0
117.217	0.0107829	0	0
117.250	0.0097177	0	0
117.283	0.0095173	0	0
117.317	0.0095630	0	0
117.350	0.0095417	0	0
117.383	0.0090671	0	0
117.417	0.0086347	0	0
117.450	0.0086243	0	0
117.484	0.0086545	0	0
117.517	0.0086018	0	0
117.550	0.0089437	0	0
117.584	0.0091581	0	0
117.617	0.0090392	0	0
117.650	0.0091380	0	0
117.684	0.0093690	0	0
117.717	0.0095704	0	0
117.750	0.0098318	0	0
117.784	0.0102186	0	0
117.817	0.0102704	0	0
117.851	0.0102131	0	0
117.884	0.0103129	0	0
117.917	0.0102334	0	0
117.951	0.0103173	0	0
117.984	0.0102356	0	0
118.017	0.0102591	0	0
118.051	0.0100893	0	0
118.084	0.0100555	0	0
118.118	0.0100517	0	0
118.151	0.0099743	0	0
118.184	0.0098342	0	0
118.218	0.0092167	0	0
118.251	0.0085593	0	0
118.284	0.0078911	0	0
118.318	0.0072403	0	0
118.351	0.0067149	0	0
118.384	0.0066170	0	0
118.418	0.0065394	0	0
118.451	0.0063638	0	0
118.485	0.0065394	0	0
118.518	0.0066639	0	0
118.551	0.0067914	0	0
118.585	0.0068950	0	0
118.618	0.0069929	0	0
118.651	0.0067225	0	0
118.685	0.0063354	0	0
118.718	0.0061967	0	0
118.751	0.0058930	0	0
118.785	0.0057584	0	0
118.818	0.0057904	0	0
118.852	0.0069372	0	0
118.885	0.0078028	0	0
118.918	0.0093235	0	0
118.952	0.0100406	0	0
118.985	0.0110090	0	0
119.018	0.0107921	0	0
119.052	0.0107589	0	0
119.085	0.0107954	0	0
119.119	0.0113341	0	0
119.152	0.0114532	0	0
119.185	0.0112302	0	0
119.219	0.0114985	0	0
119.252	0.0114339	0	0
119.285	0.0111689	0	0
119.319	0.0106444	0	0
119.352	0.0104445	0	0
119.385	0.0098529	0	0
119.419	0.0091590	0	0
119.452	0.0087321	0	0
119.486	0.0085696	0	0
119.519	0.0085953	0	0
119.552	0.0086512	0	0
119.586	0.0086982	0	0
119.619	0.0088879	0	0
119.652	0.0089403	0	0
119.686	0.0089711	0	0
119.719	0.0089927	0	0
119.752	0.0088155	0	0
119.786	0.0083954	0	0
119.819	0.0085532	0	0
119.853	0.0086343	0	0
119.886	0.0081912	0	0
119.919	0.0082064	0	0
119.953	0.0091176	0	0
119.986	0.0123625	0	0
120.019	0.0162717	0	0
120.053	0.0209951	0	0
120.086	0.0249361	0	0
120.120	0.0267744	0	0
120.153	0.0252557	0	0
120.186	0.0230576	1	0
120.220	0.0207079	1	0
120.253	0.0187719	0	0
120.286	0.0180162	0	0
120.320	0.0179353	0	0
120.353	0.0180752	0	0
120.386	0.0180213	0	0
120.420	0.0182595	0	0
120.453	0.0185704	0	0
120.487	0.0185791	0	0
120.520	0.0186130	0	0
120.553	0.0184318	0	0
120.587	0.0180219	0	0
120.620	0.0180368	0	0
120.653	0.0186238	0	0
120.687	0.0191018	0	0
120.720	0.0196840	0	0
120.753	0.0201217	1	0
120.787	0.0201448	1	0
120.820	0.0202283	1	0
120.854	0.0200253	1	0
120.887	0.0198174	0	0
120.920	0.0193582	0	0
120.954	0.0171833	0	0
120.987	0.0148370	0	0
121.020	0.0128237	0	0
121.054	0.0105156	0	0
121.087	0.0093111	0	0
121.121	0.0099397	0	0
121.154	0.0102433	0	0
121.187	0.0099369	0	0
121.221	0.0101986	0	0
121.254	0.0098335	0	0
121.287	0.0091106	0	0
121.321	0.0089085	0	0
121.354	0.0090907	0	0
121.387	0.0089558	0	0
121.421	0.0090364	0	0
121.454	0.0090421	0	0
121.488	0.0090920	0	0
121.521	0.0090410	0	0
121.554	0.0089862	0	0
121.588	0.0088189	0	0
121.621	0.0086745	0	0
121.654	0.0085625	0	0
121.688	0.0087358	0	0
121.721	0.0088903	0	0
121.754	0.0086404	0	0
121.788	0.0087306	0	0
121.821	0.0083760	0	0
121.855	0.0082452	0	0
121.888	0.0082535	0	0
121.921	0.0082795	0	0
121.955	0.0082249	0	0
121.988	0.0101640	0	0
122.021	0.0174736	0	0
122.055	0.0271289	0	0
122.088	0.0390795	0	0
122.122	0.0514622	0	0
122.155	0.0615315	1	0
122.188	0.0655176	1	0
122.222	0.0666628	1	0
122.255	0.0653524	1	0
122.288	0.0637276	1	0
122.322	0.0623840	1	0
122.355	0.0611583	1	0
122.388	0.0604171	1	0
122.422	0.0598292	1	0
122.455	0.0592412	1	0
122.489	0.0584652	1	0
122.522	0.0580663	1	0
122.555	0.0573185	1	0
122.589	0.0569496	1	0
122.622	0.0565768	1	0
122.655	0.0556702	1	0
122.689	0.0549216	1	0
122.722	0.0542251	1	0
122.755	0.0534689	1	0
122.789	0.0528823	1	0
122.822	0.0529535	1	0
122.856	0.0527573	1	0
122.889	0.0527914	1	0
122.922	0.0528377	1	0
122.956	0.0530272	1	0
122.989	0.0518757	1	0
123.022	0.0514560	0	0
123.056	0.0515863	0	0
123.089	0.0513027	0	0
123.123	0.0485591	0	0
123.156	0.0451403	0	0
123.189	0.0402015	0	0
123.223	0.0335842	1	0
123.256	0.0268424	1	0
123.289	0.0219665	1	0
123.323	0.0188700	0	0
123.356	0.0164999	0	0
123.389	0.0151852	0	0
123.423	0.0137705	0	0
123.456	0.0123254	0	0
123.490	0.0111214	0	0
123.523	0.0100302	0	0
123.556	0.0091694	0	0
123.590	0.0090233	0	0
123.623	0.0091992	0	0
123.656	0.0097507	0	0
123.690	0.0102807	0	0
123.723	0.0107815	0	0
123.756	0.0110199	0	0
123.790	0.0110529	0	0
123.823	0.0107621	0	0
123.857	0.0106938	0	0
123.890	0.0103807	0	0
123.923	0.0100937	0	0
123.957	0.0101191	0	0
123.990	0.0098888	0	0
124.023	0.0094816	0	0
124.057	0.0092208	0	0
124.090	0.0092196	0	0
124.124	0.0087779	0	0
124.157	0.0087697	0	0
124.190	0.0087764	0	0
124.224	0.0088577	0	0
124.257	0.0086611	0	0
124.290	0.0087508	0	0
124.324	0.0087665	0	0
124.357	0.0086809	0	0
124.390	0.0085956	0	0
124.424	0.0085677	0	0
124.457	0.0083271	0	0
124.491	0.0080886	0	0
124.524	0.0080638	0	0
124.557	0.0077890	0	0
124.591	0.0076682	0	0
124.624	0.0078936	0	0
124.657	0.0079495	0	0
124.691	0.0076770	0	0
124.724	0.0085091	0	0
124.757	0.0089220	0	0
124.791	0.0090406	0	0
124.824	0.0094723	0	0
124.858	0.0100904	0	0
124.891	0.0097380	0	0
124.924	0.0096910	0	0
124.958	0.0096660	0	0
124.991	0.0095611	0	0
125.024	0.0093058	0	0
125.058	0.0091373	0	0
125.091	0.0091083	0	0
125.125	0.0093476	0	0
125.158	0.0094310	0	0
125.191	0.0097340	0	0
125.225	0.0099826	0	0
125.258	0.0098571	0	0
125.291	0.0096347	0	0
125.325	0.0095235	0	0
125.358	0.0094150	0	0
125.391	0.0091981	0	0
125.425	0.0095625	0	0
125.458	0.0118444	0	0
125.492	0.0183792	0	0
125.525	0.0232450	0	0
125.558	0.0263774	0	0
125.592	0.0287576	0	0
125.625	0.0285228	1	0
125.658	0.0241795	1	0
125.692	0.0216133	1	0
125.725	0.0207546	1	0
125.758	0.0199703	0	0
125.792	0.0199088	0	0
125.825	0.0207808	1	0
125.859	0.0259176	1	0
125.892	0.0316290	1	0
125.925	0.0370596	1	0
125.959	0.0398707	1	0
125.992	0.0445368	1	0
126.025	0.0464799	1	0
126.059	0.0488640	1	0
126.092	0.0529532	1	0
126.126	0.0587729	1	0
126.159	0.0618444	1	0
126.192	0.0625220	1	0
126.226	0.0624212	1	0
126.259	0.0577051	1	0
126.292	0.0561427	1	0
126.326	0.0531803	1	0
126.359	0.0510454	1	0
126.392	0.0475577	1	0
126.426	0.0477620	0	0
126.459	0.0487218	0	0
126.493	0.0520287	0	0
126.526	0.0551193	1	0
126.559	0.0598428	1	0
126.593	0.0643559	1	0
126.626	0.0656214	1	0
126.659	0.0657728	1	0
126.693	0.0662651	1	0
126.726	0.0660020	1	0
126.759	0.0658788	1	0
126.793	0.0661906	1	0
126.826	0.0663263	1	0
126.860	0.0660112	1	0
126.893	0.0660474	1	0
126.926	0.0658313	1	0
126.960	0.0649019	1	0
126.993	0.0642050	1	0
127.026	0.0636833	1	0
127.060	0.0631620	1	0
127.093	0.0630217	1	0
127.127	0.0634573	1	0
127.160	0.0640012	1	0
127.193	0.0647293	1	0
127.227	0.0656501	1	0
127.260	0.0665353	1	0
127.293	0.0677009	1	0
127.327	0.0691780	1	0
127.360	0.0714293	1	0
127.393	0.0736733	1	0
127.427	0.0754754	1	0
127.460	0.0776547	1	0
127.494	0.0786610	1	0
127.527	0.0794819	1	0
127.560	0.0788260	1	0
127.594	0.0788260	1	0
127.627	0.0788260	1	0