time	rmse	false positive	false negative
4.971	0.011774	0	0
5.005	0.011774	0	0
5.038	0.011774	0	0
5.071	0.009185	0	0
5.105	0.008216	0	0
5.138	0.008407	0	0
5.171	0.008619	0	0
5.205	0.008770	0	0
5.238	0.008735	0	0
5.271	0.009499	0	0
5.305	0.009244	0	0
5.338	0.009417	0	0
5.372	0.009120	0	0
5.405	0.009124	0	0
5.438	0.009009	0	0
5.472	0.009266	0	0
5.505	0.009204	0	0
5.538	0.009571	0	0
5.572	0.009711	0	0
5.605	0.009809	0	0
5.638	0.009951	0	0
5.672	0.010131	0	0
5.705	0.009972	0	0
5.739	0.010222	0	0
5.772	0.009992	0	0
5.805	0.009926	0	0
5.839	0.010129	0	0
5.872	0.010206	0	0
5.905	0.010208	0	0
5.939	0.010793	0	0
5.972	0.010920	0	0
6.006	0.010803	0	0
6.039	0.011100	0	0
6.072	0.010030	0	0
6.106	0.008573	0	0
6.139	0.009557	0	0
6.172	0.010104	0	0
6.206	0.010368	0	0
6.239	0.011685	0	0
6.272	0.012812	0	0
6.306	0.011347	0	0
6.339	0.011190	0	0
6.373	0.012387	0	0
6.406	0.015879	0	0
6.439	0.020226	0	0
6.473	0.023296	0	0
6.506	0.033608	0	0
6.539	0.045045	0	0
6.573	0.055320	0	0
6.606	0.065029	0	0
6.639	0.076092	0	0
6.673	0.078834	0	0
6.706	0.078898	0	0
6.740	0.078982	0	0
6.773	0.078763	0	0
6.806	0.079075	0	0
6.840	0.079531	0	0
6.873	0.081352	0	0
6.906	0.080715	0	0
6.940	0.080052	0	0
6.973	0.079616	0	0
7.007	0.078150	0	0
7.040	0.073947	0	0
7.073	0.069649	0	0
7.107	0.063200	0	0
7.140	0.055280	1	0
7.173	0.048242	1	0
7.207	0.042858	1	0
7.240	0.038389	0	0
7.273	0.036351	0	0
7.307	0.035718	0	0
7.340	0.034979	0	0
7.374	0.033878	0	0
7.407	0.034112	0	0
7.440	0.040288	0	0
7.474	0.049207	0	0
7.507	0.057014	0	0
7.540	0.063999	0	0
7.574	0.070474	0	0
7.607	0.071818	0	0
7.640	0.070363	0	0
7.674	0.069701	0	0
7.707	0.069981	0	0
7.741	0.070458	0	0
7.774	0.068579	0	0
7.807	0.062566	0	0
7.841	0.056238	1	0
7.874	0.049456	1	0
7.907	0.042662	1	0
7.941	0.036825	0	0
7.974	0.034205	0	0
8.008	0.031741	0	0
8.041	0.029656	0	0
8.074	0.026673	0	0
8.108	0.023398	0	0
8.141	0.021093	0	0
8.174	0.019163	0	0
8.208	0.017354	0	0
8.241	0.016492	0	0
8.274	0.015938	0	0
8.308	0.015138	0	0
8.341	0.014857	0	0
8.375	0.013026	0	0
8.408	0.012976	0	0
8.441	0.015287	0	0
8.475	0.017979	0	0
8.508	0.020987	0	0
8.541	0.025196	0	0
8.575	0.027365	0	0
8.608	0.026556	0	0
8.641	0.024889	0	0
8.675	0.022226	0	0
8.708	0.020647	0	0
8.742	0.020103	0	0
8.775	0.020247	0	0
8.808	0.021876	0	0
8.842	0.023524	0	0
8.875	0.024221	0	0
8.908	0.023402	0	0
8.942	0.023678	0	0
8.975	0.020994	0	0
9.009	0.017579	0	0
9.042	0.015046	0	0
9.075	0.017356	0	0
9.109	0.023932	0	0
9.142	0.035487	0	0
9.175	0.049773	0	0
9.209	0.064280	0	0
9.242	0.074439	0	0
9.275	0.080204	0	0
9.309	0.083344	0	0
9.342	0.085278	0	0
9.376	0.086404	0	0
9.409	0.087397	0	0
9.442	0.087565	0	0
9.476	0.087939	0	0
9.509	0.087587	0	0
9.542	0.086492	0	0
9.576	0.086020	0	0
9.609	0.084216	0	0
9.642	0.080632	1	0
9.676	0.072831	1	0
9.709	0.063804	1	0
9.743	0.053963	1	0
9.776	0.045514	1	0
9.809	0.037750	0	0
9.843	0.033772	0	0
9.876	0.030363	0	0
9.909	0.028541	0	0
9.943	0.029262	0	0
9.976	0.034818	0	0
10.010	0.041668	0	0
10.043	0.048280	0	0
10.076	0.050886	0	0
10.110	0.051158	0	0
10.143	0.046457	0	0
10.176	0.040040	0	0
10.210	0.034485	0	0
10.243	0.030601	0	0
10.276	0.026115	0	0
10.310	0.021661	0	0
10.343	0.018873	0	0
10.377	0.016902	0	0
10.410	0.016400	0	0
10.443	0.019210	0	0
10.477	0.024718	0	0
10.510	0.032864	0	1
10.543	0.041794	0	0
10.577	0.048731	0	0
10.610	0.050721	0	0
10.643	0.050538	0	0
10.677	0.047278	0	0
10.710	0.042758	0	0
10.744	0.039392	0	0
10.777	0.036909	0	0
10.810	0.033907	0	0
10.844	0.029955	0	0
10.877	0.025136	0	0
10.910	0.020491	0	0
10.944	0.016917	0	0
10.977	0.014896	0	0
11.011	0.014347	0	0
11.044	0.014498	0	0
11.077	0.015184	0	0
11.111	0.016249	0	0
11.144	0.015905	0	0
11.177	0.014827	0	0
11.211	0.014617	0	0
11.244	0.014029	0	0
11.277	0.013684	0	0
11.311	0.013473	0	0
11.344	0.013663	0	0
11.378	0.013497	0	0
11.411	0.012752	0	0
11.444	0.011838	0	0
11.478	0.011398	0	0
11.511	0.011148	0	0
11.544	0.012480	0	0
11.578	0.017537	0	0
11.611	0.023527	0	0
11.644	0.032228	0	1
11.678	0.042079	0	0
11.711	0.050613	0	0
11.745	0.056042	0	0
11.778	0.060249	0	0
11.811	0.059012	0	0
11.845	0.054991	0	0
11.878	0.050025	0	0
11.911	0.045404	0	0
11.945	0.040935	0	0
11.978	0.039435	0	0
12.012	0.039083	0	0
12.045	0.039055	0	0
12.078	0.037799	0	0
12.112	0.035751	0	0
12.145	0.034812	0	0
12.178	0.036847	0	0
12.212	0.041344	1	0
12.245	0.047460	1	0
12.278	0.055233	1	0
12.312	0.061024	1	0
12.345	0.063571	1	0
12.379	0.063511	1	0
12.412	0.061727	1	0
12.445	0.057988	1	0
12.479	0.052433	1	0
12.512	0.045547	1	0
12.545	0.038864	0	0
12.579	0.033139	0	0
12.612	0.028969	0	0
12.645	0.028259	0	0
12.679	0.030216	0	0
12.712	0.032936	0	0
12.746	0.040063	0	0
12.779	0.048625	0	0
12.812	0.057666	0	0
12.846	0.064760	0	0
12.879	0.070539	0	0
12.912	0.072508	0	0
12.946	0.071552	0	0
12.979	0.069034	0	0
13.013	0.065986	0	0
13.046	0.064253	0	0
13.079	0.062839	0	0
13.113	0.062994	0	0
13.146	0.063633	0	0
13.179	0.065896	0	0
13.213	0.066917	0	0
13.246	0.067576	0	0
13.279	0.066631	0	0
13.313	0.065783	0	0
13.346	0.064312	0	0
13.380	0.062288	0	0
13.413	0.059889	0	0
13.446	0.058385	0	0
13.480	0.055503	0	0
13.513	0.053755	0	0
13.546	0.052476	0	0
13.580	0.050873	0	0
13.613	0.049199	0	0
13.646	0.048041	0	0
13.680	0.046804	0	0
13.713	0.046182	0	0
13.747	0.045046	0	0
13.780	0.044224	0	0
13.813	0.042955	0	0
13.847	0.041665	0	0
13.880	0.040896	0	0
13.913	0.041419	0	0
13.947	0.041670	0	0
13.980	0.042822	0	0
14.014	0.044125	0	0
14.047	0.045278	0	0
14.080	0.047168	0	0
14.114	0.048951	0	0
14.147	0.050670	0	0
14.180	0.051102	0	0
14.214	0.051148	0	0
14.247	0.051317	0	0
14.280	0.052025	0	0
14.314	0.051917	0	0
14.347	0.049203	0	0
14.381	0.048438	0	0
14.414	0.046155	0	0
14.447	0.042858	1	0
14.481	0.039769	0	0
14.514	0.039629	0	0
14.547	0.037375	0	0
14.581	0.034483	0	0
14.614	0.032185	0	0
14.647	0.029916	0	0
14.681	0.027415	0	0
14.714	0.024987	0	0
14.748	0.023297	0	0
14.781	0.021240	0	0
14.814	0.019567	0	0
14.848	0.018058	0	0
14.881	0.016632	0	0
14.914	0.015299	0	0
14.948	0.014536	0	0
14.981	0.013429	0	0
15.015	0.012697	0	0
15.048	0.012344	0	0
15.081	0.012078	0	0
15.115	0.012242	0	0
15.148	0.012753	0	0
15.181	0.013063	0	0
15.215	0.013187	0	0
15.248	0.013295	0	0
15.281	0.012779	0	0
15.315	0.011756	0	0
15.348	0.011457	0	0
15.382	0.011284	0	0
15.415	0.011016	0	0
15.448	0.010514	0	0
15.482	0.011088	0	0
15.515	0.011152	0	0
15.548	0.011147	0	0
15.582	0.014993	0	0
15.615	0.022973	0	0
15.648	0.029220	0	1
15.682	0.037385	0	1
15.715	0.043931	0	0
15.749	0.045536	0	0
15.782	0.044503	0	0
15.815	0.044198	0	0
15.849	0.042433	0	0
15.882	0.040961	1	0
15.915	0.039473	0	0
15.949	0.036614	0	0
15.982	0.033165	0	0
16.016	0.028633	0	0
16.049	0.024769	0	0
16.082	0.021583	0	0
16.116	0.018686	0	0
16.149	0.015790	0	0
16.182	0.013439	0	0
16.216	0.011494	0	0
16.249	0.009522	0	0
16.282	0.007512	0	0
16.316	0.006540	0	0
16.349	0.005616	0	0
16.383	0.005001	0	0
16.416	0.004718	0	0
16.449	0.004809	0	0
16.483	0.005550	0	0
16.516	0.006144	0	0
16.549	0.007310	0	0
16.583	0.007877	0	0
16.616	0.008046	0	0
16.649	0.007681	0	0
16.683	0.007411	0	0
16.716	0.006407	0	0
16.750	0.006127	0	0
16.783	0.005821	0	0
16.816	0.005814	0	0
16.850	0.005540	0	0
16.883	0.006022	0	0
16.916	0.006035	0	0
16.950	0.006453	0	0
16.983	0.006257	0	0
17.017	0.006268	0	0
17.050	0.005468	0	0
17.083	0.005399	0	0
17.117	0.005203	0	0
17.150	0.004732	0	0
17.183	0.004832	0	0
17.217	0.004991	0	0
17.250	0.004866	0	0
17.283	0.004580	0	0
17.317	0.005050	0	0
17.350	0.005311	0	0
17.384	0.007393	0	0
17.417	0.013433	0	0
17.450	0.021485	0	0
17.484	0.031112	0	1
17.517	0.040236	0	0
17.550	0.048985	0	0
17.584	0.051530	0	0
17.617	0.051097	0	0
17.650	0.048459	0	0
17.684	0.045334	0	0
17.717	0.041360	0	0
17.751	0.039657	0	0
17.784	0.037811	0	0
17.817	0.036206	0	0
17.851	0.033998	0	0
17.884	0.030720	0	0
17.917	0.027177	0	0
17.951	0.024213	0	0
17.984	0.020842	0	0
18.018	0.018044	0	0
18.051	0.015879	0	0
18.084	0.014100	0	0
18.118	0.012900	0	0
18.151	0.012002	0	0
18.184	0.012056	0	0
18.218	0.012171	0	0
18.251	0.011925	0	0
18.284	0.012512	0	0
18.318	0.012692	0	0
18.351	0.012379	0	0
18.385	0.012088	0	0
18.418	0.012017	0	0
18.451	0.010836	0	0
18.485	0.010808	0	0
18.518	0.011054	0	0
18.551	0.011017	0	0
18.585	0.011180	0	0
18.618	0.011683	0	0
18.651	0.011321	0	0
18.685	0.011811	0	0
18.718	0.012180	0	0
18.752	0.011972	0	0
18.785	0.011635	0	0
18.818	0.011640	0	0
18.852	0.010710	0	0
18.885	0.010279	0	0
18.918	0.010231	0	0
18.952	0.010134	0	0
18.985	0.010494	0	0
19.019	0.010530	0	0
19.052	0.010490	0	0
19.085	0.010343	0	0
19.119	0.010625	0	0
19.152	0.010290	0	0
19.185	0.010515	0	0
19.219	0.010685	0	0
19.252	0.010674	0	0
19.285	0.010674	0	0
19.319	0.011113	0	0
19.352	0.011398	0	0
19.386	0.012377	0	0
19.419	0.013904	0	0
19.452	0.014325	0	0
19.486	0.015458	0	0
19.519	0.016554	0	0
19.552	0.016023	0	0
19.586	0.015394	0	0
19.619	0.015920	0	0
19.652	0.015637	0	0
19.686	0.015956	0	0
19.719	0.017424	0	0
19.753	0.018288	0	0
19.786	0.019153	0	0
19.819	0.019982	0	0
19.853	0.020154	0	0
19.886	0.019755	0	0
19.919	0.019804	0	0
19.953	0.019689	0	0
19.986	0.019353	0	0
20.020	0.019422	0	0
20.053	0.019655	0	0
20.086	0.020387	0	0
20.120	0.020337	0	0
20.153	0.020996	0	0
20.186	0.021329	0	0
20.220	0.021248	0	0
20.253	0.020783	0	0
20.286	0.020888	0	0
20.320	0.019896	0	0
20.353	0.018531	0	0
20.387	0.017761	0	0
20.420	0.017118	0	0
20.453	0.015826	0	0
20.487	0.014978	0	0
20.520	0.014777	0	0
20.553	0.014165	0	0
20.587	0.013420	0	0
20.620	0.013330	0	0
20.653	0.012849	0	0
20.687	0.012674	0	0
20.720	0.012780	0	0
20.754	0.012677	0	0
20.787	0.012747	0	0
20.820	0.013593	0	0
20.854	0.015830	0	0
20.887	0.019315	0	0
20.920	0.023755	0	0
20.954	0.028021	0	0
20.987	0.031607	0	0
21.021	0.033537	0	0
21.054	0.035706	0	0
21.087	0.036555	0	0
21.121	0.038425	0	0
21.154	0.040837	0	0
21.187	0.042437	0	0
21.221	0.042887	0	0
21.254	0.043460	0	0
21.287	0.042847	0	0
21.321	0.041890	0	0
21.354	0.041712	0	0
21.388	0.041409	0	0
21.421	0.041514	0	0
21.454	0.041606	1	0
21.488	0.041505	1	0
21.521	0.041549	1	0
21.554	0.041115	1	0
21.588	0.040944	1	0
21.621	0.040476	1	0
21.654	0.040634	1	0
21.688	0.040052	1	0
21.721	0.039991	0	0
21.755	0.039408	0	0
21.788	0.039204	0	0
21.821	0.038269	0	0
21.855	0.037842	0	0
21.888	0.037502	0	0
21.921	0.037228	0	0
21.955	0.037330	0	0
21.988	0.038215	0	0
22.022	0.038721	0	0
22.055	0.039057	0	0
22.088	0.039530	0	0
22.122	0.039901	0	0
22.155	0.039666	0	0
22.188	0.039791	0	0
22.222	0.039516	0	0
22.255	0.039679	0	0
22.288	0.039485	0	0
22.322	0.039275	0	0
22.355	0.039170	0	0
22.389	0.039465	0	0
22.422	0.039431	0	0
22.455	0.039389	0	0
22.489	0.039319	0	0
22.522	0.039375	0	0
22.555	0.039253	0	0
22.589	0.039330	0	1
22.622	0.039468	0	1
22.655	0.040192	0	0
22.689	0.043259	0	0
22.722	0.048680	0	0
22.756	0.054393	0	0
22.789	0.060463	0	0
22.822	0.066521	0	0
22.856	0.069964	0	0
22.889	0.071303	0	0
22.922	0.072026	0	0
22.956	0.072233	0	0
22.989	0.072693	0	0
23.023	0.071672	0	0
23.056	0.069547	0	0
23.089	0.063051	0	0
23.123	0.057056	0	0
23.156	0.048943	0	0
23.189	0.039055	0	0
23.223	0.028453	0	0
23.256	0.021582	0	0
23.289	0.014476	0	0
23.323	0.008788	0	0
23.356	0.006212	0	0
23.390	0.005493	0	0
23.423	0.005213	0	0
23.456	0.005147	0	0
23.490	0.005078	0	0
23.523	0.004934	0	0
23.556	0.004748	0	0
23.590	0.004639	0	0
23.623	0.004246	0	0
23.656	0.003963	0	0
23.690	0.003747	0	0
23.723	0.003603	0	0
23.757	0.003915	0	0
23.790	0.004114	0	0
23.823	0.004532	0	0
23.857	0.004762	0	0
23.890	0.004931	0	0
23.923	0.004794	0	0
23.957	0.004635	0	0
23.990	0.004887	0	0
24.024	0.005105	0	0
24.057	0.005205	0	0
24.090	0.005204	0	0
24.124	0.005224	0	0
24.157	0.004764	0	0
24.190	0.004722	0	0
24.224	0.004580	0	0
24.257	0.004552	0	0
24.290	0.004638	0	0
24.324	0.004542	0	0
24.357	0.004456	0	0
24.391	0.004521	0	0
24.424	0.004254	0	0
24.457	0.004361	0	0
24.491	0.004482	0	0
24.524	0.004474	0	0
24.557	0.004247	0	0
24.591	0.004631	0	0
24.624	0.004632	0	0
24.657	0.004798	0	0
24.691	0.004905	0	0
24.724	0.004810	0	0
24.758	0.004818	0	0
24.791	0.004803	0	0
24.824	0.004840	0	0
24.858	0.004913	0	0
24.891	0.005499	0	0
24.924	0.006075	0	0
24.958	0.006158	0	0
24.991	0.006635	0	0
25.025	0.007004	0	0
25.058	0.007140	0	0
25.091	0.006405	0	0
25.125	0.007099	0	0
25.158	0.006610	0	0
25.191	0.006500	0	0
25.225	0.006438	0	0
25.258	0.006590	0	0
25.291	0.006058	0	0
25.325	0.006096	0	0
25.358	0.005965	0	0
25.392	0.005452	0	0
25.425	0.005263	0	0
25.458	0.005189	0	0
25.492	0.005018	0	0
25.525	0.005005	0	0
25.558	0.004876	0	0
25.592	0.005102	0	0
25.625	0.008239	0	0
25.658	0.012479	0	0
25.692	0.016968	0	0
25.725	0.022183	0	0
25.759	0.027097	0	0
25.792	0.028906	0	0
25.825	0.029875	0	0
25.859	0.030414	0	0
25.892	0.030455	0	0
25.925	0.030637	0	0
25.959	0.030608	0	0
25.992	0.030476	0	0
26.026	0.030283	0	0
26.059	0.030264	0	0
26.092	0.029978	0	0
26.126	0.029637	0	0
26.159	0.029491	0	0
26.192	0.029419	0	0
26.226	0.029328	0	0
26.259	0.029464	0	0
26.292	0.029723	0	0
26.326	0.029849	0	0
26.359	0.028788	0	0
26.393	0.024421	0	0
26.426	0.020642	0	0
26.459	0.016910	0	0
26.493	0.013027	0	0
26.526	0.010088	0	0
26.559	0.010357	0	0
26.593	0.009521	0	0
26.626	0.008604	0	0
26.659	0.008659	0	0
26.693	0.008630	0	0
26.726	0.008329	0	0
26.760	0.008432	0	0
26.793	0.009262	0	0
26.826	0.008218	0	0
26.860	0.007527	0	0
26.893	0.007230	0	0
26.926	0.009618	0	0
26.960	0.011680	0	0
26.993	0.014142	0	0
27.027	0.016535	0	0
27.060	0.018390	0	0
27.093	0.017338	0	0
27.127	0.015701	0	0
27.160	0.014729	0	0
27.193	0.013912	0	0
27.227	0.013881	0	0
27.260	0.013700	0	0
27.293	0.013889	0	0
27.327	0.013901	0	0
27.360	0.013964	0	0
27.394	0.013819	0	0
27.427	0.014245	0	0
27.460	0.013064	0	0
27.494	0.011644	0	0
27.527	0.009925	0	0
27.560	0.008137	0	0
27.594	0.006137	0	0
27.627	0.005458	0	0
27.660	0.005225	0	0
27.694	0.005007	0	0
27.727	0.004898	0	0
27.761	0.004830	0	0
27.794	0.005376	0	0
27.827	0.005365	0	0
27.861	0.005442	0	0
27.894	0.005584	0	0
27.927	0.005484	0	0
27.961	0.005106	0	0
27.994	0.005141	0	0
28.028	0.005577	0	0
28.061	0.005697	0	0
28.094	0.005760	0	0
28.128	0.006134	0	0
28.161	0.006205	0	0
28.194	0.006171	0	0
28.228	0.006522	0	0
28.261	0.007108	0	0
28.294	0.006838	0	0
28.328	0.007135	0	0
28.361	0.007572	0	0
28.395	0.008042	0	0
28.428	0.008433	0	0
28.461	0.009066	0	0
28.495	0.010176	0	0
28.528	0.011207	0	0
28.561	0.014095	0	0
28.595	0.018424	0	0
28.628	0.022856	0	0
28.661	0.026462	0	0
28.695	0.028980	0	0
28.728	0.028265	0	0
28.762	0.025538	0	0
28.795	0.022678	0	0
28.828	0.019972	0	0
28.862	0.018391	0	0
28.895	0.018332	0	0
28.928	0.019139	0	0
28.962	0.021144	0	0
28.995	0.024590	0	0
29.029	0.029578	0	0
29.062	0.031896	0	0
29.095	0.033531	0	1
29.129	0.033734	0	1
29.162	0.032502	0	1
29.195	0.029403	0	1
29.229	0.030068	0	1
29.262	0.031616	0	1
29.295	0.033077	0	0
29.329	0.032267	0	0
29.362	0.030214	0	0
29.396	0.025410	0	0
29.429	0.020835	0	0
29.462	0.019679	0	0
29.496	0.020986	0	1
29.529	0.024143	0	1
29.562	0.029749	0	1
29.596	0.035446	0	1
29.629	0.038895	0	1
29.662	0.042301	0	0
29.696	0.045909	0	0
29.729	0.048738	0	0
29.763	0.051968	0	0
29.796	0.055131	0	0
29.829	0.059916	0	0
29.863	0.065022	0	0
29.896	0.070981	0	0
29.929	0.076489	0	0
29.963	0.081860	0	0
29.996	0.086425	0	0
30.030	0.090381	0	0
30.063	0.093165	0	0
30.096	0.095156	0	0
30.130	0.095740	0	0
30.163	0.095187	0	0
30.196	0.093715	0	0
30.230	0.090663	0	0
30.263	0.086515	0	0
30.296	0.082263	0	0
30.330	0.078007	0	0
30.363	0.074806	0	0
30.397	0.072753	0	0
30.430	0.073580	0	0
30.463	0.076020	0	0
30.497	0.077962	0	0
30.530	0.079388	0	0
30.563	0.080524	0	0
30.597	0.080530	0	0
30.630	0.081083	0	0
30.663	0.082224	0	0
30.697	0.082338	0	0
30.730	0.083520	0	0
30.764	0.083932	0	0
30.797	0.085564	0	0
30.830	0.086954	0	0
30.864	0.089364	0	0
30.897	0.091203	0	0
30.930	0.093636	0	0
30.964	0.093323	0	0
30.997	0.093543	0	0
31.031	0.092756	0	0
31.064	0.092346	0	0
31.097	0.090797	0	0
31.131	0.088058	0	0
31.164	0.087189	0	0
31.197	0.086611	0	0
31.231	0.086754	0	0
31.264	0.086424	0	0
31.297	0.087771	0	0
31.331	0.086825	0	0
31.364	0.087648	0	0
31.398	0.088032	0	0
31.431	0.086641	0	0
31.464	0.078596	0	0
31.498	0.068879	0	0
31.531	0.057189	0	0
31.564	0.044585	1	0
31.598	0.035008	0	0
31.631	0.031339	0	0
31.664	0.029396	0	0
31.698	0.027914	0	0
31.731	0.026579	0	0
31.765	0.025143	0	0
31.798	0.024012	0	0
31.831	0.022769	0	0
31.865	0.021650	0	0
31.898	0.021255	0	0
31.931	0.024968	0	0
31.965	0.037250	0	0
31.998	0.049826	0	0
32.032	0.063341	0	0
32.065	0.076480	0	0
32.098	0.082880	0	0
32.132	0.075087	0	0
32.165	0.065127	0	0
32.198	0.054018	1	0
32.232	0.042601	1	0
32.265	0.033207	0	0
32.298	0.029798	0	0
32.332	0.028557	0	0
32.365	0.027196	0	0
32.399	0.026007	0	0
32.432	0.024981	0	0
32.465	0.024099	0	0
32.499	0.023003	0	0
32.532	0.022677	0	0
32.565	0.022011	0	0
32.599	0.021893	0	0
32.632	0.021644	0	0
32.665	0.021334	0	0
32.699	0.020755	0	0
32.732	0.020485	0	0
32.766	0.019926	0	0
32.799	0.019171	0	0
32.832	0.018733	0	0
32.866	0.018275	0	0
32.899	0.018010	0	0
32.932	0.017819	0	0
32.966	0.017931	0	0
32.999	0.017588	0	0
33.033	0.017577	0	0
33.066	0.016894	0	0
33.099	0.017137	0	0
33.133	0.016968	0	0
33.166	0.016767	0	0
33.199	0.016091	0	0
33.233	0.016560	0	0
33.266	0.015714	0	0
33.299	0.015762	0	0
33.333	0.017124	0	0
33.366	0.020516	0	0
33.400	0.030653	0	1
33.433	0.042946	0	0
33.466	0.056005	0	0
33.500	0.065301	0	0
33.533	0.068577	0	0
33.566	0.059990	0	0
33.600	0.046693	0	0
33.633	0.033897	0	1
33.666	0.025401	0	0
33.700	0.022145	0	0
33.733	0.023408	0	0
33.767	0.028341	0	0
33.800	0.031000	0	0
33.833	0.031962	0	0
33.867	0.031374	0	0
33.900	0.029965	0	0
33.933	0.025737	0	0
33.967	0.027331	0	0
34.000	0.026864	0	0
34.034	0.026946	0	1
34.067	0.028201	0	1
34.100	0.031781	0	1
34.134	0.030172	0	1
34.167	0.030953	0	1
34.200	0.032108	0	1
34.234	0.033568	0	1
34.267	0.035338	0	1
34.300	0.038415	0	1
34.334	0.042891	0	0
34.367	0.047329	0	0
34.401	0.053087	0	0
34.434	0.061131	0	0
34.467	0.067584	0	0
34.501	0.073809	0	0
34.534	0.079285	0	0
34.567	0.084169	0	0
34.601	0.086187	0	0
34.634	0.089144	0	0
34.667	0.091360	0	0
34.701	0.093873	0	0
34.734	0.095887	0	0
34.768	0.097599	0	0
34.801	0.098262	0	0
34.834	0.097343	0	0
34.868	0.095516	0	0
34.901	0.092623	0	0
34.934	0.090645	0	0
34.968	0.088577	0	0
35.001	0.086868	0	0
35.035	0.086412	0	0
35.068	0.086316	0	0
35.101	0.086057	0	0
35.135	0.085836	0	0
35.168	0.086109	0	0
35.201	0.086037	0	0
35.235	0.085852	0	0
35.268	0.085221	0	0
35.301	0.082069	0	0
35.335	0.074141	0	0
35.368	0.064970	0	0
35.402	0.055311	0	0
35.435	0.045490	1	0
35.468	0.038307	0	0
35.502	0.036262	0	0
35.535	0.035691	0	0
35.568	0.036770	0	0
35.602	0.041488	0	0
35.635	0.049913	0	0
35.668	0.059643	0	0
35.702	0.070011	0	0
35.735	0.079131	0	0
35.769	0.084417	0	0
35.802	0.086012	0	0
35.835	0.084863	0	0
35.869	0.081403	0	0
35.902	0.076307	0	0
35.935	0.067500	0	0
35.969	0.058601	0	0
36.002	0.050716	1	0
36.036	0.044004	1	0
36.069	0.038799	0	0
36.102	0.038061	0	0
36.136	0.037662	0	0
36.169	0.037429	0	0
36.202	0.037252	0	0
36.236	0.036592	0	0
36.269	0.036012	0	0
36.302	0.034974	0	0
36.336	0.033873	0	0
36.369	0.033074	0	0
36.403	0.032903	0	0
36.436	0.032521	0	0
36.469	0.032418	0	0
36.503	0.032874	0	0
36.536	0.033710	0	0
36.569	0.036737	0	0
36.603	0.044772	0	0
36.636	0.054591	0	0
36.669	0.064297	0	0
36.703	0.072101	0	0
36.736	0.076320	0	0
36.770	0.073816	0	0
36.803	0.067088	0	0
36.836	0.058712	0	0
36.870	0.051001	0	0
36.903	0.044521	1	0
36.936	0.040088	1	0
36.970	0.038874	0	0
37.003	0.042301	0	0
37.037	0.048549	0	0
37.070	0.056123	0	0
37.103	0.064648	0	0
37.137	0.071794	0	0
37.170	0.076178	0	0
37.203	0.078325	0	0
37.237	0.079459	0	0
37.270	0.079044	0	0
37.303	0.079180	0	0
37.337	0.079319	0	0
37.370	0.079502	0	0
37.404	0.079824	0	0
37.437	0.080100	0	0
37.470	0.080558	0	0
37.504	0.080882	0	0
37.537	0.081391	0	0
37.570	0.081207	0	0
37.604	0.081438	0	0
37.637	0.081345	0	0
37.670	0.081067	0	0
37.704	0.081021	0	0
37.737	0.080746	0	0
37.771	0.080653	0	0
37.804	0.080424	0	0
37.837	0.080056	0	0
37.871	0.077408	0	0
37.904	0.072149	0	0
37.937	0.063584	0	0
37.971	0.054917	0	0
38.004	0.045840	0	0
38.038	0.038422	0	0
38.071	0.033855	0	0
38.104	0.031862	0	0
38.138	0.030098	0	0
38.171	0.028761	0	0
38.204	0.027792	0	0
38.238	0.027205	0	0
38.271	0.026988	0	0
38.304	0.026904	0	0
38.338	0.026781	0	0
38.371	0.026376	0	0
38.405	0.026087	0	0
38.438	0.025891	0	0
38.471	0.025622	0	0
38.505	0.025294	0	0
38.538	0.025173	0	0
38.571	0.024838	0	0
38.605	0.024666	0	0
38.638	0.024790	0	0
38.671	0.024601	0	0
38.705	0.024488	0	0
38.738	0.024818	0	0
38.772	0.024341	0	0
38.805	0.023672	0	0
38.838	0.023511	0	0
38.872	0.023405	0	0
38.905	0.023225	0	0
38.938	0.023514	0	0
38.972	0.023805	0	0
39.005	0.024062	0	0
39.039	0.024181	0	0
39.072	0.024223	0	0
39.105	0.024040	0	0
39.139	0.024004	0	0
39.172	0.022720	0	0
39.205	0.022002	0	0
39.239	0.021120	0	0
39.272	0.020301	0	0
39.305	0.021512	0	0
39.339	0.025732	0	0
39.372	0.031567	0	0
39.406	0.037249	0	0
39.439	0.042647	1	0
39.472	0.045229	1	0
39.506	0.045336	1	0
39.539	0.042409	1	0
39.572	0.039921	0	0
39.606	0.038545	0	0
39.639	0.038283	0	0
39.672	0.039507	0	0
39.706	0.041423	0	0
39.739	0.045886	0	0
39.773	0.048809	0	0
39.806	0.046911	0	0
39.839	0.043775	0	0
39.873	0.040719	0	0
39.906	0.034277	0	1
39.939	0.029316	0	1
39.973	0.030219	0	1
40.006	0.033901	0	1
40.040	0.039884	0	1
40.073	0.047650	0	0
40.106	0.057718	0	0
40.140	0.066594	0	0
40.173	0.073408	0	0
40.206	0.079043	0	0
40.240	0.083767	0	0
40.273	0.085607	0	0
40.306	0.087188	0	0
40.340	0.087679	0	0
40.373	0.086577	0	0
40.407	0.085524	0	0
40.440	0.084338	0	0
40.473	0.083031	0	0
40.507	0.083049	0	0
40.540	0.083865	0	0
40.573	0.083559	0	0
40.607	0.083530	0	0
40.640	0.083328	0	0
40.673	0.081696	0	0
40.707	0.079289	0	0
40.740	0.074499	0	0
40.774	0.066345	0	0
40.807	0.057758	0	0
40.840	0.049528	0	0
40.874	0.041195	1	0
40.907	0.035522	0	0
40.940	0.033478	0	0
40.974	0.032917	0	0
41.007	0.035694	0	0
41.041	0.043800	0	0
41.074	0.053554	0	0
41.107	0.063132	0	0
41.141	0.071370	0	0
41.174	0.075965	0	0
41.207	0.073462	0	0
41.241	0.067920	0	0
41.274	0.061590	0	0
41.307	0.055205	0	0
41.341	0.048911	0	0
41.374	0.044140	0	0
41.408	0.040870	0	0
41.441	0.038019	0	0
41.474	0.035554	0	0
41.508	0.033488	0	0
41.541	0.032042	0	0
41.574	0.030942	0	0
41.608	0.029939	0	0
41.641	0.029099	0	0
41.674	0.028434	0	0
41.708	0.028043	0	0
41.741	0.027661	0	0
41.775	0.027213	0	0
41.808	0.026802	0	0
41.841	0.026355	0	0
41.875	0.026064	0	0
41.908	0.025741	0	0
41.941	0.025211	0	0
41.975	0.024767	0	0
42.008	0.024325	0	0
42.042	0.023924	0	0
42.075	0.023505	0	0
42.108	0.023488	0	0
42.142	0.023131	0	0
42.175	0.023082	0	0
42.208	0.022798	0	0
42.242	0.022651	0	0
42.275	0.022460	0	0
42.308	0.022645	0	0
42.342	0.022413	0	0
42.375	0.022671	0	0
42.409	0.024094	0	0
42.442	0.027167	0	0
42.475	0.032757	0	0
42.509	0.040954	0	0
42.542	0.048555	0	0
42.575	0.053817	0	0
42.609	0.055788	0	0
42.642	0.054293	0	0
42.675	0.049718	0	0
42.709	0.044402	0	0
42.742	0.040144	0	0
42.776	0.037336	0	0
42.809	0.034883	0	0
42.842	0.033397	0	0
42.876	0.032575	0	0
42.909	0.031890	0	0
42.942	0.031306	0	0
42.976	0.031115	0	0
43.009	0.030006	0	0
43.043	0.029093	0	0
43.076	0.028383	0	0
43.109	0.027323	0	0
43.143	0.026573	0	0
43.176	0.026563	0	0
43.209	0.026626	0	0
43.243	0.026848	0	0
43.276	0.027503	0	0
43.309	0.028279	0	0
43.343	0.029262	0	0
43.376	0.030259	0	0
43.410	0.031205	0	0
43.443	0.031578	0	0
43.476	0.031546	0	0
43.510	0.031215	0	0
43.543	0.029923	0	0
43.576	0.027829	0	0
43.610	0.027153	0	0
43.643	0.026699	0	0
43.676	0.025795	0	0
43.710	0.025160	0	0
43.743	0.026099	0	0
43.777	0.025418	0	0
43.810	0.024762	0	0
43.843	0.023825	0	0
43.877	0.023323	0	0
43.910	0.021279	0	0
43.943	0.019725	0	0
43.977	0.018898	0	0
44.010	0.018293	0	0
44.044	0.017200	0	0
44.077	0.016821	0	0
44.110	0.016186	0	0
44.144	0.015091	0	0
44.177	0.014476	0	0
44.210	0.014863	0	0
44.244	0.015389	0	0
44.277	0.016863	0	0
44.310	0.017788	0	0
44.344	0.018394	0	0
44.377	0.018634	0	0
44.411	0.018600	0	0
44.444	0.018334	0	0
44.477	0.017869	0	0
44.511	0.017872	0	0
44.544	0.017701	0	0
44.577	0.017970	0	0
44.611	0.017479	0	0
44.644	0.017040	0	0
44.677	0.016076	0	0
44.711	0.015539	0	0
44.744	0.015701	0	0
44.778	0.017437	0	0
44.811	0.021625	0	0
44.844	0.028145	0	0
44.878	0.034651	0	0
44.911	0.039337	0	0
44.944	0.043206	1	0
44.978	0.044552	1	0
45.011	0.043721	1	0
45.045	0.042619	1	0
45.078	0.041543	1	0
45.111	0.040836	1	0
45.145	0.040279	1	0
45.178	0.040023	1	0
45.211	0.039828	0	0
45.245	0.040026	1	0
45.278	0.039745	0	0
45.311	0.039496	0	0
45.345	0.038774	0	0
45.378	0.038178	0	0
45.412	0.038153	0	0
45.445	0.038878	0	0
45.478	0.040354	1	0
45.512	0.041826	1	0
45.545	0.043265	1	0
45.578	0.044120	1	0
45.612	0.044300	1	0
45.645	0.044592	1	0
45.678	0.045105	1	0
45.712	0.045456	1	0
45.745	0.046620	1	0
45.779	0.047494	1	0
45.812	0.047795	1	0
45.845	0.048244	1	0
45.879	0.048835	1	0
45.912	0.048572	1	0
45.945	0.049015	1	0
45.979	0.049029	1	0
46.012	0.049078	1	0
46.046	0.049459	1	0
46.079	0.050121	1	0
46.112	0.050388	1	0
46.146	0.050901	1	0
46.179	0.051584	1	0
46.212	0.051836	1	0
46.246	0.051996	1	0
46.279	0.051908	1	0
46.312	0.051780	1	0
46.346	0.051355	1	0
46.379	0.050496	1	0
46.413	0.050026	1	0
46.446	0.049440	1	0
46.479	0.049460	1	0
46.513	0.049371	1	0
46.546	0.049420	1	0
46.579	0.049591	1	0
46.613	0.050151	1	0
46.646	0.049992	1	0
46.679	0.050182	1	0
46.713	0.050578	1	0
46.746	0.049585	1	0
46.780	0.047331	1	0
46.813	0.045177	1	0
46.846	0.042382	1	0
46.880	0.038455	0	0
46.913	0.036642	0	0
46.946	0.035114	0	0
46.980	0.033080	0	0
47.013	0.031156	0	0
47.047	0.030665	0	0
47.080	0.030306	0	0
47.113	0.030358	0	0
47.147	0.031104	0	0
47.180	0.031570	0	0
47.213	0.030851	0	0
47.247	0.028680	0	0
47.280	0.026909	0	0
47.313	0.025633	0	0
47.347	0.026590	0	0
47.380	0.029994	0	0
47.414	0.035562	0	0
47.447	0.042985	0	0
47.480	0.048593	0	0
47.514	0.052722	0	0
47.547	0.054531	0	0
47.580	0.052326	0	0
47.614	0.048551	0	0
47.647	0.045329	0	0
47.680	0.042348	1	0
47.714	0.039873	0	0
47.747	0.038875	0	0
47.781	0.036380	0	0
47.814	0.034158	0	0
47.847	0.031292	0	0
47.881	0.028627	0	0
47.914	0.026064	0	0
47.947	0.025746	0	0
47.981	0.025868	0	0
48.014	0.025818	0	0
48.048	0.025055	0	0
48.081	0.024144	0	0
48.114	0.022261	0	0
48.148	0.020129	0	0
48.181	0.018270	0	0
48.214	0.017342	0	0
48.248	0.016823	0	0
48.281	0.016126	0	0
48.314	0.016085	0	0
48.348	0.015822	0	0
48.381	0.015573	0	0
48.415	0.015846	0	0
48.448	0.016161	0	0
48.481	0.016209	0	0
48.515	0.015998	0	0
48.548	0.016526	0	0
48.581	0.016082	0	0
48.615	0.015558	0	0
48.648	0.015496	0	0
48.681	0.016203	0	0
48.715	0.017405	0	0
48.748	0.022128	0	0
48.782	0.027598	0	0
48.815	0.036565	0	0
48.848	0.045186	0	0
48.882	0.052403	0	0
48.915	0.056069	0	0
48.948	0.056921	0	0
48.982	0.052825	0	0
49.015	0.049142	0	0
49.049	0.045570	0	0
49.082	0.042409	0	0
49.115	0.041199	0	0
49.149	0.040674	1	0
49.182	0.039520	0	0
49.215	0.038437	0	0
49.249	0.037298	0	0
49.282	0.036222	0	0
49.315	0.035226	0	0
49.349	0.034932	0	0
49.382	0.034459	0	0
49.416	0.034324	0	0
49.449	0.033942	0	0
49.482	0.033543	0	0
49.516	0.033591	0	0
49.549	0.033892	0	0
49.582	0.033420	0	0
49.616	0.033387	0	0
49.649	0.033205	0	0
49.682	0.032237	0	0
49.716	0.030543	0	0
49.749	0.029662	0	0
49.783	0.028388	0	0
49.816	0.027005	0	0
49.849	0.025541	0	0
49.883	0.024877	0	0
49.916	0.023983	0	0
49.949	0.023350	0	0
49.983	0.022912	0	0
50.016	0.023116	0	0
50.050	0.023609	0	0
50.083	0.023692	0	0
50.116	0.024141	0	0
50.150	0.024941	0	0
50.183	0.025063	0	0
50.216	0.024626	0	0
50.250	0.024631	0	0
50.283	0.024131	0	0
50.316	0.023627	0	0
50.350	0.023028	0	0
50.383	0.022102	0	0
50.417	0.021599	0	0
50.450	0.021052	0	0
50.483	0.019724	0	0
50.517	0.019572	0	0
50.550	0.019740	0	0
50.583	0.019209	0	0
50.617	0.018795	0	0
50.650	0.018922	0	0
50.683	0.018295	0	0
50.717	0.018008	0	0
50.750	0.017805	0	0
50.784	0.017717	0	0
50.817	0.017515	0	0
50.850	0.016883	0	0
50.884	0.016268	0	0
50.917	0.016335	0	0
50.950	0.016490	0	0
50.984	0.016504	0	0
51.017	0.017373	0	0
51.051	0.017671	0	0
51.084	0.017335	0	0
51.117	0.017252	0	0
51.151	0.017635	0	0
51.184	0.017335	0	0
51.217	0.017442	0	0
51.251	0.018059	0	0
51.284	0.018621	0	0
51.317	0.020587	0	0
51.351	0.024549	0	0
51.384	0.029069	0	0
51.418	0.033540	0	0
51.451	0.037516	0	0
51.484	0.038029	0	0
51.518	0.034424	0	0
51.551	0.028153	0	0
51.584	0.021582	0	0
51.618	0.015647	0	0
51.651	0.011493	0	0
51.684	0.009761	0	0
51.718	0.009872	0	0
51.751	0.009973	0	0
51.785	0.009737	0	0
51.818	0.009768	0	0
51.851	0.010138	0	0
51.885	0.011620	0	0
51.918	0.013629	0	0
51.951	0.015873	0	0
51.985	0.017176	0	0
52.018	0.018051	0	0
52.052	0.018375	0	0
52.085	0.018766	0	0
52.118	0.018664	0	0
52.152	0.019044	0	0
52.185	0.019599	0	0
52.218	0.019246	0	0
52.252	0.019021	0	0
52.285	0.017951	0	0
52.318	0.017426	0	0
52.352	0.017207	0	0
52.385	0.016867	0	0
52.419	0.015723	0	0
52.452	0.016138	0	0
52.485	0.016513	0	0
52.519	0.016759	0	0
52.552	0.016999	0	0
52.585	0.017008	0	0
52.619	0.016463	0	0
52.652	0.015972	0	0
52.685	0.014942	0	0
52.719	0.015185	0	0
52.752	0.015028	0	0
52.786	0.014760	0	0
52.819	0.014297	0	0
52.852	0.013902	0	0
52.886	0.013076	0	0
52.919	0.012519	0	0
52.952	0.012346	0	0
52.986	0.012120	0	0
53.019	0.011836	0	0
53.053	0.011092	0	0
53.086	0.010946	0	0
53.119	0.010389	0	0
53.153	0.010139	0	0
53.186	0.009389	0	0
53.219	0.009208	0	0
53.253	0.008864	0	0
53.286	0.008373	0	0
53.319	0.007689	0	0
53.353	0.007929	0	0
53.386	0.007481	0	0
53.420	0.007147	0	0
53.453	0.007652	0	0
53.486	0.007293	0	0
53.520	0.007105	0	0
53.553	0.007317	0	0
53.586	0.007296	0	0
53.620	0.007184	0	0
53.653	0.007512	0	0
53.686	0.007093	0	0
53.720	0.006754	0	0
53.753	0.006576	0	0
53.787	0.005959	0	0
53.820	0.005847	0	0
53.853	0.006282	0	0
53.887	0.006348	0	0
53.920	0.006537	0	0
53.953	0.006753	0	0
53.987	0.006644	0	0
54.020	0.006306	0	0
54.054	0.006407	0	0
54.087	0.006207	0	0
54.120	0.006133	0	0
54.154	0.005969	0	0
54.187	0.006252	0	0
54.220	0.006880	0	0
54.254	0.007403	0	0
54.287	0.007476	0	0
54.320	0.008179	0	0
54.354	0.008898	0	0
54.387	0.008999	0	0
54.421	0.009380	0	0
54.454	0.010069	0	0
54.487	0.010023	0	0
54.521	0.010360	0	0
54.554	0.010643	0	0
54.587	0.010629	0	0
54.621	0.010805	0	0
54.654	0.012104	0	0
54.687	0.014675	0	0
54.721	0.020310	0	0
54.754	0.026637	0	1
54.788	0.032806	0	1
54.821	0.038700	0	1
54.854	0.042310	0	0
54.888	0.042966	0	0
54.921	0.043198	0	0
54.954	0.043017	0	0
54.988	0.042465	0	0
55.021	0.042083	0	0
55.055	0.041583	0	0
55.088	0.040670	0	0
55.121	0.042229	0	0
55.155	0.044269	0	0
55.188	0.046304	0	0
55.221	0.048541	0	0
55.255	0.051476	0	0
55.288	0.052047	0	0
55.321	0.051099	0	0
55.355	0.049609	0	0
55.388	0.047944	0	0
55.422	0.045436	0	0
55.455	0.043295	0	0
55.488	0.041617	0	0
55.522	0.041298	0	0
55.555	0.040894	0	0
55.588	0.041202	0	0
55.622	0.041379	0	0
55.655	0.043673	0	0
55.688	0.045883	0	0
55.722	0.049651	0	0
55.755	0.053861	0	0
55.789	0.058098	0	0
55.822	0.061502	0	0
55.855	0.065425	0	0
55.889	0.068021	0	0
55.922	0.069061	0	0
55.955	0.070885	0	0
55.989	0.071557	0	0
56.022	0.073277	0	0
56.056	0.075138	0	0
56.089	0.078185	0	0
56.122	0.077426	0	0
56.156	0.076507	0	0
56.189	0.073450	0	0
56.222	0.071112	0	0
56.256	0.066697	0	0
56.289	0.064843	0	0
56.322	0.062398	0	0
56.356	0.057142	0	0
56.389	0.050745	0	0
56.423	0.046442	1	0
56.456	0.042501	1	0
56.489	0.039262	0	0
56.523	0.038956	0	0
56.556	0.038957	0	0
56.589	0.038673	0	0
56.623	0.038591	0	0
56.656	0.038773	0	0
56.689	0.038807	0	0
56.723	0.038868	0	0
56.756	0.038839	0	0
56.790	0.038486	0	0
56.823	0.038277	0	0
56.856	0.037973	0	0
56.890	0.037371	0	0
56.923	0.036961	0	0
56.956	0.036782	0	0
56.990	0.036469	0	0
57.023	0.036085	0	0
57.057	0.035620	0	0
57.090	0.034724	0	0
57.123	0.034026	0	0
57.157	0.033295	0	0
57.190	0.032713	0	0
57.223	0.032328	0	0
57.257	0.032028	0	0
57.290	0.031797	0	0
57.323	0.031599	0	0
57.357	0.030740	0	0
57.390	0.030205	0	0
57.424	0.029878	0	0
57.457	0.029085	0	0
57.490	0.028818	0	0
57.524	0.029019	0	0
57.557	0.028876	0	0
57.590	0.028762	0	0
57.624	0.028729	0	0
57.657	0.028269	0	0
57.690	0.027537	0	0
57.724	0.027398	0	0
57.757	0.026684	0	0
57.791	0.026297	0	0
57.824	0.025882	0	0
57.857	0.026195	0	0
57.891	0.025853	0	0
57.924	0.025903	0	0
57.957	0.025599	0	0
57.991	0.025434	0	0
58.024	0.024793	0	0
58.058	0.024083	0	0
58.091	0.024016	0	0
58.124	0.024021	0	0
58.158	0.023729	0	0
58.191	0.023332	0	0
58.224	0.023299	0	0
58.258	0.022770	0	0
58.291	0.022087	0	0
58.324	0.021076	0	0
58.358	0.020214	0	0
58.391	0.019350	0	0
58.425	0.018610	0	0
58.458	0.018045	0	0
58.491	0.017882	0	0
58.525	0.018176	0	0
58.558	0.018670	0	0
58.591	0.018993	0	0
58.625	0.019701	0	0
58.658	0.023557	0	0
58.691	0.028344	0	0
58.725	0.035182	0	0
58.758	0.042925	0	0
58.792	0.050070	0	0
58.825	0.053476	0	0
58.858	0.054073	0	0
58.892	0.051079	0	0
58.925	0.047324	0	0
58.958	0.043801	0	0
58.992	0.040857	0	0
59.025	0.039582	0	0
59.059	0.038896	0	0
59.092	0.038516	0	0
59.125	0.037936	0	0
59.159	0.037295	0	0
59.192	0.036216	0	0
59.225	0.035177	0	0
59.259	0.033591	0	0
59.292	0.032484	0	0
59.325	0.031052	0	0
59.359	0.029437	0	0
59.392	0.028435	0	0
59.426	0.027794	0	0
59.459	0.027109	0	0
59.492	0.026614	0	0
59.526	0.026841	0	0
59.559	0.026815	0	0
59.592	0.026100	0	0
59.626	0.025311	0	0
59.659	0.024667	0	0
59.692	0.023649	0	0
59.726	0.023044	0	0
59.759	0.022833	0	0
59.793	0.022511	0	0
59.826	0.022304	0	0
59.859	0.021803	0	0
59.893	0.021255	0	0
59.926	0.020870	0	0
59.959	0.020526	0	0
59.993	0.019920	0	0
60.026	0.019347	0	0
60.060	0.018512	0	0
60.093	0.017799	0	0
60.126	0.017007	0	0
60.160	0.016669	0	0
60.193	0.016435	0	0
60.226	0.016774	0	0
60.260	0.016674	0	0
60.293	0.016752	0	0
60.326	0.016279	0	0
60.360	0.016247	0	0
60.393	0.015873	0	0
60.427	0.015940	0	0
60.460	0.015702	0	0
60.493	0.015826	0	0
60.527	0.016512	0	0
60.560	0.017201	0	0
60.593	0.018190	0	0
60.627	0.019017	0	0
60.660	0.019835	0	0
60.693	0.019572	0	0
60.727	0.019471	0	0
60.760	0.018893	0	0
60.794	0.018799	0	0
60.827	0.018770	0	0
60.860	0.018844	0	0
60.894	0.018777	0	0
60.927	0.018997	0	0
60.960	0.018916	0	0
60.994	0.018808	0	0
61.027	0.018643	0	0
61.061	0.018333	0	0
61.094	0.017783	0	0
61.127	0.017708	0	0
61.161	0.017347	0	0
61.194	0.017646	0	0
61.227	0.017595	0	0
61.261	0.017706	0	0
61.294	0.017466	0	0
61.327	0.017373	0	0
61.361	0.017049	0	0
61.394	0.017126	0	0
61.428	0.017329	0	0
61.461	0.017454	0	0
61.494	0.017591	0	0
61.528	0.017569	0	0
61.561	0.017622	0	0
61.594	0.017064	0	0
61.628	0.016774	0	0
61.661	0.016422	0	0
61.694	0.016305	0	0
61.728	0.015941	0	0
61.761	0.015965	0	0
61.795	0.015440	0	0
61.828	0.015494	0	0
61.861	0.015053	0	0
61.895	0.015195	0	0
61.928	0.014922	0	0
61.961	0.014911	0	0
61.995	0.014834	0	0
62.028	0.014930	0	0
62.062	0.014699	0	0
62.095	0.014623	0	0
62.128	0.014680	0	0
62.162	0.014339	0	0
62.195	0.014250	0	0
62.228	0.014197	0	0
62.262	0.014379	0	0
62.295	0.014397	0	0
62.328	0.014391	0	0
62.362	0.014417	0	0
62.395	0.014126	0	0
62.429	0.013888	0	0
62.462	0.013973	0	0
62.495	0.013743	0	0
62.529	0.013717	0	0
62.562	0.013852	0	0
62.595	0.013998	0	0
62.629	0.013548	0	0
62.662	0.013612	0	0
62.695	0.013370	0	0
62.729	0.013405	0	0
62.762	0.013016	0	0
62.796	0.013266	0	0
62.829	0.013142	0	0
62.862	0.012935	0	0
62.896	0.012567	0	0
62.929	0.012621	0	0
62.962	0.012174	0	0
62.996	0.011965	0	0
63.029	0.012003	0	0
63.063	0.012329	0	0
63.096	0.012282	0	0
63.129	0.012650	0	0
63.163	0.013440	0	0
63.196	0.013536	0	0
63.229	0.013247	0	0
63.263	0.013581	0	0
63.296	0.013655	0	0
63.329	0.013467	0	0
63.363	0.013142	0	0
63.396	0.012917	0	0
63.430	0.012651	0	0
63.463	0.012457	0	0
63.496	0.012469	0	0
63.530	0.013313	0	0
63.563	0.014362	0	0
63.596	0.014844	0	0
63.630	0.015725	0	0
63.663	0.015840	0	0
63.696	0.015526	0	0
63.730	0.015119	0	0
63.763	0.015057	0	0
63.797	0.014486	0	0
63.830	0.014287	0	0
63.863	0.014000	0	0
63.897	0.013177	0	0
63.930	0.012686	0	0
63.963	0.012449	0	0
63.997	0.011722	0	0
64.030	0.011942	0	0
64.064	0.012003	0	0
64.097	0.011790	0	0
64.130	0.011937	0	0
64.164	0.012727	0	0
64.197	0.012300	0	0
64.230	0.012708	0	0
64.264	0.012627	0	0
64.297	0.012313	0	0
64.330	0.011873	0	0
64.364	0.011736	0	0
64.397	0.011523	0	0
64.431	0.011911	0	0
64.464	0.011713	0	0
64.497	0.011965	0	0
64.531	0.012632	0	0
64.564	0.012931	0	0
64.597	0.012462	0	0
64.631	0.013046	0	0
64.664	0.012552	0	0
64.697	0.011960	0	0
64.731	0.012307	0	0
64.764	0.012697	0	0
64.798	0.011922	0	0
64.831	0.012157	0	0
64.864	0.012321	0	0
64.898	0.011862	0	0
64.931	0.011859	0	0
64.964	0.012605	0	0
64.998	0.012396	0	0
65.031	0.012453	0	0
65.065	0.012450	0	0
65.098	0.012394	0	0
65.131	0.012046	0	0
65.165	0.012647	0	0
65.198	0.012420	0	0
65.231	0.012463	0	0
65.265	0.012457	0	0
65.298	0.012288	0	0
65.331	0.011844	0	0
65.365	0.011876	0	0
65.398	0.011516	0	0
65.432	0.011320	0	0
65.465	0.011311	0	0
65.498	0.011325	0	0
65.532	0.011743	0	0
65.565	0.012057	0	0
65.598	0.012018	0	0
65.632	0.012010	0	0
65.665	0.012058	0	0
65.698	0.011982	0	0
65.732	0.011847	0	0
65.765	0.012117	0	0
65.799	0.012140	0	0
65.832	0.012015	0	0
65.865	0.012239	0	0
65.899	0.012558	0	0
65.932	0.012711	0	0
65.965	0.013093	0	0
65.999	0.013716	0	0
66.032	0.014243	0	0
66.066	0.014867	0	0
66.099	0.015371	0	0
66.132	0.016132	0	0
66.166	0.016524	0	0
66.199	0.016382	0	0
66.232	0.016540	0	0
66.266	0.019137	0	0
66.299	0.024445	0	0
66.332	0.032920	0	0
66.366	0.041845	0	0
66.399	0.050982	0	0
66.433	0.056909	0	0
66.466	0.057359	0	0
66.499	0.053507	0	0
66.533	0.049521	0	0
66.566	0.045175	0	0
66.599	0.041470	0	0
66.633	0.040048	1	0
66.666	0.040172	1	0
66.699	0.039288	0	0
66.733	0.038742	0	0
66.766	0.038154	0	0
66.800	0.037802	0	0
66.833	0.036872	0	0
66.866	0.036510	0	0
66.900	0.035319	0	0
66.933	0.034815	0	0
66.966	0.033369	0	0
67.000	0.032217	0	0
67.033	0.030682	0	0
67.067	0.028870	0	0
67.100	0.026506	0	0
67.133	0.025319	0	0
67.167	0.024129	0	0
67.200	0.023680	0	0
67.233	0.023348	0	0
67.267	0.023486	0	0
67.300	0.022945	0	0
67.333	0.022771	0	0
67.367	0.022442	0	0
67.400	0.022194	0	0
67.434	0.021891	0	0
67.467	0.022058	0	0
67.500	0.021810	0	0
67.534	0.021825	0	0
67.567	0.022319	0	0
67.600	0.022377	0	0
67.634	0.022582	0	0
67.667	0.023040	0	0
67.700	0.022772	0	0
67.734	0.022902	0	0
67.767	0.023046	0	0
67.801	0.023058	0	0
67.834	0.022959	0	0
67.867	0.022852	0	0
67.901	0.022588	0	0
67.934	0.022436	0	0
67.967	0.022033	0	0
68.001	0.021568	0	0
68.034	0.021583	0	0
68.068	0.021167	0	0
68.101	0.020655	0	0
68.134	0.020848	0	0
68.168	0.020935	0	0
68.201	0.020453	0	0
68.234	0.020596	0	0
68.268	0.020591	0	0
68.301	0.020109	0	0
68.334	0.020179	0	0
68.368	0.020663	0	0
68.401	0.020260	0	0
68.435	0.020597	0	0
68.468	0.020974	0	0
68.501	0.021175	0	0
68.535	0.021769	0	0
68.568	0.022564	0	0
68.601	0.022601	0	0
68.635	0.022554	0	0
68.668	0.022368	0	0
68.701	0.021493	0	0
68.735	0.021211	0	0
68.768	0.021175	0	0
68.802	0.020824	0	0
68.835	0.020683	0	0
68.868	0.021087	0	0
68.902	0.021497	0	0
68.935	0.022899	0	0
68.968	0.025878	0	0
69.002	0.027678	0	1
69.035	0.029782	0	1
69.069	0.030823	0	1
69.102	0.032814	0	1
69.135	0.035420	0	0
69.169	0.040907	1	0
69.202	0.047505	1	0
69.235	0.052262	1	0
69.269	0.053784	1	0
69.302	0.052685	1	0
69.335	0.048122	1	0
69.369	0.041674	1	0
69.402	0.039225	0	0
69.436	0.038663	0	0
69.469	0.039196	0	0
69.502	0.041211	1	0
69.536	0.044276	1	0
69.569	0.045942	1	0
69.602	0.046379	1	0
69.636	0.044427	1	0
69.669	0.038782	0	0
69.702	0.032181	0	0
69.736	0.028275	0	1
69.769	0.024707	0	1
69.803	0.023529	0	1
69.836	0.027852	0	1
69.869	0.034362	0	1
69.903	0.038364	0	1
69.936	0.044492	0	0
69.969	0.050351	0	0
70.003	0.053449	0	0
70.036	0.055065	0	0
70.070	0.057134	0	0
70.103	0.056600	0	0
70.136	0.055581	0	0
70.170	0.056145	0	0
70.203	0.056238	0	0
70.236	0.057368	0	0
70.270	0.061059	0	0
70.303	0.065744	0	0
70.336	0.068399	0	0
70.370	0.071656	0	0
70.403	0.073900	0	0
70.437	0.075811	0	0
70.470	0.077790	0	0
70.503	0.080524	0	0
70.537	0.083511	0	0
70.570	0.085172	0	0
70.603	0.081052	0	0
70.637	0.074644	0	0
70.670	0.065232	0	0
70.703	0.054315	1	0
70.737	0.043224	1	0
70.770	0.036863	0	0
70.804	0.030354	0	0
70.837	0.027021	0	0
70.870	0.024335	0	0
70.904	0.022465	0	0
70.937	0.020203	0	0
70.970	0.021349	0	0
71.004	0.023771	0	0
71.037	0.026954	0	0
71.071	0.033305	0	0
71.104	0.041728	0	0
71.137	0.050973	0	0
71.171	0.057691	0	0
71.204	0.061993	0	0
71.237	0.061703	0	0
71.271	0.057042	0	0
71.304	0.049451	0	0
71.337	0.042928	1	0
71.371	0.037981	0	0
71.404	0.034455	0	0
71.438	0.033293	0	0
71.471	0.032663	0	0
71.504	0.032313	0	0
71.538	0.032258	0	0
71.571	0.031810	0	0
71.604	0.031555	0	0
71.638	0.031071	0	0
71.671	0.030843	0	0
71.704	0.030207	0	0
71.738	0.029878	0	0
71.771	0.029364	0	0
71.805	0.029179	0	0
71.838	0.028668	0	0
71.871	0.027965	0	0
71.905	0.027145	0	0
71.938	0.026223	0	0
71.971	0.025109	0	0
72.005	0.024169	0	0
72.038	0.023115	0	0
72.072	0.022156	0	0
72.105	0.021055	0	0
72.138	0.020164	0	0
72.172	0.019121	0	0
72.205	0.018599	0	0
72.238	0.017727	0	0
72.272	0.018085	0	0
72.305	0.017926	0	0
72.338	0.017965	0	0
72.372	0.017881	0	0
72.405	0.018173	0	0
72.439	0.017606	0	0
72.472	0.017371	0	0
72.505	0.017790	0	0
72.539	0.020237	0	0
72.572	0.023130	0	0
72.605	0.025655	0	0
72.639	0.027966	0	0
72.672	0.029862	0	0
72.705	0.029749	0	0
72.739	0.029046	0	0
72.772	0.028412	0	0
72.806	0.027949	0	0
72.839	0.027265	0	0
72.872	0.027136	0	0
72.906	0.028632	0	0
72.939	0.031227	0	0
72.972	0.037229	0	0
73.006	0.045411	0	0
73.039	0.052720	0	0
73.073	0.057246	0	0
73.106	0.060780	0	0
73.139	0.058397	0	0
73.173	0.053220	0	0
73.206	0.047759	0	0
73.239	0.043406	0	0
73.273	0.038455	0	0
73.306	0.036078	0	0
73.339	0.034609	0	0
73.373	0.033721	0	0
73.406	0.032420	0	0
73.440	0.032090	0	0
73.473	0.032106	0	0
73.506	0.031967	0	0
73.540	0.031830	0	0
73.573	0.031580	0	0
73.606	0.031477	0	0
73.640	0.030402	0	0
73.673	0.029387	0	0
73.706	0.028910	0	0
73.740	0.029010	0	0
73.773	0.028077	0	0
73.807	0.028060	0	0
73.840	0.028051	0	0
73.873	0.027555	0	0
73.907	0.027488	0	0
73.940	0.028117	0	0
73.973	0.029741	0	0
74.007	0.032146	0	0
74.040	0.035633	0	0
74.074	0.039959	0	0
74.107	0.044813	1	0
74.140	0.046541	1	0
74.174	0.046168	1	0
74.207	0.045305	1	0
74.240	0.043391	1	0
74.274	0.041971	1	0
74.307	0.041548	1	0
74.340	0.042959	1	0
74.374	0.044185	1	0
74.407	0.045172	1	0
74.441	0.043433	1	0
74.474	0.042323	1	0
74.507	0.039468	0	0
74.541	0.034727	0	0
74.574	0.029996	0	0
74.607	0.025947	0	0
74.641	0.024693	0	0
74.674	0.025420	0	0
74.707	0.026275	0	1
74.741	0.029282	0	1
74.774	0.034643	0	1
74.808	0.038060	0	1
74.841	0.041704	0	0
74.874	0.047238	0	0
74.908	0.051103	0	0
74.941	0.054172	0	0
74.974	0.056789	0	0
75.008	0.058829	0	0
75.041	0.060922	0	0
75.075	0.063042	0	0
75.108	0.066745	0	0
75.141	0.069873	0	0
75.175	0.072015	0	0
75.208	0.074536	0	0
75.241	0.078103	0	0
75.275	0.080936	0	0
75.308	0.084203	0	0
75.341	0.088795	0	0
75.375	0.092329	0	0
75.408	0.094377	0	0
75.442	0.095199	0	0
75.475	0.095972	0	0
75.508	0.087250	0	0
75.542	0.074919	0	0
75.575	0.061149	0	0
75.608	0.045983	1	0
75.642	0.030831	0	0
75.675	0.023504	0	0
75.708	0.020516	0	0
75.742	0.018174	0	0
75.775	0.017598	0	0
75.809	0.017551	0	0
75.842	0.018588	0	0
75.875	0.018697	0	0
75.909	0.019447	0	0
75.942	0.021202	0	0
75.975	0.025780	0	0
76.009	0.035658	0	0
76.042	0.047061	0	0
76.076	0.057024	0	0
76.109	0.062617	0	0
76.142	0.062740	0	0
76.176	0.056239	0	0
76.209	0.048272	1	0
76.242	0.042222	1	0
76.276	0.037516	0	0
76.309	0.034036	0	0
76.342	0.030192	0	0
76.376	0.027150	0	0
76.409	0.025698	0	0
76.443	0.026395	0	0
76.476	0.025652	0	0
76.509	0.026729	0	0
76.543	0.027572	0	0
76.576	0.026834	0	0
76.609	0.025678	0	0
76.643	0.027412	0	0
76.676	0.028780	0	0
76.709	0.029855	0	0
76.743	0.030076	0	0
76.776	0.029679	0	0
76.810	0.027654	0	0
76.843	0.025457	0	0
76.876	0.021540	0	0
76.910	0.023704	0	0
76.943	0.030042	0	0
76.976	0.032777	0	0
77.010	0.034696	0	0
77.043	0.038599	0	0
77.077	0.037266	0	0
77.110	0.033009	0	0
77.143	0.033423	0	0
77.177	0.035297	0	0
77.210	0.037541	0	0
77.243	0.038616	0	0
77.277	0.039026	0	0
77.310	0.038641	0	0
77.343	0.037813	0	0
77.377	0.037328	0	0
77.410	0.036159	0	0
77.444	0.035481	0	0
77.477	0.035246	0	0
77.510	0.033900	0	0
77.544	0.030814	0	0
77.577	0.028212	0	0
77.610	0.025147	0	0
77.644	0.021587	0	0
77.677	0.022375	0	0
77.710	0.025236	0	0
77.744	0.030972	0	1
77.777	0.038479	0	1
77.811	0.047037	0	0
77.844	0.052559	0	0
77.877	0.056384	0	0
77.911	0.059967	0	0
77.944	0.064272	0	0
77.977	0.071319	0	0
78.011	0.079206	0	0
78.044	0.086992	0	0
78.078	0.091886	0	0
78.111	0.091959	0	0
78.144	0.085769	0	0
78.178	0.072679	0	0
78.211	0.060157	0	0
78.244	0.052820	0	0
78.278	0.047021	1	0
78.311	0.044405	1	0
78.344	0.047786	1	0
78.378	0.051631	1	0
78.411	0.051412	1	0
78.445	0.048264	0	0
78.478	0.045160	0	0
78.511	0.041956	0	0
78.545	0.038776	0	1
78.578	0.037279	0	1
78.611	0.039923	0	0
78.645	0.043256	1	0
78.678	0.045517	1	0
78.711	0.046884	1	0
78.745	0.045755	1	0
78.778	0.041516	1	0
78.812	0.035992	0	0
78.845	0.030636	0	0
78.878	0.025246	0	0
78.912	0.020837	0	0
78.945	0.018853	0	0
78.978	0.017543	0	0
79.012	0.016856	0	0
79.045	0.017100	0	0
79.079	0.017014	0	0
79.112	0.016335	0	0
79.145	0.016382	0	0
79.179	0.016387	0	0
79.212	0.016113	0	0
79.245	0.015808	0	0
79.279	0.016443	0	0
79.312	0.016101	0	0
79.345	0.015774	0	0
79.379	0.015041	0	0
79.412	0.014500	0	0
79.446	0.013519	0	0
79.479	0.012780	0	0
79.512	0.012359	0	0
79.546	0.012487	0	0
79.579	0.012868	0	0
79.612	0.012821	0	0
79.646	0.012947	0	0
79.679	0.016548	0	0
79.712	0.021909	0	0
79.746	0.031279	0	1
79.779	0.042092	0	0
79.813	0.049473	0	0
79.846	0.051636	0	0
79.879	0.051009	0	0
79.913	0.046232	0	0
79.946	0.039129	0	0
79.979	0.034784	0	0
80.013	0.031758	0	0
80.046	0.028732	0	0
80.080	0.025285	0	0
80.113	0.022777	0	0
80.146	0.020547	0	0
80.180	0.018530	0	0
80.213	0.017188	0	0
80.246	0.017600	0	0
80.280	0.018330	0	0
80.313	0.019220	0	0
80.346	0.019430	0	0
80.380	0.018944	0	0
80.413	0.018055	0	0
80.447	0.017661	0	0
80.480	0.018064	0	0
80.513	0.019868	0	0
80.547	0.023760	0	0
80.580	0.027259	0	0
80.613	0.030152	0	0
80.647	0.032763	0	0
80.680	0.034373	0	0
80.713	0.034927	0	0
80.747	0.035698	0	0
80.780	0.037528	0	0
80.814	0.039039	0	0
80.847	0.041425	1	0
80.880	0.043390	1	0
80.914	0.044629	1	0
80.947	0.044917	1	0
80.980	0.045423	1	0
81.014	0.045455	1	0
81.047	0.045574	1	0
81.081	0.045886	1	0
81.114	0.046263	1	0
81.147	0.046253	1	0
81.181	0.046342	1	0
81.214	0.046584	1	0
81.247	0.046575	1	0
81.281	0.046438	1	0
81.314	0.046372	1	0
81.347	0.046029	1	0
81.381	0.045463	1	0
81.414	0.044804	1	0
81.448	0.044112	1	0
81.481	0.043377	1	0
81.514	0.042907	1	0
81.548	0.043014	1	0
81.581	0.043540	1	0
81.614	0.044161	1	0
81.648	0.045830	1	0
81.681	0.047681	1	0
81.714	0.048834	1	0
81.748	0.046940	1	0
81.781	0.042863	1	0
81.815	0.038348	0	0
81.848	0.034177	0	0
81.881	0.031487	0	0
81.915	0.031613	0	0
81.948	0.034437	0	0
81.981	0.033955	0	0
82.015	0.031454	0	0
82.048	0.031194	0	0
82.082	0.033375	0	0
82.115	0.035940	0	0
82.148	0.040629	1	0
82.182	0.045476	1	0
82.215	0.047074	1	0
82.248	0.044922	1	0
82.282	0.042345	1	0
82.315	0.040575	1	0
82.348	0.040957	1	0
82.382	0.040667	1	0
82.415	0.042188	1	0
82.449	0.042452	1	0
82.482	0.043073	1	0
82.515	0.042831	1	0
82.549	0.041872	1	0
82.582	0.040363	1	0
82.615	0.040183	1	0
82.649	0.038871	0	0
82.682	0.039640	0	0
82.715	0.040516	1	0
82.749	0.041125	1	0
82.782	0.041970	1	0
82.816	0.043414	1	0
82.849	0.043975	1	0
82.882	0.045509	1	0
82.916	0.049702	1	0
82.949	0.050124	1	0
82.982	0.048698	0	0
83.016	0.048098	0	0
83.049	0.052832	0	0
83.083	0.056883	0	0
83.116	0.064902	0	0
83.149	0.075048	0	0
83.183	0.082620	0	0
83.216	0.086295	0	0
83.249	0.088069	0	0
83.283	0.087825	0	0
83.316	0.085874	0	0
83.349	0.083236	0	0
83.383	0.074859	0	0
83.416	0.065220	0	0
83.450	0.056508	0	0
83.483	0.048739	1	0
83.516	0.042025	1	0
83.550	0.040551	1	0
83.583	0.042405	0	0
83.616	0.049005	0	0
83.650	0.058302	0	0
83.683	0.068079	0	0
83.716	0.075715	0	0
83.750	0.080529	0	0
83.783	0.079389	0	0
83.817	0.073761	0	0
83.850	0.065891	0	0
83.883	0.057834	0	0
83.917	0.050538	1	0
83.950	0.043727	1	0
83.983	0.038746	0	0
84.017	0.035644	0	0
84.050	0.033301	0	0
84.084	0.030935	0	0
84.117	0.029475	0	0
84.150	0.028530	0	0
84.184	0.027575	0	0
84.217	0.026914	0	0
84.250	0.026274	0	0
84.284	0.025475	0	0
84.317	0.024138	0	0
84.350	0.022854	0	0
84.384	0.020973	0	0
84.417	0.018323	0	0
84.451	0.020118	0	0
84.484	0.024371	0	0
84.517	0.029248	0	0
84.551	0.034677	0	0
84.584	0.041028	1	0
84.617	0.043239	1	0
84.651	0.042965	1	0
84.684	0.042090	1	0
84.717	0.040314	1	0
84.751	0.034278	0	0
84.784	0.029513	0	0
84.818	0.026492	0	0
84.851	0.023705	0	0
84.884	0.027812	0	0
84.918	0.037019	0	0
84.951	0.044548	1	0
84.984	0.049732	1	0
85.018	0.054182	1	0
85.051	0.053930	1	0
85.085	0.051388	1	0
85.118	0.048392	1	0
85.151	0.046474	1	0
85.185	0.043159	1	0
85.218	0.037677	0	0
85.251	0.034395	0	0
85.285	0.032845	0	1
85.318	0.029946	0	1
85.351	0.029354	0	1
85.385	0.032167	0	1
85.418	0.034995	0	1
85.452	0.037743	0	1
85.485	0.043861	0	0
85.518	0.052957	0	0
85.552	0.062952	0	0
85.585	0.073602	0	0
85.618	0.083979	0	0
85.652	0.092847	0	0
85.685	0.098052	0	0
85.718	0.099013	0	0
85.752	0.098064	0	0
85.785	0.096167	0	0
85.819	0.092965	0	0
85.852	0.089847	0	0
85.885	0.087470	0	0
85.919	0.084276	0	0
85.952	0.077894	0	0
85.985	0.069578	1	0
86.019	0.060769	1	0
86.052	0.052571	1	0
86.086	0.045817	1	0
86.119	0.043238	1	0
86.152	0.048460	1	0
86.186	0.057190	0	0
86.219	0.064989	0	0
86.252	0.073016	0	0
86.286	0.080211	0	0
86.319	0.078369	0	0
86.352	0.071201	0	0
86.386	0.063525	0	0
86.419	0.054970	0	0
86.453	0.046668	1	0
86.486	0.041772	1	0
86.519	0.038990	0	0
86.553	0.037385	0	0
86.586	0.036482	0	0
86.619	0.035608	0	0
86.653	0.034836	0	0
86.686	0.033972	0	0
86.719	0.033139	0	0
86.753	0.032704	0	0
86.786	0.031405	0	0
86.820	0.031034	0	0
86.853	0.031029	0	0
86.886	0.031106	0	0
86.920	0.030471	0	0
86.953	0.030535	0	0
86.986	0.030100	0	0
87.020	0.030148	0	0
87.053	0.029777	0	0
87.087	0.029791	0	0
87.120	0.029614	0	0
87.153	0.029512	0	0
87.187	0.029580	0	0
87.220	0.029939	0	0
87.253	0.029521	0	0
87.287	0.029628	0	0
87.320	0.030410	0	0
87.353	0.030925	0	0
87.387	0.031486	0	0
87.420	0.032955	0	0
87.454	0.034358	0	0
87.487	0.034720	0	0
87.520	0.034944	0	0
87.554	0.035817	0	0
87.587	0.036453	0	0
87.620	0.036661	0	0
87.654	0.037658	0	0
87.687	0.039162	0	0
87.720	0.041953	0	0
87.754	0.047749	0	0
87.787	0.054163	0	0
87.821	0.057376	0	0
87.854	0.057591	0	0
87.887	0.055056	0	0
87.921	0.049053	0	0
87.954	0.042647	1	0
87.987	0.038732	0	0
88.021	0.037115	0	0
88.054	0.038727	0	0
88.088	0.046215	0	0
88.121	0.055298	0	0
88.154	0.063943	0	0
88.188	0.071432	0	0
88.221	0.073779	0	0
88.254	0.067909	0	0
88.288	0.059511	0	0
88.321	0.051226	0	0
88.354	0.043833	1	0
88.388	0.038906	0	0
88.421	0.037000	0	0
88.455	0.036134	0	0
88.488	0.035639	0	0
88.521	0.036014	0	0
88.555	0.036768	0	0
88.588	0.037238	0	0
88.621	0.037742	0	0
88.655	0.038228	0	0
88.688	0.038102	0	0
88.721	0.038056	0	0
88.755	0.038129	0	0
88.788	0.037864	0	0
88.822	0.037667	0	0
88.855	0.037700	0	0
88.888	0.037584	0	0
88.922	0.037690	0	0
88.955	0.038062	0	0
88.988	0.039004	0	0
89.022	0.039702	0	0
89.055	0.040513	1	0
89.089	0.041172	1	0
89.122	0.041495	1	0
89.155	0.041508	1	0
89.189	0.041351	1	0
89.222	0.041053	1	0
89.255	0.040608	1	0
89.289	0.040621	1	0
89.322	0.040274	1	0
89.355	0.039337	0	0
89.389	0.038401	0	0
89.422	0.037030	0	0
89.456	0.035894	0	0
89.489	0.035167	0	0
89.522	0.034975	0	0
89.556	0.035915	0	0
89.589	0.037181	0	0
89.622	0.037809	0	0
89.656	0.037570	0	0
89.689	0.038320	0	0
89.722	0.038155	0	0
89.756	0.038572	0	0
89.789	0.037927	0	0
89.823	0.038494	0	0
89.856	0.039452	0	0
89.889	0.043616	0	0
89.923	0.051730	0	0
89.956	0.061291	0	0
89.989	0.070449	0	0
90.023	0.077673	0	0
90.056	0.079998	0	0
90.090	0.077023	0	0
90.123	0.072513	0	0
90.156	0.066904	0	0
90.190	0.061594	1	0
90.223	0.057006	1	0
90.256	0.052769	1	0
90.290	0.049571	1	0
90.323	0.047372	1	0
90.356	0.045507	1	0
90.390	0.044511	1	0
90.423	0.044536	1	0
90.457	0.044972	1	0
90.490	0.045258	1	0
90.523	0.045592	1	0
90.557	0.046172	1	0
90.590	0.046165	1	0
90.623	0.045015	1	0
90.657	0.044188	1	0
90.690	0.043956	1	0
90.723	0.043113	1	0
90.757	0.041882	1	0
90.790	0.043242	1	0
90.824	0.044539	1	0
90.857	0.045774	1	0
90.890	0.047245	1	0
90.924	0.049307	1	0
90.957	0.048809	1	0
90.990	0.047224	1	0
91.024	0.044886	1	0
91.057	0.041213	1	0
91.091	0.036424	0	0
91.124	0.032247	0	0
91.157	0.029202	0	0
91.191	0.027067	0	0
91.224	0.026821	0	0
91.257	0.028226	0	0
91.291	0.030501	0	0
91.324	0.032479	0	0
91.357	0.034113	0	0
91.391	0.035595	0	0
91.424	0.036778	0	0
91.458	0.036715	0	0
91.491	0.036748	0	0
91.524	0.035206	0	0
91.558	0.033495	0	0
91.591	0.030544	0	0
91.624	0.027652	0	0
91.658	0.025941	0	0
91.691	0.025230	0	0
91.724	0.024174	0	0
91.758	0.025440	0	0
91.791	0.027839	0	0
91.825	0.028962	0	0
91.858	0.029815	0	0
91.891	0.029625	0	0
91.925	0.026336	0	0
91.958	0.021855	0	0
91.991	0.017185	0	0
92.025	0.015075	0	0
92.058	0.019483	0	0
92.092	0.025900	0	0
92.125	0.029139	0	0
92.158	0.030735	0	0
92.192	0.030820	0	0
92.225	0.025110	0	0
92.258	0.018492	0	0
92.292	0.016719	0	0
92.325	0.018209	0	0
92.358	0.018452	0	0
92.392	0.018824	0	0
92.425	0.019593	0	0
92.459	0.022534	0	0
92.492	0.025453	0	1
92.525	0.029138	0	1
92.559	0.033912	0	1
92.592	0.041298	0	0
92.625	0.045771	0	0
92.659	0.049224	0	0
92.692	0.052758	0	0
92.725	0.056282	0	0
92.759	0.057930	1	0
92.792	0.059349	1	0
92.826	0.061838	1	0
92.859	0.065571	1	0
92.892	0.066246	1	0
92.926	0.064208	1	0
92.959	0.061709	1	0
92.992	0.055975	1	0
93.026	0.046674	1	0
93.059	0.038001	0	0
93.093	0.031342	0	0
93.126	0.025217	0	0
93.159	0.022599	0	0
93.193	0.024929	0	0
93.226	0.029513	0	0
93.259	0.034332	0	0
93.293	0.039643	0	0
93.326	0.043277	1	0
93.359	0.043759	1	0
93.393	0.043414	1	0
93.426	0.043030	1	0
93.460	0.041930	1	0
93.493	0.041176	1	0
93.526	0.040800	1	0
93.560	0.041732	1	0
93.593	0.043164	1	0
93.626	0.045496	1	0
93.660	0.047427	1	0
93.693	0.048914	1	0
93.726	0.045178	1	0
93.760	0.037370	0	0
93.793	0.029277	0	0
93.827	0.021735	0	0
93.860	0.014516	0	0
93.893	0.012068	0	0
93.927	0.016444	0	0
93.960	0.025073	0	0
93.993	0.034715	0	0
94.027	0.044694	1	0
94.060	0.052400	1	0
94.094	0.055853	1	0
94.127	0.053702	1	0
94.160	0.049262	1	0
94.194	0.043199	1	0
94.227	0.037827	0	0
94.260	0.032434	0	0
94.294	0.027528	0	0
94.327	0.023278	0	0
94.360	0.019104	0	0
94.394	0.015683	0	0
94.427	0.012602	0	0
94.461	0.011174	0	0
94.494	0.009896	0	0
94.527	0.011346	0	0
94.561	0.013241	0	0
94.594	0.015241	0	0
94.627	0.017040	0	0
94.661	0.018591	0	0
94.694	0.018438	0	0
94.727	0.018594	0	0
94.761	0.019585	0	0
94.794	0.018735	0	0
94.828	0.019271	0	0
94.861	0.020196	0	0
94.894	0.020658	0	0
94.928	0.019666	0	0
94.961	0.018530	0	0
94.994	0.017875	0	0
95.028	0.016107	0	0
95.061	0.013576	0	0
95.095	0.013716	0	0
95.128	0.016235	0	0
95.161	0.018501	0	0
95.195	0.022027	0	0
95.228	0.026716	0	0
95.261	0.028525	0	0
95.295	0.027885	0	0
95.328	0.024952	0	0
95.361	0.021179	0	0
95.395	0.017107	0	0
95.428	0.014232	0	0
95.462	0.012343	0	0
95.495	0.011275	0	0
95.528	0.011175	0	0
95.562	0.011504	0	0
95.595	0.013381	0	0
95.628	0.015110	0	0
95.662	0.017863	0	0
95.695	0.020720	0	0
95.728	0.022983	0	0
95.762	0.023995	0	0
95.795	0.025719	0	0
95.829	0.025914	0	0
95.862	0.025650	0	0
95.895	0.027241	0	1
95.929	0.030687	0	1
95.962	0.034249	0	1
95.995	0.037453	0	1
96.029	0.040004	0	0
96.062	0.040499	0	0
96.096	0.038324	0	1
96.129	0.035436	0	1
96.162	0.033146	0	0
96.196	0.031472	0	0
96.229	0.029465	0	0
96.262	0.028561	0	0
96.296	0.028953	0	0
96.329	0.031045	0	0
96.362	0.035684	0	0
96.396	0.044682	0	0
96.429	0.053069	0	0
96.463	0.057318	0	0
96.496	0.058102	0	0
96.529	0.055454	0	0
96.563	0.048553	0	0
96.596	0.041300	0	0
96.629	0.036543	0	0
96.663	0.033337	0	0
96.696	0.030587	0	0
96.729	0.028112	0	0
96.763	0.026230	0	0
96.796	0.024607	0	0
96.830	0.024002	0	0
96.863	0.023968	0	0
96.896	0.024201	0	0
96.930	0.024942	0	0
96.963	0.025744	0	0
96.996	0.026248	0	0
97.030	0.027831	0	0
97.063	0.029179	0	0
97.097	0.029703	0	0
97.130	0.031452	0	0
97.163	0.033439	0	0
97.197	0.034182	0	0
97.230	0.035045	0	0
97.263	0.036063	0	0
97.297	0.035617	0	0
97.330	0.034710	0	0
97.363	0.034363	0	0
97.397	0.033719	0	0
97.430	0.033621	0	0
97.464	0.033346	0	0
97.497	0.033509	0	0
97.530	0.033596	0	0
97.564	0.034145	0	0
97.597	0.033962	0	0
97.630	0.034373	0	0
97.664	0.034349	0	0
97.697	0.033827	0	0
97.730	0.032428	0	0
97.764	0.030413	0	0
97.797	0.029350	0	0
97.831	0.026767	0	0
97.864	0.024316	0	0
97.897	0.022722	0	0
97.931	0.022454	0	0
97.964	0.020904	0	0
97.997	0.022087	0	0
98.031	0.023191	0	0
98.064	0.023737	0	0
98.098	0.024095	0	0
98.131	0.031613	0	0
98.164	0.044474	0	0
98.198	0.055996	0	0
98.231	0.066245	0	0
98.264	0.070732	0	0
98.298	0.065636	0	0
98.331	0.053258	0	0
98.364	0.042145	0	0
98.398	0.032817	0	0
98.431	0.028823	0	0
98.465	0.027357	0	0
98.498	0.027971	0	0
98.531	0.028815	0	0
98.565	0.029310	0	0
98.598	0.030474	0	0
98.631	0.031787	0	0
98.665	0.031123	0	0
98.698	0.027789	0	0
98.731	0.025056	0	0
98.765	0.022897	0	0
98.798	0.021721	0	0
98.832	0.022322	0	0
98.865	0.024665	0	0
98.898	0.026924	0	0
98.932	0.027764	0	0
98.965	0.027896	0	0
98.998	0.025204	0	0
99.032	0.023570	0	0
99.065	0.022557	0	0
99.099	0.023565	0	0
99.132	0.024073	0	0
99.165	0.026234	0	0
99.199	0.028325	0	1
99.232	0.031047	0	1
99.265	0.033780	0	1
99.299	0.038304	0	1
99.332	0.044038	0	0
99.365	0.051140	0	0
99.399	0.057794	0	0
99.432	0.063330	0	0
99.466	0.068421	0	0
99.499	0.072336	0	0
99.532	0.074616	0	0
99.566	0.075516	0	0
99.599	0.072980	0	0
99.632	0.067251	0	0
99.666	0.060023	0	0
99.699	0.053225	0	0
99.732	0.046604	1	0
99.766	0.042526	1	0
99.799	0.040364	1	0
99.833	0.039149	0	0
99.866	0.037594	0	0
99.899	0.036384	0	0
99.933	0.034945	0	0
99.966	0.034730	0	0
99.999	0.039562	0	0
100.033	0.048970	0	0
100.066	0.058684	0	0
100.100	0.068363	0	0
100.133	0.075698	0	0
100.166	0.075610	0	0
100.200	0.068271	0	0
100.233	0.060203	0	0
100.266	0.052292	0	0
100.300	0.045802	0	0
100.333	0.041642	1	0
100.366	0.039530	0	0
100.400	0.037966	0	0
100.433	0.036158	0	0
100.467	0.034422	0	0
100.500	0.032987	0	0
100.533	0.032399	0	0
100.567	0.030782	0	0
100.600	0.029965	0	0
100.633	0.029182	0	0
100.667	0.028730	0	0
100.700	0.027820	0	0
100.733	0.027324	0	0
100.767	0.027382	0	0
100.800	0.026796	0	0
100.834	0.026033	0	0
100.867	0.026380	0	0
100.900	0.027001	0	0
100.934	0.027170	0	0
100.967	0.027524	0	0
101.000	0.027905	0	0
101.034	0.027641	0	0
101.067	0.027185	0	0
101.101	0.027380	0	0
101.134	0.027293	0	0
101.167	0.027791	0	0
101.201	0.028007	0	0
101.234	0.028935	0	0
101.267	0.028890	0	0
101.301	0.029547	0	0
101.334	0.029675	0	0
101.367	0.029972	0	0
101.401	0.029188	0	0
101.434	0.028989	0	0
101.468	0.029104	0	0
101.501	0.029340	0	0
101.534	0.029681	0	0
101.568	0.030549	0	0
101.601	0.031500	0	0
101.634	0.032305	0	0
101.668	0.033968	0	0
101.701	0.035357	0	0
101.734	0.036367	0	0
101.768	0.036727	0	0
101.801	0.037789	0	0
101.835	0.036782	0	0
101.868	0.035953	0	0
101.901	0.035840	0	0
101.935	0.035462	0	0
101.968	0.033926	0	0
102.001	0.034482	0	0
102.035	0.034436	0	0
102.068	0.034545	0	0
102.102	0.034473	0	0
102.135	0.035148	0	0
102.168	0.034981	0	0
102.202	0.035683	0	0
102.235	0.035773	0	0
102.268	0.035855	0	0
102.302	0.035670	0	0
102.335	0.035080	0	0
102.368	0.035394	0	0
102.402	0.035177	0	0
102.435	0.034941	0	0
102.469	0.034989	0	0
102.502	0.034063	0	0
102.535	0.031997	0	0
102.569	0.031932	0	0
102.602	0.034684	0	1
102.635	0.039070	0	1
102.669	0.046805	0	0
102.702	0.054916	0	0
102.735	0.059333	0	0
102.769	0.060012	0	0
102.802	0.057233	0	0
102.836	0.051977	0	0
102.869	0.045564	0	0
102.902	0.041711	0	0
102.936	0.038818	0	0
102.969	0.037127	0	0
103.002	0.036236	0	0
103.036	0.035688	0	0
103.069	0.034956	0	0
103.103	0.034657	0	0
103.136	0.033954	0	0
103.169	0.033433	0	0
103.203	0.032759	0	0
103.236	0.032263	0	0
103.269	0.031981	0	0
103.303	0.032675	0	0
103.336	0.033028	0	0
103.369	0.033511	0	0
103.403	0.034019	0	0
103.436	0.034660	0	0
103.470	0.034452	0	0
103.503	0.033567	0	0
103.536	0.033516	0	0
103.570	0.032954	0	0
103.603	0.032327	0	0
103.636	0.031506	0	0
103.670	0.031355	0	0
103.703	0.030951	0	0
103.736	0.031269	0	0
103.770	0.031546	0	0
103.803	0.032255	0	0
103.837	0.032729	0	0
103.870	0.033346	0	0
103.903	0.033301	0	0
103.937	0.033210	0	0
103.970	0.033257	0	0
104.003	0.033351	0	0
104.037	0.032335	0	0
104.070	0.032766	0	0
104.104	0.032314	0	0
104.137	0.031794	0	0
104.170	0.031527	0	0
104.204	0.031983	0	0
104.237	0.031211	0	0
104.270	0.031314	0	0
104.304	0.031414	0	0
104.337	0.031439	0	0
104.370	0.031921	0	0
104.404	0.032789	0	0
104.437	0.034681	0	0
104.471	0.036609	0	0
104.504	0.038414	0	0
104.537	0.039912	0	0
104.571	0.040621	1	0
104.604	0.040164	1	0
104.637	0.039264	0	0
104.671	0.038089	0	0
104.704	0.037938	0	0
104.737	0.037311	0	0
104.771	0.037630	0	0
104.804	0.037839	0	0
104.838	0.039152	0	0
104.871	0.039444	0	0
104.904	0.040299	1	0
104.938	0.040017	1	0
104.971	0.040517	1	0
105.004	0.040301	1	0
105.038	0.039656	0	0
105.071	0.040024	1	0
105.105	0.040508	1	0
105.138	0.041340	1	0
105.171	0.042028	1	0
105.205	0.043362	1	0
105.238	0.043805	1	0
105.271	0.044381	1	0
105.305	0.043744	1	0
105.338	0.042226	1	0
105.371	0.040030	1	0
105.405	0.037836	0	0
105.438	0.035743	0	0
105.472	0.034925	0	0
105.505	0.035043	0	0
105.538	0.036500	0	0
105.572	0.037696	0	0
105.605	0.039461	0	0
105.638	0.040204	1	0
105.672	0.041775	1	0
105.705	0.042527	1	0
105.738	0.043942	1	0
105.772	0.044733	1	0
105.805	0.045992	1	0
105.839	0.046871	1	0
105.872	0.046622	1	0
105.905	0.046419	1	0
105.939	0.045975	1	0
105.972	0.044712	1	0
106.005	0.042770	1	0
106.039	0.041740	1	0
106.072	0.040426	1	0
106.106	0.039640	0	0
106.139	0.040201	1	0
106.172	0.041089	1	0
106.206	0.042099	1	0
106.239	0.043179	1	0
106.272	0.044099	1	0
106.306	0.044221	1	0
106.339	0.044125	1	0
106.372	0.043654	1	0
106.406	0.043686	1	0
106.439	0.043484	1	0
106.473	0.043698	1	0
106.506	0.044072	1	0
106.539	0.044180	1	0
106.573	0.042447	1	0
106.606	0.040468	1	0
106.639	0.037692	0	0
106.673	0.035354	0	0
106.706	0.033383	0	0
106.739	0.033829	0	0
106.773	0.035838	0	0
106.806	0.038962	0	0
106.840	0.040944	1	0
106.873	0.043316	1	0
106.906	0.045120	1	0
106.940	0.045855	1	0
106.973	0.045111	1	0
107.006	0.045231	1	0
107.040	0.045204	1	0
107.073	0.044049	1	0
107.107	0.042519	1	0
107.140	0.041537	1	0
107.173	0.040737	1	0
107.207	0.039261	0	0
107.240	0.038711	0	0
107.273	0.037902	0	0
107.307	0.036672	0	0
107.340	0.034789	0	0
107.373	0.034113	0	0
107.407	0.033561	0	0
107.440	0.035739	0	1
107.474	0.041480	0	0
107.507	0.049199	0	0
107.540	0.056677	0	0
107.574	0.064208	0	0
107.607	0.067261	0	0
107.640	0.066348	0	0
107.674	0.064274	0	0
107.707	0.061766	0	0
107.740	0.058509	0	0
107.774	0.056294	1	0
107.807	0.054519	1	0
107.841	0.051511	1	0
107.874	0.048479	1	0
107.907	0.045248	1	0
107.941	0.042953	1	0
107.974	0.041846	1	0
108.007	0.040833	1	0
108.041	0.039905	0	0
108.074	0.040173	1	0
108.108	0.040401	1	0
108.141	0.040082	1	0
108.174	0.039877	0	0
108.208	0.040330	1	0
108.241	0.039357	0	0
108.274	0.039246	0	0
108.308	0.039217	0	0
108.341	0.038991	0	0
108.374	0.039465	0	0
108.408	0.039944	0	0
108.441	0.039967	0	0
108.475	0.039948	0	0
108.508	0.040963	1	0
108.541	0.040323	1	0
108.575	0.040617	1	0
108.608	0.041226	1	0
108.641	0.041364	1	0
108.675	0.040857	1	0
108.708	0.040847	1	0
108.741	0.040574	1	0
108.775	0.039722	0	0
108.808	0.039731	0	0
108.842	0.039747	0	0
108.875	0.040120	1	0
108.908	0.039508	0	0
108.942	0.039128	0	0
108.975	0.037831	0	0
109.008	0.037112	0	0
109.042	0.035946	0	0
109.075	0.036138	0	0
109.109	0.036149	0	0
109.142	0.036404	0	0
109.175	0.036366	0	0
109.209	0.036308	0	0
109.242	0.035464	0	0
109.275	0.034733	0	0
109.309	0.033365	0	0
109.342	0.032520	0	0
109.375	0.031695	0	0
109.409	0.030904	0	0
109.442	0.029668	0	0
109.476	0.030640	0	0
109.509	0.030608	0	0
109.542	0.030135	0	0
109.576	0.029934	0	0
109.609	0.030712	0	0
109.642	0.030035	0	0
109.676	0.029705	0	0
109.709	0.031074	0	0
109.742	0.035883	0	1
109.776	0.045164	0	0
109.809	0.054608	0	0
109.843	0.062815	0	0
109.876	0.066944	0	0
109.909	0.065333	0	0
109.943	0.058140	0	0
109.976	0.050550	0	0
110.009	0.043685	1	0
110.043	0.039378	0	0
110.076	0.037230	0	0
110.110	0.035568	0	0
110.143	0.035158	0	0
110.176	0.035291	0	0
110.210	0.035918	0	0
110.243	0.036767	0	0
110.276	0.037539	0	0
110.310	0.037689	0	0
110.343	0.043598	0	0
110.376	0.052169	0	0
110.410	0.061139	0	0
110.443	0.068634	0	0
110.477	0.073101	0	0
110.510	0.069329	0	0
110.543	0.061682	0	0
110.577	0.053065	0	0
110.610	0.045583	1	0
110.643	0.040452	1	0
110.677	0.037918	0	0
110.710	0.035945	0	0
110.743	0.034607	0	0
110.777	0.034237	0	0
110.810	0.034365	0	0
110.844	0.034565	0	0
110.877	0.034868	0	0
110.910	0.035200	0	0
110.944	0.035082	0	0
110.977	0.034892	0	0
111.010	0.034477	0	0
111.044	0.033868	0	0
111.077	0.034316	0	0
111.111	0.034702	0	0
111.144	0.035229	0	0
111.177	0.036172	0	0
111.211	0.037657	0	0
111.244	0.037697	0	0
111.277	0.037891	0	0
111.311	0.038058	0	0
111.344	0.037135	0	0
111.377	0.036789	0	0
111.411	0.036687	0	0
111.444	0.036055	0	0
111.478	0.035366	0	0
111.511	0.035577	0	0
111.544	0.035289	0	0
111.578	0.035028	0	0
111.611	0.034786	0	0
111.644	0.034737	0	0
111.678	0.033982	0	0
111.711	0.032965	0	0
111.744	0.032023	0	0
111.778	0.032562	0	0
111.811	0.032429	0	0
111.845	0.032815	0	0
111.878	0.033398	0	0
111.911	0.033692	0	0
111.945	0.033360	0	0
111.978	0.033518	0	0
112.011	0.033698	0	0
112.045	0.034227	0	0
112.078	0.034569	0	0
112.112	0.034232	0	0
112.145	0.033940	0	0
112.178	0.033897	0	0
112.212	0.033524	0	0
112.245	0.033268	0	0
112.278	0.033756	0	0
112.312	0.033314	0	0
112.345	0.032045	0	0
112.378	0.030696	0	0
112.412	0.029651	0	0
112.445	0.028285	0	0
112.479	0.027787	0	0
112.512	0.028862	0	0
112.545	0.029025	0	0
112.579	0.029131	0	0
112.612	0.030038	0	0
112.645	0.030026	0	0
112.679	0.029180	0	0
112.712	0.029106	0	0
112.745	0.029214	0	0
112.779	0.028910	0	0
112.812	0.028927	0	0
112.846	0.028705	0	0
112.879	0.028769	0	0
112.912	0.028922	0	0
112.946	0.028277	0	0
112.979	0.029296	0	0
113.012	0.029599	0	0
113.046	0.030683	0	0
113.079	0.030938	0	0
113.113	0.031654	0	0
113.146	0.031289	0	0
113.179	0.032177	0	0
113.213	0.031909	0	0
113.246	0.031695	0	0
113.279	0.031565	0	0
113.313	0.031525	0	0
113.346	0.030792	0	0
113.379	0.030880	0	0
113.413	0.031233	0	0
113.446	0.030807	0	0
113.480	0.031219	0	0
113.513	0.031011	0	0
113.546	0.031231	0	0
113.580	0.031759	0	0
113.613	0.031576	0	0
113.646	0.031203	0	0
113.680	0.030930	0	0
113.713	0.030600	0	0
113.746	0.029180	0	0
113.780	0.029200	0	0
113.813	0.029464	0	0
113.847	0.030459	0	0
113.880	0.029732	0	0
113.913	0.030245	0	0
113.947	0.031295	0	0
113.980	0.030427	0	0
114.013	0.030478	0	0
114.047	0.031689	0	0
114.080	0.031746	0	0
114.114	0.031890	0	0
114.147	0.032120	0	0
114.180	0.032969	0	0
114.214	0.033020	0	0
114.247	0.034069	0	0
114.280	0.034362	0	0
114.314	0.035744	0	0
114.347	0.035829	0	0
114.380	0.036227	0	0
114.414	0.036725	0	0
114.447	0.036982	0	0
114.481	0.037241	0	0
114.514	0.037347	0	0
114.547	0.037651	0	0
114.581	0.037518	0	0
114.614	0.037187	0	0
114.647	0.036039	0	0
114.681	0.035547	0	0
114.714	0.035086	0	0
114.747	0.034957	0	0
114.781	0.035628	0	0
114.814	0.036372	0	0
114.848	0.036631	0	0
114.881	0.036249	0	0
114.914	0.035955	0	0
114.948	0.035566	0	0
114.981	0.035173	0	0
115.014	0.034490	0	0
115.048	0.034334	0	0
115.081	0.034909	0	0
115.115	0.034558	0	0
115.148	0.034560	0	0
115.181	0.035200	0	0
115.215	0.035045	0	0
115.248	0.034341	0	0
115.281	0.033954	0	0
115.315	0.034178	0	0
115.348	0.033033	0	0
115.381	0.033193	0	0
115.415	0.033084	0	0
115.448	0.033971	0	0
115.482	0.034480	0	0
115.515	0.034546	0	0
115.548	0.034438	0	0
115.582	0.034638	0	0
115.615	0.033908	0	0
115.648	0.032439	0	0
115.682	0.033141	0	0
115.715	0.033537	0	0
115.748	0.032358	0	0
115.782	0.031588	0	0
115.815	0.032090	0	0
115.849	0.030999	0	0
115.882	0.030785	0	0
115.915	0.031972	0	0
115.949	0.032717	0	0
115.982	0.032135	0	0
116.015	0.033164	0	0
116.049	0.032107	0	0
116.082	0.032376	0	0
116.116	0.031706	0	0
116.149	0.032178	0	0
116.182	0.031269	0	0
116.216	0.031445	0	0
116.249	0.031105	0	0
116.282	0.031859	0	0
116.316	0.031208	0	0
116.349	0.030942	0	0
116.382	0.031935	0	0
116.416	0.031321	0	0
116.449	0.031115	0	0
116.483	0.031825	0	0
116.516	0.032550	0	0
116.549	0.032200	0	0
116.583	0.031919	0	0
116.616	0.032070	0	0
116.649	0.032524	0	0
116.683	0.032506	0	0
116.716	0.032512	0	0
116.749	0.033167	0	0
116.783	0.033292	0	0
116.816	0.033066	0	0
116.850	0.033069	0	0
116.883	0.033095	0	0
116.916	0.032916	0	0
116.950	0.032224	0	0
116.983	0.032055	0	0
117.016	0.032096	0	0
117.050	0.032054	0	0
117.083	0.032167	0	0
117.117	0.032364	0	0
117.150	0.032509	0	0
117.183	0.032742	0	0
117.217	0.033307	0	0
117.250	0.033974	0	0
117.283	0.034800	0	0
117.317	0.035052	0	0
117.350	0.035277	0	0
117.383	0.035028	0	0
117.417	0.034890	0	0
117.450	0.034366	0	0
117.484	0.034405	0	0
117.517	0.034166	0	0
117.550	0.034334	0	0
117.584	0.034312	0	0
117.617	0.034601	0	0
117.650	0.034397	0	0
117.684	0.034214	0	0
117.717	0.033699	0	0
117.750	0.033693	0	0
117.784	0.033791	0	0
117.817	0.033560	0	0
117.851	0.033832	0	0
117.884	0.034008	0	0
117.917	0.033454	0	0
117.951	0.032953	0	0
117.984	0.032809	0	0
118.017	0.032798	0	0
118.051	0.032743	0	0
118.084	0.032551	0	0
118.118	0.032120	0	0
118.151	0.031759	0	0
118.184	0.031723	0	0
118.218	0.031044	0	0
118.251	0.030708	0	0
118.284	0.030711	0	0
118.318	0.030800	0	0
118.351	0.031080	0	0
118.384	0.031319	0	0
118.418	0.031674	0	0
118.451	0.031638	0	0
118.485	0.031481	0	0
118.518	0.031742	0	0
118.551	0.030859	0	0
118.585	0.031219	0	1
118.618	0.032877	0	1
118.651	0.035207	0	1
118.685	0.035878	0	1
118.718	0.038125	0	1
118.751	0.038545	0	1
118.785	0.037366	0	1
118.818	0.035234	0	0
118.852	0.033270	0	0
118.885	0.032080	0	0
118.918	0.030612	0	0
118.952	0.029668	0	0
118.985	0.029677	0	0
119.018	0.030239	0	0
119.052	0.030091	0	0
119.085	0.030706	0	0
119.119	0.031281	0	0
119.152	0.031574	0	0
119.185	0.031634	0	0
119.219	0.032193	0	0
119.252	0.032747	0	0
119.285	0.033040	0	0
119.319	0.033096	0	0
119.352	0.032967	0	0
119.385	0.032790	0	0
119.419	0.031759	0	0
119.452	0.031748	0	0
119.486	0.031552	0	0
119.519	0.031447	0	0
119.552	0.031127	0	0
119.586	0.031868	0	0
119.619	0.031776	0	0
119.652	0.031920	0	0
119.686	0.031822	0	0
119.719	0.031609	0	0
119.752	0.031349	0	0
119.786	0.031159	0	0
119.819	0.030659	0	0
119.853	0.030717	0	0
119.886	0.030748	0	0
119.919	0.030806	0	0
119.953	0.030721	0	0
119.986	0.031253	0	0
120.019	0.031320	0	0
120.053	0.031361	0	0
120.086	0.030633	0	0
120.120	0.031042	0	0
120.153	0.030134	0	0
120.186	0.029662	0	0
120.220	0.030205	0	0
120.253	0.030691	0	0
120.286	0.030266	0	0
120.320	0.030701	0	0
120.353	0.030812	0	0
120.386	0.029554	0	0
120.420	0.029665	0	0
120.453	0.029991	0	0
120.487	0.030134	0	0
120.520	0.030568	0	0
120.553	0.031712	0	0
120.587	0.032383	0	0
120.620	0.032639	0	0
120.653	0.032745	0	0
120.687	0.033091	0	0
120.720	0.032764	0	0
120.753	0.032519	0	0
120.787	0.031861	0	0
120.820	0.032415	0	0
120.854	0.032178	0	0
120.887	0.032566	0	0
120.920	0.032648	0	0
120.954	0.033486	0	0
120.987	0.033198	0	0
121.020	0.033647	0	0
121.054	0.034052	0	0
121.087	0.034525	0	0
121.121	0.034746	0	0
121.154	0.035029	0	0
121.187	0.034828	0	0
121.221	0.034321	0	0
121.254	0.034037	0	0
121.287	0.033878	0	0
121.321	0.033640	0	0
121.354	0.033754	0	0
121.387	0.034192	0	0
121.421	0.034317	0	0
121.454	0.034363	0	0
121.488	0.034395	0	0
121.521	0.034189	0	0
121.554	0.033921	0	0
121.588	0.033737	0	0
121.621	0.033557	0	0
121.654	0.033773	0	0
121.688	0.033683	0	0
121.721	0.033628	0	0
121.754	0.033329	0	0
121.788	0.033092	0	0
121.821	0.033115	0	0
121.855	0.032836	0	0
121.888	0.033142	0	0
121.921	0.033296	0	0
121.955	0.033264	0	0
121.988	0.033340	0	0
122.021	0.033771	0	0
122.055	0.033774	0	0
122.088	0.033508	0	0
122.122	0.033368	0	0
122.155	0.032626	0	0
122.188	0.033067	0	0
122.222	0.033661	0	0
122.255	0.034491	0	0
122.288	0.034623	0	0
122.322	0.035326	0	0
122.355	0.035710	0	0
122.388	0.035494	0	0
122.422	0.035544	0	0
122.455	0.036660	0	0
122.489	0.036763	0	0
122.522	0.036222	0	0
122.555	0.035959	0	0
122.589	0.036043	0	0
122.622	0.036259	0	0
122.655	0.036468	0	0
122.689	0.036746	0	0
122.722	0.036905	0	0
122.755	0.036922	0	0
122.789	0.036130	0	0
122.822	0.035939	0	0
122.856	0.035850	0	0
122.889	0.035938	0	0
122.922	0.036155	0	0
122.956	0.036696	0	0
122.989	0.037658	0	0
123.022	0.038199	0	0
123.056	0.038760	0	0
123.089	0.039440	0	0
123.123	0.039752	0	0
123.156	0.039932	0	0
123.189	0.040938	1	0
123.223	0.041823	1	0
123.256	0.042406	1	0
123.289	0.043682	1	0
123.323	0.044530	1	0
123.356	0.044873	1	0
123.389	0.045533	1	0
123.423	0.046449	1	0
123.456	0.046311	1	0
123.490	0.046064	1	0
123.523	0.045443	1	0
123.556	0.044719	1	0
123.590	0.043040	1	0
123.623	0.042266	1	0
123.656	0.041610	1	0
123.690	0.041443	1	0
123.723	0.040743	1	0
123.756	0.040777	1	0
123.790	0.040574	1	0
123.823	0.040628	1	0
123.857	0.040548	1	0
123.890	0.040492	1	0
123.923	0.040242	1	0
123.957	0.040014	1	0
123.990	0.039381	0	0
124.023	0.038349	0	0
124.057	0.037622	0	0
124.090	0.037622	0	0
124.124	0.037622	0	0