time	rmse	false positive	false negative
9.976	0.0079235	0	0
10.010	0.0079235	0	0
10.043	0.0079235	0	0
10.076	0.0134184	0	0
10.110	0.0171757	0	0
10.143	0.0182827	0	0
10.176	0.0186734	0	0
10.210	0.0184520	0	0
10.243	0.0131835	0	0
10.276	0.0098352	0	0
10.310	0.0088034	0	0
10.343	0.0086837	0	0
10.377	0.0083593	0	0
10.410	0.0081956	0	0
10.443	0.0081510	0	0
10.477	0.0081624	0	0
10.510	0.0076230	0	0
10.543	0.0081740	0	0
10.577	0.0085330	0	0
10.610	0.0085043	0	0
10.643	0.0081184	0	0
10.677	0.0090340	0	0
10.710	0.0086347	0	0
10.744	0.0085813	0	0
10.777	0.0086081	0	0
10.810	0.0087504	0	0
10.844	0.0082387	0	0
10.877	0.0077013	0	0
10.910	0.0073211	0	0
10.944	0.0068673	0	0
10.977	0.0068721	0	0
11.011	0.0063637	0	0
11.044	0.0060176	0	0
11.077	0.0057220	0	0
11.111	0.0053476	0	0
11.144	0.0053170	0	0
11.177	0.0056472	0	0
11.211	0.0058933	0	0
11.244	0.0061150	0	0
11.277	0.0064354	0	0
11.311	0.0065367	0	0
11.344	0.0065955	0	0
11.378	0.0064081	0	0
11.411	0.0061511	0	0
11.444	0.0063327	0	0
11.478	0.0058297	0	0
11.511	0.0056001	0	0
11.544	0.0061679	0	0
11.578	0.0061258	0	0
11.611	0.0060631	0	0
11.644	0.0062954	0	0
11.678	0.0065100	0	0
11.711	0.0062245	0	0
11.745	0.0067004	0	0
11.778	0.0067322	0	0
11.811	0.0069223	0	0
11.845	0.0072365	0	0
11.878	0.0073737	0	0
11.911	0.0069205	0	0
11.945	0.0071982	0	0
11.978	0.0077836	0	0
12.012	0.0075543	0	0
12.045	0.0074183	0	0
12.078	0.0078036	0	0
12.112	0.0077350	0	0
12.145	0.0073795	0	0
12.178	0.0077104	0	0
12.212	0.0080921	0	0
12.245	0.0081448	0	0
12.278	0.0080592	0	0
12.312	0.0079348	0	0
12.345	0.0076788	0	0
12.379	0.0073221	0	0
12.412	0.0070682	0	0
12.445	0.0075218	0	0
12.479	0.0074606	0	0
12.512	0.0072474	0	0
12.545	0.0075725	0	0
12.579	0.0076247	0	0
12.612	0.0068283	0	0
12.645	0.0069096	0	0
12.679	0.0071580	0	0
12.712	0.0070552	0	0
12.746	0.0072416	0	0
12.779	0.0077232	0	0
12.812	0.0075505	0	0
12.846	0.0072144	0	0
12.879	0.0068695	0	0
12.912	0.0067141	0	0
12.946	0.0063757	0	0
12.979	0.0060038	0	0
13.013	0.0058638	0	0
13.046	0.0057469	0	0
13.079	0.0057321	0	0
13.113	0.0054535	0	0
13.146	0.0058404	0	0
13.179	0.0058959	0	0
13.213	0.0058913	0	0
13.246	0.0060595	0	0
13.279	0.0066072	0	0
13.313	0.0063742	0	0
13.346	0.0066056	0	0
13.380	0.0066578	0	0
13.413	0.0062059	0	0
13.446	0.0060478	0	0
13.480	0.0061199	0	0
13.513	0.0059428	0	0
13.546	0.0060512	0	0
13.580	0.0063291	0	0
13.613	0.0068363	0	0
13.646	0.0072921	0	0
13.680	0.0073706	0	0
13.713	0.0076901	0	0
13.747	0.0077411	0	0
13.780	0.0073909	0	0
13.813	0.0072222	0	0
13.847	0.0075523	0	0
13.880	0.0075680	0	0
13.913	0.0080340	0	0
13.947	0.0081375	0	0
13.980	0.0082837	0	0
14.014	0.0077594	0	0
14.047	0.0077405	0	0
14.080	0.0069782	0	0
14.114	0.0067311	0	0
14.147	0.0065758	0	0
14.180	0.0071384	0	0
14.214	0.0068114	0	0
14.247	0.0072793	0	0
14.280	0.0074819	0	0
14.314	0.0077058	0	0
14.347	0.0073311	0	0
14.381	0.0075890	0	0
14.414	0.0071000	0	0
14.447	0.0066435	0	0
14.481	0.0060197	0	0
14.514	0.0057869	0	0
14.547	0.0060940	0	0
14.581	0.0060386	0	0
14.614	0.0061708	0	0
14.647	0.0064143	0	0
14.681	0.0067239	0	0
14.714	0.0061984	0	0
14.748	0.0064733	0	0
14.781	0.0068432	0	0
14.814	0.0068750	0	0
14.848	0.0067046	0	0
14.881	0.0068092	0	0
14.914	0.0067075	0	0
14.948	0.0065875	0	0
14.981	0.0067571	0	0
15.015	0.0071427	0	0
15.048	0.0075230	0	0
15.081	0.0078792	0	0
15.115	0.0075495	0	0
15.148	0.0070705	0	0
15.181	0.0066423	0	0
15.215	0.0060055	0	0
15.248	0.0057759	0	0
15.281	0.0059001	0	0
15.315	0.0059083	0	0
15.348	0.0059724	0	0
15.382	0.0061126	0	0
15.415	0.0058922	0	0
15.448	0.0057807	0	0
15.482	0.0059907	0	0
15.515	0.0060183	0	0
15.548	0.0059044	0	0
15.582	0.0059333	0	0
15.615	0.0061377	0	0
15.648	0.0065533	0	0
15.682	0.0064631	0	0
15.715	0.0062863	0	0
15.749	0.0063356	0	0
15.782	0.0060615	0	0
15.815	0.0057205	0	0
15.849	0.0057523	0	0
15.882	0.0058087	0	0
15.915	0.0060851	0	0
15.949	0.0065239	0	0
15.982	0.0066557	0	0
16.016	0.0069105	0	0
16.049	0.0072370	0	0
16.082	0.0069632	0	0
16.116	0.0068269	0	0
16.149	0.0068326	0	0
16.182	0.0067624	0	0
16.216	0.0067341	0	0
16.249	0.0066997	0	0
16.282	0.0067515	0	0
16.316	0.0068438	0	0
16.349	0.0066482	0	0
16.383	0.0067478	0	0
16.416	0.0069241	0	0
16.449	0.0073069	0	0
16.483	0.0071452	0	0
16.516	0.0072404	0	0
16.549	0.0071606	0	0
16.583	0.0069224	0	0
16.616	0.0063099	0	0
16.649	0.0062633	0	0
16.683	0.0062363	0	0
16.716	0.0068357	0	0
16.750	0.0070299	0	0
16.783	0.0078355	0	0
16.816	0.0080610	0	0
16.850	0.0082025	0	0
16.883	0.0077562	0	0
16.916	0.0079909	0	0
16.950	0.0073805	0	0
16.983	0.0075434	0	0
17.017	0.0075019	0	0
17.050	0.0074663	0	0
17.083	0.0080320	0	0
17.117	0.0085876	0	0
17.150	0.0088519	0	0
17.183	0.0089166	0	0
17.217	0.0098196	0	0
17.250	0.0092383	0	0
17.283	0.0088530	0	0
17.317	0.0088151	0	0
17.350	0.0089500	0	0
17.384	0.0086453	0	0
17.417	0.0093761	0	0
17.450	0.0097910	0	0
17.484	0.0097166	0	0
17.517	0.0098103	0	0
17.550	0.0094743	0	0
17.584	0.0087796	0	0
17.617	0.0083635	0	0
17.650	0.0082096	0	0
17.684	0.0079343	0	0
17.717	0.0076775	0	0
17.751	0.0082805	0	0
17.784	0.0082449	0	0
17.817	0.0080320	0	0
17.851	0.0078983	0	0
17.884	0.0080149	0	0
17.917	0.0073656	0	0
17.951	0.0074767	0	0
17.984	0.0078241	0	0
18.018	0.0085760	0	0
18.051	0.0087521	0	0
18.084	0.0085602	0	0
18.118	0.0083931	0	0
18.151	0.0083616	0	0
18.184	0.0083294	0	0
18.218	0.0081324	0	0
18.251	0.0086398	0	0
18.284	0.0088764	0	0
18.318	0.0088600	0	0
18.351	0.0086794	0	0
18.385	0.0088291	0	0
18.418	0.0086140	0	0
18.451	0.0087034	0	0
18.485	0.0084507	0	0
18.518	0.0082506	0	0
18.551	0.0081062	0	0
18.585	0.0081480	0	0
18.618	0.0076983	0	0
18.651	0.0077714	0	0
18.685	0.0079522	0	0
18.718	0.0081560	0	0
18.752	0.0084799	0	0
18.785	0.0086414	0	0
18.818	0.0087317	0	0
18.852	0.0085917	0	0
18.885	0.0088492	0	0
18.918	0.0084638	0	0
18.952	0.0087046	0	0
18.985	0.0088746	0	0
19.019	0.0086389	0	0
19.052	0.0083833	0	0
19.085	0.0085327	0	0
19.119	0.0086236	0	0
19.152	0.0088130	0	0
19.185	0.0094906	0	0
19.219	0.0095318	0	0
19.252	0.0096806	0	0
19.285	0.0108258	0	0
19.319	0.0226636	0	0
19.352	0.0371378	0	0
19.386	0.0526615	0	0
19.419	0.0697749	0	0
19.452	0.0861376	0	0
19.486	0.0919606	0	0
19.519	0.0950053	0	0
19.552	0.0974230	0	0
19.586	0.0983728	0	0
19.619	0.0986923	0	0
19.652	0.0988907	0	0
19.686	0.0992639	0	0
19.719	0.0995960	0	0
19.753	0.0992796	0	0
19.786	0.0984928	0	0
19.819	0.0948804	0	0
19.853	0.0861103	0	0
19.886	0.0714841	0	0
19.919	0.0547523	0	0
19.953	0.0375492	1	0
19.986	0.0228018	0	0
20.020	0.0131242	0	0
20.053	0.0090121	0	0
20.086	0.0074276	0	0
20.120	0.0071951	0	0
20.153	0.0068766	0	0
20.186	0.0067261	0	0
20.220	0.0068698	0	0
20.253	0.0074727	0	0
20.286	0.0179564	0	0
20.320	0.0339037	0	0
20.353	0.0466220	0	0
20.387	0.0553110	0	0
20.420	0.0586442	0	0
20.453	0.0500151	0	0
20.487	0.0347502	0	0
20.520	0.0223977	0	0
20.553	0.0139224	0	0
20.587	0.0103888	0	0
20.620	0.0089972	0	0
20.653	0.0089826	0	0
20.687	0.0185257	0	0
20.720	0.0347754	0	0
20.754	0.0485038	0	0
20.787	0.0593364	0	0
20.820	0.0689140	0	0
20.854	0.0679066	0	0
20.887	0.0603666	0	0
20.920	0.0551057	0	0
20.954	0.0525615	0	0
20.987	0.0520776	0	0
21.021	0.0532170	0	0
21.054	0.0582837	0	0
21.087	0.0637596	0	0
21.121	0.0630822	0	0
21.154	0.0566822	0	0
21.187	0.0485500	1	0
21.221	0.0360773	1	0
21.254	0.0229033	0	0
21.287	0.0162511	0	0
21.321	0.0143551	0	0
21.354	0.0135650	0	0
21.388	0.0123927	0	0
21.421	0.0160655	0	0
21.454	0.0310563	0	0
21.488	0.0456489	0	0
21.521	0.0559223	0	0
21.554	0.0609554	0	0
21.588	0.0588167	0	0
21.621	0.0431920	1	0
21.654	0.0274722	0	0
21.688	0.0162155	0	0
21.721	0.0110402	0	0
21.755	0.0085696	0	0
21.788	0.0078493	0	0
21.821	0.0077065	0	0
21.855	0.0076473	0	0
21.888	0.0074638	0	0
21.921	0.0073941	0	0
21.955	0.0074782	0	0
21.988	0.0077100	0	0
22.022	0.0078038	0	0
22.055	0.0078361	0	0
22.088	0.0125837	0	0
22.122	0.0241259	0	0
22.155	0.0316278	0	1
22.188	0.0357786	0	1
22.222	0.0376407	0	0
22.255	0.0332391	0	0
22.288	0.0216528	0	0
22.322	0.0140165	0	0
22.355	0.0099621	0	0
22.389	0.0078697	0	0
22.422	0.0072973	0	0
22.455	0.0071374	0	0
22.489	0.0071671	0	0
22.522	0.0068581	0	0
22.555	0.0072760	0	0
22.589	0.0074917	0	0
22.622	0.0075484	0	0
22.655	0.0074928	0	0
22.689	0.0078494	0	0
22.722	0.0074415	0	0
22.756	0.0073151	0	0
22.789	0.0072676	0	0
22.822	0.0071672	0	0
22.856	0.0074188	0	0
22.889	0.0078182	0	0
22.922	0.0079033	0	0
22.956	0.0081399	0	0
22.989	0.0085852	0	0
23.023	0.0082679	0	0
23.056	0.0085348	0	0
23.089	0.0089942	0	0
23.123	0.0090778	0	0
23.156	0.0093529	0	0
23.189	0.0154367	0	0
23.223	0.0212820	0	0
23.256	0.0241059	0	0
23.289	0.0248748	0	0
23.323	0.0246033	0	0
23.356	0.0192060	0	0
23.390	0.0133657	0	0
23.423	0.0106119	0	0
23.456	0.0102726	0	0
23.490	0.0101838	0	0
23.523	0.0095414	0	0
23.556	0.0094324	0	0
23.590	0.0094405	0	0
23.623	0.0095034	0	0
23.656	0.0095930	0	0
23.690	0.0098526	0	0
23.723	0.0099125	0	0
23.757	0.0100187	0	0
23.790	0.0093092	0	0
23.823	0.0092445	0	0
23.857	0.0093314	0	0
23.890	0.0090642	0	0
23.923	0.0088304	0	0
23.957	0.0092274	0	0
23.990	0.0091179	0	0
24.024	0.0091583	0	0
24.057	0.0092973	0	0
24.090	0.0093025	0	0
24.124	0.0092491	0	0
24.157	0.0094497	0	0
24.190	0.0088738	0	0
24.224	0.0089515	0	0
24.257	0.0088913	0	0
24.290	0.0090041	0	0
24.324	0.0087255	0	0
24.357	0.0087825	0	0
24.391	0.0087494	0	0
24.424	0.0082630	0	0
24.457	0.0077817	0	0
24.491	0.0080681	0	0
24.524	0.0084579	0	0
24.557	0.0088425	0	0
24.591	0.0100251	0	0
24.624	0.0109720	0	0
24.657	0.0119358	0	0
24.691	0.0125802	0	0
24.724	0.0131148	0	0
24.758	0.0129615	0	0
24.791	0.0131563	0	0
24.824	0.0132769	0	0
24.858	0.0130892	0	0
24.891	0.0128890	0	0
24.924	0.0128986	0	0
24.958	0.0121462	0	0
24.991	0.0118101	0	0
25.025	0.0123559	0	0
25.058	0.0121031	0	0
25.091	0.0134572	0	0
25.125	0.0158106	0	0
25.158	0.0177137	0	0
25.191	0.0200269	0	0
25.225	0.0261561	0	0
25.258	0.0314455	0	0
25.291	0.0375289	1	0
25.325	0.0444729	1	0
25.358	0.0507251	1	0
25.392	0.0539993	1	0
25.425	0.0561016	1	0
25.458	0.0571669	1	0
25.492	0.0574218	1	0
25.525	0.0575812	1	0
25.558	0.0570853	1	0
25.592	0.0572684	1	0
25.625	0.0532432	1	0
25.658	0.0461273	1	0
25.692	0.0372976	1	0
25.725	0.0279733	0	0
25.759	0.0185745	0	0
25.792	0.0128245	0	0
25.825	0.0100259	0	0
25.859	0.0091008	0	0
25.892	0.0093894	0	0
25.925	0.0091800	0	0
25.959	0.0096476	0	0
25.992	0.0102295	0	0
26.026	0.0105545	0	0
26.059	0.0111060	0	0
26.092	0.0115823	0	0
26.126	0.0119452	0	0
26.159	0.0119702	0	0
26.192	0.0124418	0	0
26.226	0.0118246	0	0
26.259	0.0118645	0	0
26.292	0.0211167	0	0
26.326	0.0277514	0	1
26.359	0.0298280	0	1
26.393	0.0305911	0	1
26.426	0.0302009	0	0
26.459	0.0203764	0	0
26.493	0.0134243	0	0
26.526	0.0107441	0	0
26.559	0.0101529	0	0
26.593	0.0104950	0	0
26.626	0.0107340	0	0
26.659	0.0108690	0	0
26.693	0.0110629	0	0
26.726	0.0108080	0	0
26.760	0.0107572	0	0
26.793	0.0110672	0	0
26.826	0.0112334	0	0
26.860	0.0113223	0	0
26.893	0.0115623	0	0
26.926	0.0118331	0	0
26.960	0.0116702	0	0
26.993	0.0113251	0	0
27.027	0.0112290	0	0
27.060	0.0106718	0	0
27.093	0.0102049	0	0
27.127	0.0097802	0	0
27.160	0.0098993	0	0
27.193	0.0095055	0	0
27.227	0.0097840	0	0
27.260	0.0099507	0	0
27.293	0.0102230	0	0
27.327	0.0102118	0	0
27.360	0.0106619	0	0
27.394	0.0107859	0	0
27.427	0.0109425	0	0
27.460	0.0110724	0	0
27.494	0.0105224	0	0
27.527	0.0104053	0	0
27.560	0.0105877	0	0
27.594	0.0106798	0	0
27.627	0.0109106	0	0
27.660	0.0116109	0	0
27.694	0.0115863	0	0
27.727	0.0114801	0	0
27.761	0.0112048	0	0
27.794	0.0107048	0	0
27.827	0.0105665	0	0
27.861	0.0105978	0	0
27.894	0.0107612	0	0
27.927	0.0109831	0	0
27.961	0.0112472	0	0
27.994	0.0105875	0	0
28.028	0.0104838	0	0
28.061	0.0102164	0	0
28.094	0.0097978	0	0
28.128	0.0099139	0	0
28.161	0.0106600	0	0
28.194	0.0107756	0	0
28.228	0.0107482	0	0
28.261	0.0106709	0	0
28.294	0.0101273	0	0
28.328	0.0097588	0	0
28.361	0.0095390	0	0
28.395	0.0095120	0	0
28.428	0.0096669	0	0
28.461	0.0099603	0	0
28.495	0.0101856	0	0
28.528	0.0102388	0	0
28.561	0.0102900	0	0
28.595	0.0105456	0	0
28.628	0.0104222	0	0
28.661	0.0105517	0	0
28.695	0.0105140	0	0
28.728	0.0102702	0	0
28.762	0.0100445	0	0
28.795	0.0099832	0	0
28.828	0.0099983	0	0
28.862	0.0100448	0	0
28.895	0.0102214	0	0
28.928	0.0101849	0	0
28.962	0.0104808	0	0
28.995	0.0105193	0	0
29.029	0.0107367	0	0
29.062	0.0109794	0	0
29.095	0.0109953	0	0
29.129	0.0103585	0	0
29.162	0.0103542	0	0
29.195	0.0097139	0	0
29.229	0.0090079	0	0
29.262	0.0092028	0	0
29.295	0.0091734	0	0
29.329	0.0093433	0	0
29.362	0.0096149	0	0
29.396	0.0099977	0	0
29.429	0.0102928	0	0
29.462	0.0106181	0	0
29.496	0.0097980	0	0
29.529	0.0093714	0	0
29.562	0.0089268	0	0
29.596	0.0078806	0	0
29.629	0.0081124	0	0
29.662	0.0084342	0	0
29.696	0.0090295	0	0
29.729	0.0095343	0	0
29.763	0.0097500	0	0
29.796	0.0097900	0	0
29.829	0.0092540	0	0
29.863	0.0093552	0	0
29.896	0.0089554	0	0
29.929	0.0093306	0	0
29.963	0.0087451	0	0
29.996	0.0097509	0	0
30.030	0.0101651	0	0
30.063	0.0107910	0	0
30.096	0.0107304	0	0
30.130	0.0109937	0	0
30.163	0.0104187	0	0
30.196	0.0095627	0	0
30.230	0.0089560	0	0
30.263	0.0086653	0	0
30.296	0.0084291	0	0
30.330	0.0082174	0	0
30.363	0.0083713	0	0
30.397	0.0087985	0	0
30.430	0.0088348	0	0
30.463	0.0095823	0	0
30.497	0.0100890	0	0
30.530	0.0096649	0	0
30.563	0.0095896	0	0
30.597	0.0095263	0	0
30.630	0.0087706	0	0
30.663	0.0082560	0	0
30.697	0.0088280	0	0
30.730	0.0091210	0	0
30.764	0.0094870	0	0
30.797	0.0097529	0	0
30.830	0.0105186	0	0
30.864	0.0104823	0	0
30.897	0.0102357	0	0
30.930	0.0101153	0	0
30.964	0.0101746	0	0
30.997	0.0098569	0	0
31.031	0.0098249	0	0
31.064	0.0096813	0	0
31.097	0.0097263	0	0
31.131	0.0094430	0	0
31.164	0.0095901	0	0
31.197	0.0092610	0	0
31.231	0.0091722	0	0
31.264	0.0088655	0	0
31.297	0.0087116	0	0
31.331	0.0082329	0	0
31.364	0.0082507	0	0
31.398	0.0081253	0	0
31.431	0.0081232	0	0
31.464	0.0085240	0	0
31.498	0.0085147	0	0
31.531	0.0093991	0	0
31.564	0.0147560	0	0
31.598	0.0179116	0	0
31.631	0.0185480	0	0
31.664	0.0187154	0	0
31.698	0.0178709	0	0
31.731	0.0126629	0	0
31.765	0.0093012	0	0
31.798	0.0085083	0	0
31.831	0.0085585	0	0
31.865	0.0086208	0	0
31.898	0.0085596	0	0
31.931	0.0090771	0	0
31.965	0.0095244	0	0
31.998	0.0098193	0	0
32.032	0.0102607	0	0
32.065	0.0109098	0	0
32.098	0.0108403	0	0
32.132	0.0104624	0	0
32.165	0.0103016	0	0
32.198	0.0098842	0	0
32.232	0.0092266	0	0
32.265	0.0095946	0	0
32.298	0.0100425	0	0
32.332	0.0097112	0	0
32.365	0.0097670	0	0
32.399	0.0096974	0	0
32.432	0.0096391	0	0
32.465	0.0091217	0	0
32.499	0.0087474	0	0
32.532	0.0089768	0	0
32.565	0.0089434	0	0
32.599	0.0084462	0	0
32.632	0.0087759	0	0
32.665	0.0092571	0	0
32.699	0.0085744	0	0
32.732	0.0085453	0	0
32.766	0.0081739	0	0
32.799	0.0080137	0	0
32.832	0.0074448	0	0
32.866	0.0079788	0	0
32.899	0.0084636	0	0
32.932	0.0092178	0	0
32.966	0.0094796	0	0
32.999	0.0107328	0	0
33.033	0.0107757	0	0
33.066	0.0103832	0	0
33.099	0.0104432	0	0
33.133	0.0104070	0	0
33.166	0.0100141	0	0
33.199	0.0103222	0	0
33.233	0.0107006	0	0
33.266	0.0105489	0	0
33.299	0.0103849	0	0
33.333	0.0100084	0	0
33.366	0.0096258	0	0
33.400	0.0092512	0	0
33.433	0.0092445	0	0
33.466	0.0089688	0	0
33.500	0.0092937	0	0
33.533	0.0094591	0	0
33.566	0.0102194	0	0
33.600	0.0104951	0	0
33.633	0.0109595	0	0
33.666	0.0110927	0	0
33.700	0.0113510	0	0
33.733	0.0106276	0	0
33.767	0.0106335	0	0
33.800	0.0107917	0	0
33.833	0.0110537	0	0
33.867	0.0108385	0	0
33.900	0.0113461	0	0
33.933	0.0112385	0	0
33.967	0.0109667	0	0
34.000	0.0107291	0	0
34.034	0.0110281	0	0
34.067	0.0105008	0	0
34.100	0.0108921	0	0
34.134	0.0109290	0	0
34.167	0.0109362	0	0
34.200	0.0106704	0	0
34.234	0.0113643	0	0
34.267	0.0114343	0	0
34.300	0.0111549	0	0
34.334	0.0106940	0	0
34.367	0.0107447	0	0
34.401	0.0100299	0	0
34.434	0.0091894	0	0
34.467	0.0097306	0	0
34.501	0.0095266	0	0
34.534	0.0098001	0	0
34.567	0.0100842	0	0
34.601	0.0102920	0	0
34.634	0.0095741	0	0
34.667	0.0098678	0	0
34.701	0.0090450	0	0
34.734	0.0086544	0	0
34.768	0.0081166	0	0
34.801	0.0080708	0	0
34.834	0.0076862	0	0
34.868	0.0074121	0	0
34.901	0.0073283	0	0
34.934	0.0074722	0	0
34.968	0.0075159	0	0
35.001	0.0077975	0	0
35.035	0.0087486	0	0
35.068	0.0095937	0	0
35.101	0.0096178	0	0
35.135	0.0095878	0	0
35.168	0.0095496	0	0
35.201	0.0090309	0	0
35.235	0.0084691	0	0
35.268	0.0094565	0	0
35.301	0.0102022	0	0
35.335	0.0105736	0	0
35.368	0.0110126	0	0
35.402	0.0108809	0	0
35.435	0.0100213	0	0
35.468	0.0092577	0	0
35.502	0.0087706	0	0
35.535	0.0078919	0	0
35.568	0.0080444	0	0
35.602	0.0079637	0	0
35.635	0.0087603	0	0
35.668	0.0087376	0	0
35.702	0.0091132	0	0
35.735	0.0091212	0	0
35.769	0.0090511	0	0
35.802	0.0086693	0	0
35.835	0.0090077	0	0
35.869	0.0090753	0	0
35.902	0.0092137	0	0
35.935	0.0093826	0	0
35.969	0.0092569	0	0
36.002	0.0090745	0	0
36.036	0.0092562	0	0
36.069	0.0094543	0	0
36.102	0.0097435	0	0
36.136	0.0104437	0	0
36.169	0.0110970	0	0
36.202	0.0109601	0	0
36.236	0.0106432	0	0
36.269	0.0109583	0	0
36.302	0.0102749	0	0
36.336	0.0098066	0	0
36.369	0.0097378	0	0
36.403	0.0098855	0	0
36.436	0.0093548	0	0
36.469	0.0095008	0	0
36.503	0.0090540	0	0
36.536	0.0092825	0	0
36.569	0.0088971	0	0
36.603	0.0089377	0	0
36.636	0.0086984	0	0
36.669	0.0090412	0	0
36.703	0.0091149	0	0
36.736	0.0092500	0	0
36.770	0.0092086	0	0
36.803	0.0087893	0	0
36.836	0.0086256	0	0
36.870	0.0082946	0	0
36.903	0.0082298	0	0
36.936	0.0086381	0	0
36.970	0.0098132	0	0
37.003	0.0096814	0	0
37.037	0.0102078	0	0
37.070	0.0102338	0	0
37.103	0.0095083	0	0
37.137	0.0086120	0	0
37.170	0.0085161	0	0
37.203	0.0083473	0	0
37.237	0.0085409	0	0
37.270	0.0091692	0	0
37.303	0.0096756	0	0
37.337	0.0101529	0	0
37.370	0.0096227	0	0
37.404	0.0097092	0	0
37.437	0.0092606	0	0
37.470	0.0086508	0	0
37.504	0.0083301	0	0
37.537	0.0081907	0	0
37.570	0.0079700	0	0
37.604	0.0077611	0	0
37.637	0.0080875	0	0
37.670	0.0084057	0	0
37.704	0.0081987	0	0
37.737	0.0080155	0	0
37.771	0.0083445	0	0
37.804	0.0082904	0	0
37.837	0.0078970	0	0
37.871	0.0080301	0	0
37.904	0.0078842	0	0
37.937	0.0076674	0	0
37.971	0.0072147	0	0
38.004	0.0075143	0	0
38.038	0.0088169	0	0
38.071	0.0100815	0	0
38.104	0.0105630	0	0
38.138	0.0107658	0	0
38.171	0.0103782	0	0
38.204	0.0103622	0	0
38.238	0.0094249	0	0
38.271	0.0095050	0	0
38.304	0.0094442	0	0
38.338	0.0102133	0	0
38.371	0.0098113	0	0
38.405	0.0138827	0	0
38.438	0.0225452	0	0
38.471	0.0315700	0	1
38.505	0.0368419	0	0
38.538	0.0397018	0	0
38.571	0.0370448	0	0
38.605	0.0282429	0	0
38.638	0.0193094	0	0
38.671	0.0136055	0	0
38.705	0.0097776	0	0
38.738	0.0085973	0	0
38.772	0.0087620	0	0
38.805	0.0090652	0	0
38.838	0.0088583	0	0
38.872	0.0094303	0	0
38.905	0.0093281	0	0
38.938	0.0094000	0	0
38.972	0.0094962	0	0
39.005	0.0100005	0	0
39.039	0.0101402	0	0
39.072	0.0100522	0	0
39.105	0.0098572	0	0
39.139	0.0103684	0	0
39.172	0.0102825	0	0
39.205	0.0102368	0	0
39.239	0.0100168	0	0
39.272	0.0101022	0	0
39.305	0.0094922	0	0
39.339	0.0094597	0	0
39.372	0.0094815	0	0
39.406	0.0096669	0	0
39.439	0.0097265	0	0
39.472	0.0099194	0	0
39.506	0.0099510	0	0
39.539	0.0092963	0	0
39.572	0.0094899	0	0
39.606	0.0090003	0	0
39.639	0.0091773	0	0
39.672	0.0090732	0	0
39.706	0.0100756	0	0
39.739	0.0102195	0	0
39.773	0.0108808	0	0
39.806	0.0105872	0	0
39.839	0.0103931	0	0
39.873	0.0102153	0	0
39.906	0.0102597	0	0
39.939	0.0098058	0	0
39.973	0.0099248	0	0
40.006	0.0100707	0	0
40.040	0.0100576	0	0
40.073	0.0100546	0	0
40.106	0.0100502	0	0
40.140	0.0100691	0	0
40.173	0.0105917	0	0
40.206	0.0106903	0	0
40.240	0.0108025	0	0
40.273	0.0109879	0	0
40.306	0.0109895	0	0
40.340	0.0105687	0	0
40.373	0.0106869	0	0
40.407	0.0106256	0	0
40.440	0.0104601	0	0
40.473	0.0106295	0	0
40.507	0.0108648	0	0
40.540	0.0104388	0	0
40.573	0.0104958	0	0
40.607	0.0108402	0	0
40.640	0.0108278	0	0
40.673	0.0108212	0	0
40.707	0.0112233	0	0
40.740	0.0112469	0	0
40.774	0.0114574	0	0
40.807	0.0115057	0	0
40.840	0.0116876	0	0
40.874	0.0114185	0	0
40.907	0.0113118	0	0
40.940	0.0110168	0	0
40.974	0.0108115	0	0
41.007	0.0106837	0	0
41.041	0.0104578	0	0
41.074	0.0100932	0	0
41.107	0.0098968	0	0
41.141	0.0094834	0	0
41.174	0.0093364	0	0
41.207	0.0092183	0	0
41.241	0.0091165	0	0
41.274	0.0093280	0	0
41.307	0.0093580	0	0
41.341	0.0095845	0	0
41.374	0.0099641	0	0
41.408	0.0102337	0	0
41.441	0.0103620	0	0
41.474	0.0103142	0	0
41.508	0.0092785	0	0
41.541	0.0089788	0	0
41.574	0.0086570	0	0
41.608	0.0078926	0	0
41.641	0.0081306	0	0
41.674	0.0088425	0	0
41.708	0.0085796	0	0
41.741	0.0085638	0	0
41.775	0.0091863	0	0
41.808	0.0088909	0	0
41.841	0.0086469	0	0
41.875	0.0089595	0	0
41.908	0.0094070	0	0
41.941	0.0094921	0	0
41.975	0.0095276	0	0
42.008	0.0094809	0	0
42.042	0.0089267	0	0
42.075	0.0082793	0	0
42.108	0.0078893	0	0
42.142	0.0082096	0	0
42.175	0.0080496	0	0
42.208	0.0083295	0	0
42.242	0.0086371	0	0
42.275	0.0086069	0	0
42.308	0.0087816	0	0
42.342	0.0093149	0	0
42.375	0.0097459	0	0
42.409	0.0105756	0	0
42.442	0.0112961	0	0
42.475	0.0107221	0	0
42.509	0.0108803	0	0
42.542	0.0110732	0	0
42.575	0.0105987	0	0
42.609	0.0100597	0	0
42.642	0.0106160	0	0
42.675	0.0103623	0	0
42.709	0.0101955	0	0
42.742	0.0098680	0	0
42.776	0.0096937	0	0
42.809	0.0093997	0	0
42.842	0.0085544	0	0
42.876	0.0083098	0	0
42.909	0.0078023	0	0
42.942	0.0080328	0	0
42.976	0.0115086	0	0
43.009	0.0141572	0	0
43.043	0.0147107	0	0
43.076	0.0152555	0	0
43.109	0.0148578	0	0
43.143	0.0114622	0	0
43.176	0.0094250	0	0
43.209	0.0089368	0	0
43.243	0.0089467	0	0
43.276	0.0091102	0	0
43.309	0.0093279	0	0
43.343	0.0096744	0	0
43.376	0.0096155	0	0
43.410	0.0097349	0	0
43.443	0.0096536	0	0
43.476	0.0092317	0	0
43.510	0.0086698	0	0
43.543	0.0087491	0	0
43.576	0.0086738	0	0
43.610	0.0087080	0	0
43.643	0.0088267	0	0
43.676	0.0092298	0	0
43.710	0.0090626	0	0
43.743	0.0091974	0	0
43.777	0.0090310	0	0
43.810	0.0090165	0	0
43.843	0.0089581	0	0
43.877	0.0089590	0	0
43.910	0.0089212	0	0
43.943	0.0091935	0	0
43.977	0.0093320	0	0
44.010	0.0131469	0	0
44.044	0.0200904	0	1
44.077	0.0233361	0	1
44.110	0.0240660	0	1
44.144	0.0241945	0	0
44.177	0.0203184	0	0
44.210	0.0137144	0	0
44.244	0.0103411	0	0
44.277	0.0098791	0	0
44.310	0.0097892	0	0
44.344	0.0097883	0	0
44.377	0.0098455	0	0
44.411	0.0097014	0	0
44.444	0.0093072	0	0
44.477	0.0093089	0	0
44.511	0.0097061	0	0
44.544	0.0098034	0	0
44.577	0.0099895	0	0
44.611	0.0102932	0	0
44.644	0.0103196	0	0
44.677	0.0099480	0	0
44.711	0.0099836	0	0
44.744	0.0100849	0	0
44.778	0.0098206	0	0
44.811	0.0099280	0	0
44.844	0.0102101	0	0
44.878	0.0102524	0	0
44.911	0.0105140	0	0
44.944	0.0104085	0	0
44.978	0.0103044	0	0
45.011	0.0100682	0	0
45.045	0.0100192	0	0
45.078	0.0102355	0	0
45.111	0.0107570	0	0
45.145	0.0105414	0	0
45.178	0.0105988	0	0
45.211	0.0101991	0	0
45.245	0.0096051	0	0
45.278	0.0088959	0	0
45.311	0.0089419	0	0
45.345	0.0087171	0	0
45.378	0.0088172	0	0
45.412	0.0089300	0	0
45.445	0.0090559	0	0
45.478	0.0091438	0	0
45.512	0.0090601	0	0
45.545	0.0088578	0	0
45.578	0.0087667	0	0
45.612	0.0091342	0	0
45.645	0.0093191	0	0
45.678	0.0096664	0	0
45.712	0.0100404	0	0
45.745	0.0101324	0	0
45.779	0.0104370	0	0
45.812	0.0105206	0	0
45.845	0.0107245	0	0
45.879	0.0108382	0	0
45.912	0.0108871	0	0
45.945	0.0106796	0	0
45.979	0.0102889	0	0
46.012	0.0101460	0	0
46.046	0.0094687	0	0
46.079	0.0092691	0	0
46.112	0.0088382	0	0
46.146	0.0088751	0	0
46.179	0.0084228	0	0
46.212	0.0085127	0	0
46.246	0.0084639	0	0
46.279	0.0082334	0	0
46.312	0.0080576	0	0
46.346	0.0082141	0	0
46.379	0.0085482	0	0
46.413	0.0087420	0	0
46.446	0.0092400	0	0
46.479	0.0094667	0	0
46.513	0.0100589	0	0
46.546	0.0102603	0	0
46.579	0.0105082	0	0
46.613	0.0108015	0	0
46.646	0.0111516	0	0
46.679	0.0112311	0	0
46.713	0.0113424	0	0
46.746	0.0113556	0	0
46.780	0.0112406	0	0
46.813	0.0111459	0	0
46.846	0.0108129	0	0
46.880	0.0105687	0	0
46.913	0.0104326	0	0
46.946	0.0103394	0	0
46.980	0.0100744	0	0
47.013	0.0098554	0	0
47.047	0.0096180	0	0
47.080	0.0091279	0	0
47.113	0.0087813	0	0
47.147	0.0086664	0	0
47.180	0.0085309	0	0
47.213	0.0083182	0	0
47.247	0.0087121	0	0
47.280	0.0094061	0	0
47.313	0.0092344	0	0
47.347	0.0091406	0	0
47.380	0.0095422	0	0
47.414	0.0095640	0	0
47.447	0.0089482	0	0
47.480	0.0092530	0	0
47.514	0.0091131	0	0
47.547	0.0082694	0	0
47.580	0.0079134	0	0
47.614	0.0077897	0	0
47.647	0.0078516	0	0
47.680	0.0081779	0	0
47.714	0.0088021	0	0
47.747	0.0088011	0	0
47.781	0.0086856	0	0
47.814	0.0082602	0	0
47.847	0.0082281	0	0
47.881	0.0081187	0	0
47.914	0.0082739	0	0
47.947	0.0085001	0	0
47.981	0.0084523	0	0
48.014	0.0079451	0	0
48.048	0.0080347	0	0
48.081	0.0079249	0	0
48.114	0.0077971	0	0
48.148	0.0079709	0	0
48.181	0.0081688	0	0
48.214	0.0080832	0	0
48.248	0.0078818	0	0
48.281	0.0076966	0	0
48.314	0.0077623	0	0
48.348	0.0078633	0	0
48.381	0.0080140	0	0
48.415	0.0080991	0	0
48.448	0.0081870	0	0
48.481	0.0080620	0	0
48.515	0.0083991	0	0
48.548	0.0082242	0	0
48.581	0.0083224	0	0
48.615	0.0083682	0	0
48.648	0.0082689	0	0
48.681	0.0080629	0	0
48.715	0.0083208	0	0
48.748	0.0084568	0	0
48.782	0.0088029	0	0
48.815	0.0090176	0	0
48.848	0.0090622	0	0
48.882	0.0092587	0	0
48.915	0.0092949	0	0
48.948	0.0089645	0	0
48.982	0.0089249	0	0
49.015	0.0088287	0	0
49.049	0.0084163	0	0
49.082	0.0083111	0	0
49.115	0.0084483	0	0
49.149	0.0087015	0	0
49.182	0.0086985	0	0
49.215	0.0087395	0	0
49.249	0.0085011	0	0
49.282	0.0083628	0	0
49.315	0.0080204	0	0
49.349	0.0080282	0	0
49.382	0.0080700	0	0
49.416	0.0082395	0	0
49.449	0.0083175	0	0
49.482	0.0085545	0	0
49.516	0.0088031	0	0
49.549	0.0090013	0	0
49.582	0.0091349	0	0
49.616	0.0091299	0	0
49.649	0.0089226	0	0
49.682	0.0088124	0	0
49.716	0.0085626	0	0
49.749	0.0086111	0	0
49.783	0.0087845	0	0
49.816	0.0088056	0	0
49.849	0.0085685	0	0
49.883	0.0086756	0	0
49.916	0.0085298	0	0
49.949	0.0083693	0	0
49.983	0.0087144	0	0
50.016	0.0086278	0	0
50.050	0.0084855	0	0
50.083	0.0079842	0	0
50.116	0.0080047	0	0
50.150	0.0076088	0	0
50.183	0.0077931	0	0
50.216	0.0079226	0	0
50.250	0.0084192	0	0
50.283	0.0081817	0	0
50.316	0.0082224	0	0
50.350	0.0081175	0	0
50.383	0.0080898	0	0
50.417	0.0080755	0	0
50.450	0.0083391	0	0
50.483	0.0083046	0	0
50.517	0.0083792	0	0
50.550	0.0081942	0	0
50.583	0.0081731	0	0
50.617	0.0083583	0	0
50.650	0.0080535	0	0
50.683	0.0080287	0	0
50.717	0.0080810	0	0
50.750	0.0078597	0	0
50.784	0.0075084	0	0
50.817	0.0079291	0	0
50.850	0.0077423	0	0
50.884	0.0074457	0	0
50.917	0.0072359	0	0
50.950	0.0073246	0	0
50.984	0.0070055	0	0
51.017	0.0071488	0	0
51.051	0.0075790	0	0
51.084	0.0082558	0	0
51.117	0.0082866	0	0
51.151	0.0088976	0	0
51.184	0.0089729	0	0
51.217	0.0088820	0	0
51.251	0.0085832	0	0
51.284	0.0085271	0	0
51.317	0.0083112	0	0
51.351	0.0082914	0	0
51.384	0.0086244	0	0
51.418	0.0088978	0	0
51.451	0.0090185	0	0
51.484	0.0089254	0	0
51.518	0.0091485	0	0
51.551	0.0091205	0	0
51.584	0.0090730	0	0
51.618	0.0089471	0	0
51.651	0.0092200	0	0
51.684	0.0090951	0	0
51.718	0.0089459	0	0
51.751	0.0087232	0	0
51.785	0.0088753	0	0
51.818	0.0087093	0	0
51.851	0.0088272	0	0
51.885	0.0088388	0	0
51.918	0.0090729	0	0
51.951	0.0088804	0	0
51.985	0.0089110	0	0
52.018	0.0083744	0	0
52.052	0.0081592	0	0
52.085	0.0080414	0	0
52.118	0.0081751	0	0
52.152	0.0078824	0	0
52.185	0.0080573	0	0
52.218	0.0082164	0	0
52.252	0.0080770	0	0
52.285	0.0085623	0	0
52.318	0.0089303	0	0
52.352	0.0087979	0	0
52.385	0.0084462	0	0
52.419	0.0086735	0	0
52.452	0.0079957	0	0
52.485	0.0078511	0	0
52.519	0.0083408	0	0
52.552	0.0083715	0	0
52.585	0.0080213	0	0
52.619	0.0080957	0	0
52.652	0.0077127	0	0
52.685	0.0073021	0	0
52.719	0.0072748	0	0
52.752	0.0073505	0	0
52.786	0.0075068	0	0
52.819	0.0076728	0	0
52.852	0.0078874	0	0
52.886	0.0081117	0	0
52.919	0.0082368	0	0
52.952	0.0079951	0	0
52.986	0.0080958	0	0
53.019	0.0084348	0	0
53.053	0.0085662	0	0
53.086	0.0087263	0	0
53.119	0.0090464	0	0
53.153	0.0092068	0	0
53.186	0.0090120	0	0
53.219	0.0088486	0	0
53.253	0.0089346	0	0
53.286	0.0088870	0	0
53.319	0.0091138	0	0
53.353	0.0091987	0	0
53.386	0.0095617	0	0
53.420	0.0096270	0	0
53.453	0.0099174	0	0
53.486	0.0100048	0	0
53.520	0.0102711	0	0
53.553	0.0102487	0	0
53.586	0.0105334	0	0
53.620	0.0105580	0	0
53.653	0.0106210	0	0
53.686	0.0106660	0	0
53.720	0.0107340	0	0
53.753	0.0106829	0	0
53.787	0.0109165	0	0
53.820	0.0111307	0	0
53.853	0.0111667	0	0
53.887	0.0111619	0	0
53.920	0.0112831	0	0
53.953	0.0108565	0	0
53.987	0.0108249	0	0
54.020	0.0106723	0	0
54.054	0.0105108	0	0
54.087	0.0100266	0	0
54.120	0.0102211	0	0
54.154	0.0100023	0	0
54.187	0.0101395	0	0
54.220	0.0101999	0	0
54.254	0.0102344	0	0
54.287	0.0099871	0	0
54.320	0.0099695	0	0
54.354	0.0097848	0	0
54.387	0.0097084	0	0
54.421	0.0096792	0	0
54.454	0.0098996	0	0
54.487	0.0097680	0	0
54.521	0.0098497	0	0
54.554	0.0098462	0	0
54.587	0.0100657	0	0
54.621	0.0102624	0	0
54.654	0.0102302	0	0
54.687	0.0103905	0	0
54.721	0.0108013	0	0
54.754	0.0110992	0	0
54.788	0.0107060	0	0
54.821	0.0102714	0	0
54.854	0.0103474	0	0
54.888	0.0097983	0	0
54.921	0.0092556	0	0
54.954	0.0086098	0	0
54.988	0.0083980	0	0
55.021	0.0076476	0	0
55.055	0.0076234	0	0
55.088	0.0084728	0	0
55.121	0.0137095	0	0
55.155	0.0208399	0	0
55.188	0.0244070	0	0
55.221	0.0256860	0	0
55.255	0.0252118	0	0
55.288	0.0257621	0	0
55.321	0.0311334	0	1
55.355	0.0362810	0	0
55.388	0.0393285	0	0
55.422	0.0406973	0	0
55.455	0.0354207	0	0
55.488	0.0231255	0	0
55.522	0.0143152	0	0
55.555	0.0098163	0	0
55.588	0.0080512	0	0
55.622	0.0081626	0	0
55.655	0.0088786	0	0
55.688	0.0095218	0	0
55.722	0.0105381	0	0
55.755	0.0107611	0	0
55.789	0.0111600	0	0
55.822	0.0113516	0	0
55.855	0.0111934	0	0
55.889	0.0106985	0	0
55.922	0.0108616	0	0
55.955	0.0110706	0	0
55.989	0.0112494	0	0
56.022	0.0111365	0	0
56.056	0.0114607	0	0
56.089	0.0118732	0	0
56.122	0.0121317	0	0
56.156	0.0121935	0	0
56.189	0.0129161	0	0
56.222	0.0128327	0	0
56.256	0.0126606	0	0
56.289	0.0125963	0	0
56.322	0.0125939	0	0
56.356	0.0129902	0	0
56.389	0.0135508	0	0
56.423	0.0139474	0	0
56.456	0.0142745	0	0
56.489	0.0147187	0	0
56.523	0.0150439	0	0
56.556	0.0158979	0	0
56.589	0.0175198	0	0
56.623	0.0189461	0	0
56.656	0.0203038	0	0
56.689	0.0219106	0	0
56.723	0.0231305	0	0
56.756	0.0239146	0	0
56.790	0.0250792	0	0
56.823	0.0262668	0	0
56.856	0.0264382	0	0
56.890	0.0267232	0	0
56.923	0.0266106	0	0
56.956	0.0264102	0	0
56.990	0.0257456	0	0
57.023	0.0255735	0	0
57.057	0.0253774	0	0
57.090	0.0251403	0	0
57.123	0.0247354	0	0
57.157	0.0248288	0	0
57.190	0.0248745	0	0
57.223	0.0250201	0	0
57.257	0.0248178	0	0
57.290	0.0245375	0	0
57.323	0.0242840	0	0
57.357	0.0239955	0	0
57.390	0.0237031	0	0
57.424	0.0231822	0	0
57.457	0.0224035	0	0
57.490	0.0214881	0	0
57.524	0.0204917	0	0
57.557	0.0197640	0	0
57.590	0.0195638	0	0
57.624	0.0194648	0	0
57.657	0.0195881	0	0
57.690	0.0196000	0	0
57.724	0.0192814	0	0
57.757	0.0196568	0	0
57.791	0.0200067	0	0
57.824	0.0199149	0	0
57.857	0.0197914	0	0
57.891	0.0194969	0	0
57.924	0.0182858	0	0
57.957	0.0171558	0	0
57.991	0.0161467	0	0
58.024	0.0155640	0	0
58.058	0.0150657	0	0
58.091	0.0147744	0	0
58.124	0.0142961	0	0
58.158	0.0138531	0	0
58.191	0.0129178	0	0
58.224	0.0116625	0	0
58.258	0.0104720	0	0
58.291	0.0094878	0	0
58.324	0.0086549	0	0
58.358	0.0082443	0	0
58.391	0.0080548	0	0
58.425	0.0081039	0	0
58.458	0.0082132	0	0
58.491	0.0083726	0	0
58.525	0.0082493	0	0
58.558	0.0080962	0	0
58.591	0.0079528	0	0
58.625	0.0077084	0	0
58.658	0.0075927	0	0
58.691	0.0079755	0	0
58.725	0.0082426	0	0
58.758	0.0084593	0	0
58.792	0.0086454	0	0
58.825	0.0085869	0	0
58.858	0.0081891	0	0
58.892	0.0079666	0	0
58.925	0.0078530	0	0
58.958	0.0082043	0	0
58.992	0.0107688	0	0
59.025	0.0187048	0	0
59.059	0.0322718	0	1
59.092	0.0429365	0	0
59.125	0.0487739	0	0
59.159	0.0491457	0	0
59.192	0.0417324	1	0
59.225	0.0283585	0	0
59.259	0.0174747	0	0
59.292	0.0112920	0	0
59.325	0.0083793	0	0
59.359	0.0081813	0	0
59.392	0.0081237	0	0
59.426	0.0084582	0	0
59.459	0.0085291	0	0
59.492	0.0085134	0	0
59.526	0.0080905	0	0
59.559	0.0078584	0	0
59.592	0.0075116	0	0
59.626	0.0073406	0	0
59.659	0.0072824	0	0
59.692	0.0079399	0	0
59.726	0.0081239	0	0
59.759	0.0081057	0	0
59.793	0.0080514	0	0
59.826	0.0078954	0	0
59.859	0.0071286	0	0
59.893	0.0070389	0	0
59.926	0.0070389	0	0
59.959	0.0069285	0	0
59.993	0.0068286	0	0
60.026	0.0068460	0	0
60.060	0.0069420	0	0
60.093	0.0070978	0	0
60.126	0.0070706	0	0
60.160	0.0069744	0	0
60.193	0.0069892	0	0
60.226	0.0072602	0	0
60.260	0.0071192	0	0
60.293	0.0069423	0	0
60.326	0.0068045	0	0
60.360	0.0067226	0	0
60.393	0.0059889	0	0
60.427	0.0056862	0	0
60.460	0.0058340	0	0
60.493	0.0060445	0	0
60.527	0.0059885	0	0
60.560	0.0064909	0	0
60.593	0.0067477	0	0
60.627	0.0070232	0	0
60.660	0.0072054	0	0
60.693	0.0076453	0	0
60.727	0.0077577	0	0
60.760	0.0079771	0	0
60.794	0.0077193	0	0
60.827	0.0073237	0	0
60.860	0.0069605	0	0
60.894	0.0071334	0	0
60.927	0.0071515	0	0
60.960	0.0073612	0	0
60.994	0.0078833	0	0
61.027	0.0081103	0	0
61.061	0.0076295	0	0
61.094	0.0075551	0	0
61.127	0.0075431	0	0
61.161	0.0074827	0	0
61.194	0.0076466	0	0
61.227	0.0079195	0	0
61.261	0.0082045	0	0
61.294	0.0089411	0	0
61.327	0.0094645	0	0
61.361	0.0100723	0	0
61.394	0.0106193	0	0
61.428	0.0109926	0	0
61.461	0.0107026	0	0
61.494	0.0106424	0	0
61.528	0.0097364	0	0
61.561	0.0093496	0	0
61.594	0.0091587	0	0
61.628	0.0088530	0	0
61.661	0.0084771	0	0
61.694	0.0088640	0	0
61.728	0.0089471	0	0
61.761	0.0087128	0	0
61.795	0.0089068	0	0
61.828	0.0090489	0	0
61.861	0.0086679	0	0
61.895	0.0087753	0	0
61.928	0.0085865	0	0
61.961	0.0082989	0	0
61.995	0.0081280	0	0
62.028	0.0084723	0	0
62.062	0.0081992	0	0
62.095	0.0085712	0	0
62.128	0.0087003	0	0
62.162	0.0089241	0	0
62.195	0.0091028	0	0
62.228	0.0091159	0	0
62.262	0.0092257	0	0
62.295	0.0098337	0	0
62.328	0.0099871	0	0
62.362	0.0100026	0	0
62.395	0.0096599	0	0
62.429	0.0111370	0	0
62.462	0.0146898	0	0
62.495	0.0188948	0	0
62.529	0.0219733	0	0
62.562	0.0233701	0	0
62.595	0.0213480	0	0
62.629	0.0171834	0	0
62.662	0.0129053	0	0
62.695	0.0094275	0	0
62.729	0.0083108	0	0
62.762	0.0084032	0	0
62.796	0.0083525	0	0
62.829	0.0081383	0	0
62.862	0.0083791	0	0
62.896	0.0084361	0	0
62.929	0.0082889	0	0
62.962	0.0082144	0	0
62.996	0.0082853	0	0
63.029	0.0081709	0	0
63.063	0.0079865	0	0
63.096	0.0080445	0	0
63.129	0.0079517	0	0
63.163	0.0076869	0	0
63.196	0.0077086	0	0
63.229	0.0077252	0	0
63.263	0.0082044	0	0
63.296	0.0084037	0	0
63.329	0.0081885	0	0
63.363	0.0082474	0	0
63.396	0.0082203	0	0
63.430	0.0078521	0	0
63.463	0.0075193	0	0
63.496	0.0078303	0	0
63.530	0.0077576	0	0
63.563	0.0077214	0	0
63.596	0.0076251	0	0
63.630	0.0081761	0	0
63.663	0.0086114	0	0
63.696	0.0088192	0	0
63.730	0.0092566	0	0
63.763	0.0094420	0	0
63.797	0.0093312	0	0
63.830	0.0089920	0	0
63.863	0.0088195	0	0
63.897	0.0086272	0	0
63.930	0.0086958	0	0
63.963	0.0086668	0	0
63.997	0.0086292	0	0
64.030	0.0085978	0	0
64.064	0.0084659	0	0
64.097	0.0086333	0	0
64.130	0.0084056	0	0
64.164	0.0081998	0	0
64.197	0.0082590	0	0
64.230	0.0081946	0	0
64.264	0.0077522	0	0
64.297	0.0075576	0	0
64.330	0.0075498	0	0
64.364	0.0071794	0	0
64.397	0.0070304	0	0
64.431	0.0070598	0	0
64.464	0.0072369	0	0
64.497	0.0072668	0	0
64.531	0.0071073	0	0
64.564	0.0069523	0	0
64.597	0.0068983	0	0
64.631	0.0068536	0	0
64.664	0.0068248	0	0
64.697	0.0070474	0	0
64.731	0.0071351	0	0
64.764	0.0070011	0	0
64.798	0.0072615	0	0
64.831	0.0071256	0	0
64.864	0.0073214	0	0
64.898	0.0073643	0	0
64.931	0.0072676	0	0
64.964	0.0071007	0	0
64.998	0.0072243	0	0
65.031	0.0069751	0	0
65.065	0.0069225	0	0
65.098	0.0071467	0	0
65.131	0.0069345	0	0
65.165	0.0067149	0	0
65.198	0.0069228	0	0
65.231	0.0068603	0	0
65.265	0.0065895	0	0
65.298	0.0068736	0	0
65.331	0.0070274	0	0
65.365	0.0068915	0	0
65.398	0.0069806	0	0
65.432	0.0072405	0	0
65.465	0.0072148	0	0
65.498	0.0072136	0	0
65.532	0.0069972	0	0
65.565	0.0068718	0	0
65.598	0.0066660	0	0
65.632	0.0067953	0	0
65.665	0.0068222	0	0
65.698	0.0070615	0	0
65.732	0.0075762	0	0
65.765	0.0077422	0	0
65.799	0.0076808	0	0
65.832	0.0076468	0	0
65.865	0.0077652	0	0
65.899	0.0075723	0	0
65.932	0.0075790	0	0
65.965	0.0077116	0	0
65.999	0.0084171	0	0
66.032	0.0086675	0	0
66.066	0.0084150	0	0
66.099	0.0082116	0	0
66.132	0.0076426	0	0
66.166	0.0071060	0	0
66.199	0.0068764	0	0
66.232	0.0069610	0	0
66.266	0.0070363	0	0
66.299	0.0073250	0	0
66.332	0.0071561	0	0
66.366	0.0072820	0	0
66.399	0.0079537	0	0
66.433	0.0081343	0	0
66.466	0.0084723	0	0
66.499	0.0090113	0	0
66.533	0.0090842	0	0
66.566	0.0087490	0	0
66.599	0.0088458	0	0
66.633	0.0090093	0	0
66.666	0.0090405	0	0
66.699	0.0090678	0	0
66.733	0.0090335	0	0
66.766	0.0091438	0	0
66.800	0.0086126	0	0
66.833	0.0082489	0	0
66.866	0.0079425	0	0
66.900	0.0078238	0	0
66.933	0.0076911	0	0
66.966	0.0080678	0	0
67.000	0.0078871	0	0
67.033	0.0077882	0	0
67.067	0.0076198	0	0
67.100	0.0075357	0	0
67.133	0.0072870	0	0
67.167	0.0074151	0	0
67.200	0.0077355	0	0
67.233	0.0077901	0	0
67.267	0.0079812	0	0
67.300	0.0081120	0	0
67.333	0.0082645	0	0
67.367	0.0082607	0	0
67.400	0.0085649	0	0
67.434	0.0085658	0	0
67.467	0.0083553	0	0
67.500	0.0083298	0	0
67.534	0.0079635	0	0
67.567	0.0075589	0	0
67.600	0.0074386	0	0
67.634	0.0073429	0	0
67.667	0.0073340	0	0
67.700	0.0077341	0	0
67.734	0.0081108	0	0
67.767	0.0080172	0	0
67.801	0.0080647	0	0
67.834	0.0080357	0	0
67.867	0.0080716	0	0
67.901	0.0079662	0	0
67.934	0.0080073	0	0
67.967	0.0080403	0	0
68.001	0.0086044	0	0
68.034	0.0106793	0	0
68.068	0.0121638	0	0
68.101	0.0129114	0	0
68.134	0.0129816	0	0
68.168	0.0127234	0	0
68.201	0.0103125	0	0
68.234	0.0088340	0	0
68.268	0.0081481	0	0
68.301	0.0083631	0	0
68.334	0.0081542	0	0
68.368	0.0084884	0	0
68.401	0.0087058	0	0
68.435	0.0091790	0	0
68.468	0.0090362	0	0
68.501	0.0089523	0	0
68.535	0.0090026	0	0
68.568	0.0089015	0	0
68.601	0.0085698	0	0
68.635	0.0086158	0	0
68.668	0.0088183	0	0
68.701	0.0085974	0	0
68.735	0.0085263	0	0
68.768	0.0084053	0	0
68.802	0.0087880	0	0
68.835	0.0087593	0	0
68.868	0.0087814	0	0
68.902	0.0085926	0	0
68.935	0.0083658	0	0
68.968	0.0075787	0	0
69.002	0.0072844	0	0
69.035	0.0073344	0	0
69.069	0.0071947	0	0
69.102	0.0072389	0	0
69.135	0.0074785	0	0
69.169	0.0074871	0	0
69.202	0.0074461	0	0
69.235	0.0075085	0	0
69.269	0.0073841	0	0
69.302	0.0075699	0	0
69.335	0.0075699	0	0
69.369	0.0075278	0	0
69.402	0.0078594	0	0
69.436	0.0082034	0	0
69.469	0.0094776	0	0
69.502	0.0161458	0	0
69.536	0.0206028	0	0
69.569	0.0231804	0	0
69.602	0.0239104	0	0
69.636	0.0280099	0	0
69.669	0.0355716	0	0
69.702	0.0452814	0	0
69.736	0.0518589	0	0
69.769	0.0551784	0	0
69.803	0.0509322	0	0
69.836	0.0369607	1	0
69.869	0.0228341	0	0
69.903	0.0133427	0	0
69.936	0.0093149	0	0
69.969	0.0080891	0	0
70.003	0.0080623	0	0
70.036	0.0088913	0	0
70.070	0.0098650	0	0
70.103	0.0144679	0	0
70.136	0.0301552	0	0
70.170	0.0466643	0	0
70.203	0.0601686	0	0
70.236	0.0681289	0	0
70.270	0.0668777	0	0
70.303	0.0518008	0	0
70.336	0.0351569	0	0
70.370	0.0208295	0	0
70.403	0.0120426	0	0
70.437	0.0088557	0	0
70.470	0.0082156	0	0
70.503	0.0085976	0	0
70.537	0.0086643	0	0
70.570	0.0086112	0	0
70.603	0.0081866	0	0
70.637	0.0080416	0	0
70.670	0.0074594	0	0
70.703	0.0072426	0	0
70.737	0.0070569	0	0
70.770	0.0077280	0	0
70.804	0.0169245	0	0
70.837	0.0301516	0	1
70.870	0.0379985	0	0
70.904	0.0419388	0	0
70.937	0.0427134	0	0
70.970	0.0337841	0	0
71.004	0.0208197	0	0
71.037	0.0132447	0	0
71.071	0.0095496	0	0
71.104	0.0083028	0	0
71.137	0.0085792	0	0
71.171	0.0088094	0	0
71.204	0.0090729	0	0
71.237	0.0092436	0	0
71.271	0.0094360	0	0
71.304	0.0090114	0	0
71.337	0.0087813	0	0
71.371	0.0086360	0	0
71.404	0.0087024	0	0
71.438	0.0085332	0	0
71.471	0.0085467	0	0
71.504	0.0085603	0	0
71.538	0.0080966	0	0
71.571	0.0076533	0	0
71.604	0.0077664	0	0
71.638	0.0081095	0	0
71.671	0.0082243	0	0
71.704	0.0088522	0	0
71.738	0.0090853	0	0
71.771	0.0095207	0	0
71.805	0.0095385	0	0
71.838	0.0093887	0	0
71.871	0.0090876	0	0
71.905	0.0091271	0	0
71.938	0.0087568	0	0
71.971	0.0108577	0	0
72.005	0.0205378	0	0
72.038	0.0258488	0	0
72.072	0.0269245	0	0
72.105	0.0268982	0	0
72.138	0.0247761	0	0
72.172	0.0156039	0	0
72.205	0.0107036	0	0
72.238	0.0102894	0	0
72.272	0.0107282	0	0
72.305	0.0110255	0	0
72.338	0.0109323	0	0
72.372	0.0108219	0	0
72.405	0.0105924	0	0
72.439	0.0102446	0	0
72.472	0.0100235	0	0
72.505	0.0098536	0	0
72.539	0.0100467	0	0
72.572	0.0100173	0	0
72.605	0.0102305	0	0
72.639	0.0102048	0	0
72.672	0.0101296	0	0
72.705	0.0100036	0	0
72.739	0.0100790	0	0
72.772	0.0102107	0	0
72.806	0.0105136	0	0
72.839	0.0108967	0	0
72.872	0.0111080	0	0
72.906	0.0113021	0	0
72.939	0.0112881	0	0
72.972	0.0113096	0	0
73.006	0.0113779	0	0
73.039	0.0116647	0	0
73.073	0.0115605	0	0
73.106	0.0115405	0	0
73.139	0.0117031	0	0
73.173	0.0119249	0	0
73.206	0.0117493	0	0
73.239	0.0119238	0	0
73.273	0.0125581	0	0
73.306	0.0127168	0	0
73.339	0.0127195	0	0
73.373	0.0123283	0	0
73.406	0.0124850	0	0
73.440	0.0119853	0	0
73.473	0.0117196	0	0
73.506	0.0114024	0	0
73.540	0.0112057	0	0
73.573	0.0105612	0	0
73.606	0.0106440	0	0
73.640	0.0106160	0	0
73.673	0.0108578	0	0
73.706	0.0111687	0	0
73.740	0.0117619	0	0
73.773	0.0117612	0	0
73.807	0.0117012	0	0
73.840	0.0115066	0	0
73.873	0.0118206	0	0
73.907	0.0120985	0	0
73.940	0.0122821	0	0
73.973	0.0128860	0	0
74.007	0.0131890	0	0
74.040	0.0127663	0	0
74.074	0.0120043	0	0
74.107	0.0113923	0	0
74.140	0.0106065	0	0
74.174	0.0101500	0	0
74.207	0.0099319	0	0
74.240	0.0102374	0	0
74.274	0.0109117	0	0
74.307	0.0112571	0	0
74.340	0.0115302	0	0
74.374	0.0118366	0	0
74.407	0.0117684	0	0
74.441	0.0112330	0	0
74.474	0.0109687	0	0
74.507	0.0107666	0	0
74.541	0.0104379	0	0
74.574	0.0100469	0	0
74.607	0.0101866	0	0
74.641	0.0100761	0	0
74.674	0.0096289	0	0
74.707	0.0098976	0	0
74.741	0.0100684	0	0
74.774	0.0096538	0	0
74.808	0.0096353	0	0
74.841	0.0100059	0	0
74.874	0.0097074	0	0
74.908	0.0096977	0	0
74.941	0.0098722	0	0
74.974	0.0097439	0	0
75.008	0.0101969	0	0
75.041	0.0104946	0	0
75.075	0.0106766	0	0
75.108	0.0106628	0	0
75.141	0.0107847	0	0
75.175	0.0104502	0	0
75.208	0.0106754	0	0
75.241	0.0107124	0	0
75.275	0.0106393	0	0
75.308	0.0108740	0	0
75.341	0.0105642	0	0
75.375	0.0097785	0	0
75.408	0.0094526	0	0
75.442	0.0095477	0	0
75.475	0.0094116	0	0
75.508	0.0097043	0	0
75.542	0.0099959	0	0
75.575	0.0098752	0	0
75.608	0.0096431	0	0
75.642	0.0094164	0	0
75.675	0.0091573	0	0
75.708	0.0090775	0	0
75.742	0.0090469	0	0
75.775	0.0092167	0	0
75.809	0.0096132	0	0
75.842	0.0099088	0	0
75.875	0.0101980	0	0
75.909	0.0102331	0	0
75.942	0.0103947	0	0
75.975	0.0104746	0	0
76.009	0.0104194	0	0
76.042	0.0105449	0	0
76.076	0.0109826	0	0
76.109	0.0109430	0	0
76.142	0.0103744	0	0
76.176	0.0099516	0	0
76.209	0.0095795	0	0
76.242	0.0092836	0	0
76.276	0.0090413	0	0
76.309	0.0092614	0	0
76.342	0.0095475	0	0
76.376	0.0094466	0	0
76.409	0.0097411	0	0
76.443	0.0095441	0	0
76.476	0.0096047	0	0
76.509	0.0095902	0	0
76.543	0.0094777	0	0
76.576	0.0087293	0	0
76.609	0.0087725	0	0
76.643	0.0085762	0	0
76.676	0.0083893	0	0
76.709	0.0087161	0	0
76.743	0.0093521	0	0
76.776	0.0095218	0	0
76.810	0.0095917	0	0
76.843	0.0098802	0	0
76.876	0.0098393	0	0
76.910	0.0095237	0	0
76.943	0.0094719	0	0
76.976	0.0093563	0	0
77.010	0.0091131	0	0
77.043	0.0090550	0	0
77.077	0.0088157	0	0
77.110	0.0085434	0	0
77.143	0.0084680	0	0
77.177	0.0081865	0	0
77.210	0.0078261	0	0
77.243	0.0079359	0	0
77.277	0.0083850	0	0
77.310	0.0084399	0	0
77.343	0.0082742	0	0
77.377	0.0086017	0	0
77.410	0.0087340	0	0
77.444	0.0083830	0	0
77.477	0.0082219	0	0
77.510	0.0087318	0	0
77.544	0.0089089	0	0
77.577	0.0089863	0	0
77.610	0.0095072	0	0
77.644	0.0098019	0	0
77.677	0.0098296	0	0
77.710	0.0099022	0	0
77.744	0.0099875	0	0
77.777	0.0098209	0	0
77.811	0.0101607	0	0
77.844	0.0107348	0	0
77.877	0.0110926	0	0
77.911	0.0115703	0	0
77.944	0.0123743	0	0
77.977	0.0123892	0	0
78.011	0.0121715	0	0
78.044	0.0125926	0	0
78.078	0.0129307	0	0
78.111	0.0132097	0	0
78.144	0.0137617	0	0
78.178	0.0142517	0	0
78.211	0.0142052	0	0
78.244	0.0140341	0	0
78.278	0.0138663	0	0
78.311	0.0141895	0	0
78.344	0.0203297	0	0
78.378	0.0303840	0	1
78.411	0.0383816	0	0
78.445	0.0414254	0	0
78.478	0.0409357	0	0
78.511	0.0339847	0	0
78.545	0.0232421	0	0
78.578	0.0154455	0	0
78.611	0.0123500	0	0
78.645	0.0119013	0	0
78.678	0.0122516	0	0
78.711	0.0123461	0	0
78.745	0.0119587	0	0
78.778	0.0113618	0	0
78.812	0.0115685	0	0
78.845	0.0119903	0	0
78.878	0.0126434	0	0
78.912	0.0130274	0	0
78.945	0.0133827	0	0
78.978	0.0135553	0	0
79.012	0.0137158	0	0
79.045	0.0137870	0	0
79.079	0.0137281	0	0
79.112	0.0140163	0	0
79.145	0.0144029	0	0
79.179	0.0145108	0	0
79.212	0.0145680	0	0
79.245	0.0146839	0	0
79.279	0.0146895	0	0
79.312	0.0146770	0	0
79.345	0.0147676	0	0
79.379	0.0148167	0	0
79.412	0.0150963	0	0
79.446	0.0151243	0	0
79.479	0.0152070	0	0
79.512	0.0149681	0	0
79.546	0.0148703	0	0
79.579	0.0141725	0	0
79.612	0.0138893	0	0
79.646	0.0132532	0	0
79.679	0.0129744	0	0
79.712	0.0129087	0	0
79.746	0.0130032	0	0
79.779	0.0130314	0	0
79.813	0.0131104	0	0
79.846	0.0128783	0	0
79.879	0.0125203	0	0
79.913	0.0126045	0	0
79.946	0.0128900	0	0
79.979	0.0134572	0	0
80.013	0.0136754	0	0
80.046	0.0141980	0	0
80.080	0.0144169	0	0
80.113	0.0143467	0	0
80.146	0.0141649	0	0
80.180	0.0142951	0	0
80.213	0.0142081	0	0
80.246	0.0143853	0	0
80.280	0.0146954	0	0
80.313	0.0150463	0	0
80.346	0.0151751	0	0
80.380	0.0152037	0	0
80.413	0.0150760	0	0
80.447	0.0148810	0	0
80.480	0.0143767	0	0
80.513	0.0144142	0	0
80.547	0.0139474	0	0
80.580	0.0135519	0	0
80.613	0.0130735	0	0
80.647	0.0127497	0	0
80.680	0.0124151	0	0
80.713	0.0124676	0	0
80.747	0.0123433	0	0
80.780	0.0119579	0	0
80.814	0.0119819	0	0
80.847	0.0119446	0	0
80.880	0.0116749	0	0
80.914	0.0115099	0	0
80.947	0.0116716	0	0
80.980	0.0114477	0	0
81.014	0.0111173	0	0
81.047	0.0110635	0	0
81.081	0.0109454	0	0
81.114	0.0107060	0	0
81.147	0.0109767	0	0
81.181	0.0110824	0	0
81.214	0.0114851	0	0
81.247	0.0118469	0	0
81.281	0.0118254	0	0
81.314	0.0119608	0	0
81.347	0.0118796	0	0
81.381	0.0116580	0	0
81.414	0.0117670	0	0
81.448	0.0120385	0	0
81.481	0.0117369	0	0
81.514	0.0120834	0	0
81.548	0.0121155	0	0
81.581	0.0118300	0	0
81.614	0.0119064	0	0
81.648	0.0120654	0	0
81.681	0.0118424	0	0
81.714	0.0116007	0	0
81.748	0.0116265	0	0
81.781	0.0116617	0	0
81.815	0.0116281	0	0
81.848	0.0115986	0	0
81.881	0.0117853	0	0
81.915	0.0119653	0	0
81.948	0.0119960	0	0
81.981	0.0119847	0	0
82.015	0.0118848	0	0
82.048	0.0120087	0	0
82.082	0.0120014	0	0
82.115	0.0123244	0	0
82.148	0.0125311	0	0
82.182	0.0126801	0	0
82.215	0.0127943	0	0
82.248	0.0128212	0	0
82.282	0.0124096	0	0
82.315	0.0122778	0	0
82.348	0.0119163	0	0
82.382	0.0116276	0	0
82.415	0.0113483	0	0
82.449	0.0113066	0	0
82.482	0.0109866	0	0
82.515	0.0112475	0	0
82.549	0.0111957	0	0
82.582	0.0113225	0	0
82.615	0.0117274	0	0
82.649	0.0122525	0	0
82.682	0.0124154	0	0
82.715	0.0125122	0	0
82.749	0.0126725	0	0
82.782	0.0123066	0	0
82.816	0.0123781	0	0
82.849	0.0120660	0	0
82.882	0.0121210	0	0
82.916	0.0122277	0	0
82.949	0.0122235	0	0
82.982	0.0115439	0	0
83.016	0.0119154	0	0
83.049	0.0117321	0	0
83.083	0.0114581	0	0
83.116	0.0114408	0	0
83.149	0.0115643	0	0
83.183	0.0114729	0	0
83.216	0.0118880	0	0
83.249	0.0121500	0	0
83.283	0.0123887	0	0
83.316	0.0127264	0	0
83.349	0.0129350	0	0
83.383	0.0128293	0	0
83.416	0.0128204	0	0
83.450	0.0125203	0	0
83.483	0.0126068	0	0
83.516	0.0128294	0	0
83.550	0.0127285	0	0
83.583	0.0122170	0	0
83.616	0.0126807	0	0
83.650	0.0127328	0	0
83.683	0.0126445	0	0
83.716	0.0184012	0	0
83.750	0.0262481	0	1
83.783	0.0284833	0	1
83.817	0.0278548	0	1
83.850	0.0275560	0	0
83.883	0.0218440	0	0
83.917	0.0144972	0	0
83.950	0.0117861	0	0
83.983	0.0121931	0	0
84.017	0.0126766	0	0
84.050	0.0124557	0	0
84.084	0.0122854	0	0
84.117	0.0124580	0	0
84.150	0.0124449	0	0
84.184	0.0118620	0	0
84.217	0.0120408	0	0
84.250	0.0122581	0	0
84.284	0.0122006	0	0
84.317	0.0124304	0	0
84.350	0.0128203	0	0
84.384	0.0131739	0	0
84.417	0.0131808	0	0
84.451	0.0131085	0	0
84.484	0.0126774	0	0
84.517	0.0124395	0	0
84.551	0.0119666	0	0
84.584	0.0114243	0	0
84.617	0.0117246	0	0
84.651	0.0120820	0	0
84.684	0.0121443	0	0
84.717	0.0128211	0	0
84.751	0.0134577	0	0
84.784	0.0135649	0	0
84.818	0.0134095	0	0
84.851	0.0135219	0	0
84.884	0.0130256	0	0
84.918	0.0129870	0	0
84.951	0.0127851	0	0
84.984	0.0128678	0	0
85.018	0.0126891	0	0
85.051	0.0124440	0	0
85.085	0.0120728	0	0
85.118	0.0116305	0	0
85.151	0.0113637	0	0
85.185	0.0110079	0	0
85.218	0.0109080	0	0
85.251	0.0112160	0	0
85.285	0.0116368	0	0
85.318	0.0117785	0	0
85.351	0.0123623	0	0
85.385	0.0128439	0	0
85.418	0.0130675	0	0
85.452	0.0131969	0	0
85.485	0.0132262	0	0
85.518	0.0131071	0	0
85.552	0.0127319	0	0
85.585	0.0121705	0	0
85.618	0.0115137	0	0
85.652	0.0117787	0	0
85.685	0.0116459	0	0
85.718	0.0119377	0	0
85.752	0.0120232	0	0
85.785	0.0123609	0	0
85.819	0.0123788	0	0
85.852	0.0124217	0	0
85.885	0.0122140	0	0
85.919	0.0123111	0	0
85.952	0.0121964	0	0
85.985	0.0113542	0	0
86.019	0.0111439	0	0
86.052	0.0108805	0	0
86.086	0.0103584	0	0
86.119	0.0101527	0	0
86.152	0.0102880	0	0
86.186	0.0100916	0	0
86.219	0.0100086	0	0
86.252	0.0098739	0	0
86.286	0.0095085	0	0
86.319	0.0093767	0	0
86.352	0.0090097	0	0
86.386	0.0089848	0	0
86.419	0.0090390	0	0
86.453	0.0091512	0	0
86.486	0.0087554	0	0
86.519	0.0091372	0	0
86.553	0.0088563	0	0
86.586	0.0088572	0	0
86.619	0.0092091	0	0
86.653	0.0095247	0	0
86.686	0.0091306	0	0
86.719	0.0088302	0	0
86.753	0.0087155	0	0
86.786	0.0082198	0	0
86.820	0.0081638	0	0
86.853	0.0080835	0	0
86.886	0.0088877	0	0
86.920	0.0098493	0	0
86.953	0.0111349	0	0
86.986	0.0117519	0	0
87.020	0.0133350	0	0
87.053	0.0148285	0	0
87.087	0.0161237	0	0
87.120	0.0169868	0	0
87.153	0.0182724	0	0
87.187	0.0188498	0	0
87.220	0.0189602	0	0
87.253	0.0171464	0	0
87.287	0.0152008	0	0
87.320	0.0133684	0	0
87.353	0.0113704	0	0
87.387	0.0095047	0	0
87.420	0.0090203	0	0
87.454	0.0091197	0	0
87.487	0.0091118	0	0
87.520	0.0091990	0	0
87.554	0.0089665	0	0
87.587	0.0089521	0	0
87.620	0.0085919	0	0
87.654	0.0101539	0	0
87.687	0.0163542	0	0
87.720	0.0234334	0	0
87.754	0.0267019	0	0
87.787	0.0274627	0	0
87.821	0.0260367	0	0
87.854	0.0197907	0	0
87.887	0.0125711	0	0
87.921	0.0091246	0	0
87.954	0.0081795	0	0
87.987	0.0077398	0	0
88.021	0.0071665	0	0
88.054	0.0072766	0	0
88.088	0.0132639	0	0
88.121	0.0228392	0	0
88.154	0.0280029	0	0
88.188	0.0293209	0	0
88.221	0.0297071	0	0
88.254	0.0241066	0	0
88.288	0.0148981	0	0
88.321	0.0098717	0	0
88.354	0.0088793	0	0
88.388	0.0087490	0	0
88.421	0.0085793	0	0
88.455	0.0084191	0	0
88.488	0.0085084	0	0
88.521	0.0087517	0	0
88.555	0.0084679	0	0
88.588	0.0082486	0	0
88.621	0.0083004	0	0
88.655	0.0099884	0	0
88.688	0.0167534	0	0
88.721	0.0205660	0	0
88.755	0.0223546	0	0
88.788	0.0229843	0	0
88.822	0.0212409	0	0
88.855	0.0145226	0	0
88.888	0.0109705	0	0
88.922	0.0096042	0	0
88.955	0.0091502	0	0
88.988	0.0092658	0	0
89.022	0.0093692	0	0
89.055	0.0092544	0	0
89.089	0.0090952	0	0
89.122	0.0091760	0	0
89.155	0.0091787	0	0
89.189	0.0092910	0	0
89.222	0.0096299	0	0
89.255	0.0098448	0	0
89.289	0.0099998	0	0
89.322	0.0103504	0	0
89.355	0.0104622	0	0
89.389	0.0102817	0	0
89.422	0.0102487	0	0
89.456	0.0101928	0	0
89.489	0.0099998	0	0
89.522	0.0097574	0	0
89.556	0.0095316	0	0
89.589	0.0094852	0	0
89.622	0.0093117	0	0
89.656	0.0091450	0	0
89.689	0.0090184	0	0
89.722	0.0092628	0	0
89.756	0.0093200	0	0
89.789	0.0096249	0	0
89.823	0.0097262	0	0
89.856	0.0099369	0	0
89.889	0.0098792	0	0
89.923	0.0096903	0	0
89.956	0.0096026	0	0
89.989	0.0095306	0	0
90.023	0.0093770	0	0
90.056	0.0095898	0	0
90.090	0.0097861	0	0
90.123	0.0096034	0	0
90.156	0.0097773	0	0
90.190	0.0101362	0	0
90.223	0.0099727	0	0
90.256	0.0099055	0	0
90.290	0.0101721	0	0
90.323	0.0099279	0	0
90.356	0.0096319	0	0
90.390	0.0095791	0	0
90.423	0.0099311	0	0
90.457	0.0098061	0	0
90.490	0.0101061	0	0
90.523	0.0099924	0	0
90.557	0.0096593	0	0
90.590	0.0088665	0	0
90.623	0.0084523	0	0
90.657	0.0082749	0	0
90.690	0.0080334	0	0
90.723	0.0081642	0	0
90.757	0.0088604	0	0
90.790	0.0086569	0	0
90.824	0.0083714	0	0
90.857	0.0084522	0	0
90.890	0.0083288	0	0
90.924	0.0080458	0	0
90.957	0.0082514	0	0
90.990	0.0083062	0	0
91.024	0.0084722	0	0
91.057	0.0083312	0	0
91.091	0.0080932	0	0
91.124	0.0079975	0	0
91.157	0.0078217	0	0
91.191	0.0074201	0	0
91.224	0.0074719	0	0
91.257	0.0072468	0	0
91.291	0.0071358	0	0
91.324	0.0071456	0	0
91.357	0.0072185	0	0
91.391	0.0071917	0	0
91.424	0.0074385	0	0
91.458	0.0078491	0	0
91.491	0.0080737	0	0
91.524	0.0082461	0	0
91.558	0.0083068	0	0
91.591	0.0082306	0	0
91.624	0.0080858	0	0
91.658	0.0080744	0	0
91.691	0.0079160	0	0
91.724	0.0079353	0	0
91.758	0.0082605	0	0
91.791	0.0082996	0	0
91.825	0.0087617	0	0
91.858	0.0090434	0	0
91.891	0.0098377	0	0
91.925	0.0099831	0	0
91.958	0.0102233	0	0
91.991	0.0100064	0	0
92.025	0.0101461	0	0
92.058	0.0094887	0	0
92.092	0.0089140	0	0
92.125	0.0086225	0	0
92.158	0.0081444	0	0
92.192	0.0083615	0	0
92.225	0.0084353	0	0
92.258	0.0081933	0	0
92.292	0.0080304	0	0
92.325	0.0080909	0	0
92.358	0.0077882	0	0
92.392	0.0075341	0	0
92.425	0.0078206	0	0
92.459	0.0077635	0	0
92.492	0.0076446	0	0
92.525	0.0072872	0	0
92.559	0.0071633	0	0
92.592	0.0069719	0	0
92.625	0.0074625	0	0
92.659	0.0072954	0	0
92.692	0.0073137	0	0
92.725	0.0076860	0	0
92.759	0.0078075	0	0
92.792	0.0074243	0	0
92.826	0.0077919	0	0
92.859	0.0076853	0	0
92.892	0.0075502	0	0
92.926	0.0074385	0	0
92.959	0.0071476	0	0
92.992	0.0070221	0	0
93.026	0.0073124	0	0
93.059	0.0071590	0	0
93.093	0.0073343	0	0
93.126	0.0076792	0	0
93.159	0.0075178	0	0
93.193	0.0071481	0	0
93.226	0.0070680	0	0
93.259	0.0073577	0	0
93.293	0.0074334	0	0
93.326	0.0075947	0	0
93.359	0.0076833	0	0
93.393	0.0080782	0	0
93.426	0.0080637	0	0
93.460	0.0080330	0	0
93.493	0.0084157	0	0
93.526	0.0087578	0	0
93.560	0.0085530	0	0
93.593	0.0085163	0	0
93.626	0.0089009	0	0
93.660	0.0089087	0	0
93.693	0.0086967	0	0
93.726	0.0087954	0	0
93.760	0.0085363	0	0
93.793	0.0080394	0	0
93.827	0.0077975	0	0
93.860	0.0076787	0	0
93.893	0.0076963	0	0
93.927	0.0079180	0	0
93.960	0.0081497	0	0
93.993	0.0081045	0	0
94.027	0.0083336	0	0
94.060	0.0082360	0	0
94.094	0.0080133	0	0
94.127	0.0080248	0	0
94.160	0.0080561	0	0
94.194	0.0078979	0	0
94.227	0.0080492	0	0
94.260	0.0079687	0	0
94.294	0.0080497	0	0
94.327	0.0082760	0	0
94.360	0.0083693	0	0
94.394	0.0087623	0	0
94.427	0.0091159	0	0
94.461	0.0089266	0	0
94.494	0.0086444	0	0
94.527	0.0085248	0	0
94.561	0.0077427	0	0
94.594	0.0074198	0	0
94.627	0.0074044	0	0
94.661	0.0073888	0	0
94.694	0.0075316	0	0
94.727	0.0078395	0	0
94.761	0.0079396	0	0
94.794	0.0078376	0	0
94.828	0.0082112	0	0
94.861	0.0084187	0	0
94.894	0.0084097	0	0
94.928	0.0085007	0	0
94.961	0.0085652	0	0
94.994	0.0083847	0	0
95.028	0.0082469	0	0
95.061	0.0083876	0	0
95.095	0.0085056	0	0
95.128	0.0086310	0	0
95.161	0.0088300	0	0
95.195	0.0088047	0	0
95.228	0.0087229	0	0
95.261	0.0088637	0	0
95.295	0.0090473	0	0
95.328	0.0089672	0	0
95.361	0.0090389	0	0
95.395	0.0092007	0	0
95.428	0.0089249	0	0
95.462	0.0085448	0	0
95.495	0.0082691	0	0
95.528	0.0078308	0	0
95.562	0.0076786	0	0
95.595	0.0074187	0	0
95.628	0.0074961	0	0
95.662	0.0073312	0	0
95.695	0.0074623	0	0
95.728	0.0072791	0	0
95.762	0.0077713	0	0
95.795	0.0077953	0	0
95.829	0.0083516	0	0
95.862	0.0085684	0	0
95.895	0.0090833	0	0
95.929	0.0091548	0	0
95.962	0.0095600	0	0
95.995	0.0094633	0	0
96.029	0.0097663	0	0
96.062	0.0092759	0	0
96.096	0.0085880	0	0
96.129	0.0080345	0	0
96.162	0.0077641	0	0
96.196	0.0071623	0	0
96.229	0.0070809	0	0
96.262	0.0072050	0	0
96.296	0.0072998	0	0
96.329	0.0070223	0	0
96.362	0.0070162	0	0
96.396	0.0068817	0	0
96.429	0.0068781	0	0
96.463	0.0069784	0	0
96.496	0.0070192	0	0
96.529	0.0071717	0	0
96.563	0.0071680	0	0
96.596	0.0073061	0	0
96.629	0.0068708	0	0
96.663	0.0069743	0	0
96.696	0.0068903	0	0
96.729	0.0071309	0	0
96.763	0.0071374	0	0
96.796	0.0074302	0	0
96.830	0.0071993	0	0
96.863	0.0073251	0	0
96.896	0.0074369	0	0
96.930	0.0074637	0	0
96.963	0.0075811	0	0
96.996	0.0079117	0	0
97.030	0.0079380	0	0
97.063	0.0077014	0	0
97.097	0.0076383	0	0
97.130	0.0074361	0	0
97.163	0.0075163	0	0
97.197	0.0074954	0	0
97.230	0.0074668	0	0
97.263	0.0077098	0	0
97.297	0.0077748	0	0
97.330	0.0077221	0	0
97.363	0.0077420	0	0
97.397	0.0081526	0	0
97.430	0.0077806	0	0
97.464	0.0078471	0	0
97.497	0.0078134	0	0
97.530	0.0079035	0	0
97.564	0.0074940	0	0
97.597	0.0077598	0	0
97.630	0.0079720	0	0
97.664	0.0084584	0	0
97.697	0.0083621	0	0
97.730	0.0086085	0	0
97.764	0.0090279	0	0
97.797	0.0087426	0	0
97.831	0.0080986	0	0
97.864	0.0084424	0	0
97.897	0.0085454	0	0
97.931	0.0082235	0	0
97.964	0.0084392	0	0
97.997	0.0087746	0	0
98.031	0.0086117	0	0
98.064	0.0085743	0	0
98.098	0.0086131	0	0
98.131	0.0088317	0	0
98.164	0.0088046	0	0
98.198	0.0088083	0	0
98.231	0.0090603	0	0
98.264	0.0090443	0	0
98.298	0.0090478	0	0
98.331	0.0091671	0	0
98.364	0.0088841	0	0
98.398	0.0083247	0	0
98.431	0.0082435	0	0
98.465	0.0078895	0	0
98.498	0.0074353	0	0
98.531	0.0075962	0	0
98.565	0.0077303	0	0
98.598	0.0075443	0	0
98.631	0.0075973	0	0
98.665	0.0078403	0	0
98.698	0.0077492	0	0
98.731	0.0076526	0	0
98.765	0.0078603	0	0
98.798	0.0077687	0	0
98.832	0.0078080	0	0
98.865	0.0078737	0	0
98.898	0.0081389	0	0
98.932	0.0085460	0	0
98.965	0.0087645	0	0
98.998	0.0087391	0	0
99.032	0.0087854	0	0
99.065	0.0087304	0	0
99.099	0.0083418	0	0
99.132	0.0081555	0	0
99.165	0.0080400	0	0
99.199	0.0080439	0	0
99.232	0.0079972	0	0
99.265	0.0076798	0	0
99.299	0.0077443	0	0
99.332	0.0077800	0	0
99.365	0.0077174	0	0
99.399	0.0075828	0	0
99.432	0.0078895	0	0
99.466	0.0078196	0	0
99.499	0.0079152	0	0
99.532	0.0078945	0	0
99.566	0.0078499	0	0
99.599	0.0076881	0	0
99.632	0.0080751	0	0
99.666	0.0080265	0	0
99.699	0.0084606	0	0
99.732	0.0086429	0	0
99.766	0.0089058	0	0
99.799	0.0087882	0	0
99.833	0.0087588	0	0
99.866	0.0084011	0	0
99.899	0.0086592	0	0
99.933	0.0084802	0	0
99.966	0.0084965	0	0
99.999	0.0087242	0	0
100.033	0.0090860	0	0
100.066	0.0086064	0	0
100.100	0.0085661	0	0
100.133	0.0084434	0	0
100.166	0.0079940	0	0
100.200	0.0073468	0	0
100.233	0.0073596	0	0
100.266	0.0072789	0	0
100.300	0.0070627	0	0
100.333	0.0073712	0	0
100.366	0.0102230	0	0
100.400	0.0140825	0	0
100.433	0.0158563	0	0
100.467	0.0162023	0	0
100.500	0.0158613	0	0
100.533	0.0128507	0	0
100.567	0.0089982	0	0
100.600	0.0071987	0	0
100.633	0.0067025	0	0
100.667	0.0068745	0	0
100.700	0.0071377	0	0
100.733	0.0074132	0	0
100.767	0.0076857	0	0
100.800	0.0081792	0	0
100.834	0.0081298	0	0
100.867	0.0082135	0	0
100.900	0.0080411	0	0
100.934	0.0078205	0	0
100.967	0.0074991	0	0
101.000	0.0078683	0	0
101.034	0.0078406	0	0
101.067	0.0082621	0	0
101.101	0.0088165	0	0
101.134	0.0091593	0	0
101.167	0.0090911	0	0
101.201	0.0091973	0	0
101.234	0.0091001	0	0
101.267	0.0087746	0	0
101.301	0.0085104	0	0
101.334	0.0082761	0	0
101.367	0.0079365	0	0
101.401	0.0076752	0	0
101.434	0.0077014	0	0
101.468	0.0078561	0	0
101.501	0.0081586	0	0
101.534	0.0086250	0	0
101.568	0.0084726	0	0
101.601	0.0082801	0	0
101.634	0.0081581	0	0
101.668	0.0079123	0	0
101.701	0.0075733	0	0
101.734	0.0075993	0	0
101.768	0.0074561	0	0
101.801	0.0073438	0	0
101.835	0.0074360	0	0
101.868	0.0077665	0	0
101.901	0.0078940	0	0
101.935	0.0080109	0	0
101.968	0.0080811	0	0
102.001	0.0077612	0	0
102.035	0.0073895	0	0
102.068	0.0074520	0	0
102.102	0.0073489	0	0
102.135	0.0073099	0	0
102.168	0.0076043	0	0
102.202	0.0076899	0	0
102.235	0.0076067	0	0
102.268	0.0077183	0	0
102.302	0.0078344	0	0
102.335	0.0080357	0	0
102.368	0.0083011	0	0
102.402	0.0084340	0	0
102.435	0.0084920	0	0
102.469	0.0083391	0	0
102.502	0.0082141	0	0
102.535	0.0081084	0	0
102.569	0.0083737	0	0
102.602	0.0086041	0	0
102.635	0.0090433	0	0
102.669	0.0091762	0	0
102.702	0.0097636	0	0
102.735	0.0124156	0	0
102.769	0.0143413	0	0
102.802	0.0146236	0	0
102.836	0.0145300	0	0
102.869	0.0139457	0	0
102.902	0.0109816	0	0
102.936	0.0090227	0	0
102.969	0.0086183	0	0
103.002	0.0085591	0	0
103.036	0.0086475	0	0
103.069	0.0089235	0	0
103.103	0.0091362	0	0
103.136	0.0092026	0	0
103.169	0.0092329	0	0
103.203	0.0094327	0	0
103.236	0.0092895	0	0
103.269	0.0088426	0	0
103.303	0.0084214	0	0
103.336	0.0081822	0	0
103.369	0.0080399	0	0
103.403	0.0078931	0	0
103.436	0.0077943	0	0
103.470	0.0078132	0	0
103.503	0.0078731	0	0
103.536	0.0076508	0	0
103.570	0.0074525	0	0
103.603	0.0075904	0	0
103.636	0.0075659	0	0
103.670	0.0075298	0	0
103.703	0.0077447	0	0
103.736	0.0081383	0	0
103.770	0.0079530	0	0
103.803	0.0082314	0	0
103.837	0.0082965	0	0
103.870	0.0084021	0	0
103.903	0.0083249	0	0
103.937	0.0087162	0	0
103.970	0.0083459	0	0
104.003	0.0084553	0	0
104.037	0.0083802	0	0
104.070	0.0081549	0	0
104.104	0.0080214	0	0
104.137	0.0084455	0	0
104.170	0.0083361	0	0
104.204	0.0081804	0	0
104.237	0.0080824	0	0
104.270	0.0078486	0	0
104.304	0.0076854	0	0
104.337	0.0075690	0	0
104.370	0.0075285	0	0
104.404	0.0075854	0	0
104.437	0.0076100	0	0
104.471	0.0076080	0	0
104.504	0.0078813	0	0
104.537	0.0078627	0	0
104.571	0.0081973	0	0
104.604	0.0085165	0	0
104.637	0.0086614	0	0
104.671	0.0087712	0	0
104.704	0.0114304	0	0
104.737	0.0202956	0	0
104.771	0.0271329	0	0
104.804	0.0306070	0	0
104.838	0.0321414	0	0
104.871	0.0324657	0	0
104.904	0.0360328	0	0
104.938	0.0410513	0	0
104.971	0.0454269	0	0
105.004	0.0475826	0	0
105.038	0.0466591	1	0
105.071	0.0346365	0	0
105.105	0.0226996	0	0
105.138	0.0147916	0	0
105.171	0.0110900	0	0
105.205	0.0092701	0	0
105.238	0.0087546	0	0
105.271	0.0088312	0	0
105.305	0.0090609	0	0
105.338	0.0095683	0	0
105.371	0.0247471	0	0
105.405	0.0411623	0	0
105.438	0.0551341	0	0
105.472	0.0671509	0	0
105.505	0.0790133	0	0
105.538	0.0755424	0	0
105.572	0.0630826	0	0
105.605	0.0490645	0	0
105.638	0.0365554	1	0
105.672	0.0239488	0	0
105.705	0.0121514	0	0
105.738	0.0082026	0	0
105.772	0.0081960	0	0
105.805	0.0084267	0	0
105.839	0.0097707	0	0
105.872	0.0181621	0	0
105.905	0.0287618	0	1
105.939	0.0363137	0	0
105.972	0.0407451	0	0
106.005	0.0419251	0	0
106.039	0.0348854	0	0
106.072	0.0248164	0	0
106.106	0.0177769	0	0
106.139	0.0135705	0	0
106.172	0.0114614	0	0
106.206	0.0103991	0	0
106.239	0.0103279	0	0
106.272	0.0100812	0	0
106.306	0.0103320	0	0
106.339	0.0102681	0	0
106.372	0.0101014	0	0
106.406	0.0098318	0	0
106.439	0.0096853	0	0
106.473	0.0093509	0	0
106.506	0.0091024	0	0
106.539	0.0094625	0	0
106.573	0.0097208	0	0
106.606	0.0104307	0	0
106.639	0.0120042	0	0
106.673	0.0145844	0	0
106.706	0.0171302	0	0
106.739	0.0194671	0	0
106.773	0.0209454	0	0
106.806	0.0216605	0	0
106.840	0.0202126	0	0
106.873	0.0185621	0	0
106.906	0.0165653	0	0
106.940	0.0150723	0	0
106.973	0.0136104	0	0
107.006	0.0135466	0	0
107.040	0.0130160	0	0
107.073	0.0134914	0	0
107.107	0.0140761	0	0
107.140	0.0161587	0	0
107.173	0.0222898	0	0
107.207	0.0274885	0	0
107.240	0.0303870	0	0
107.273	0.0355342	0	0
107.307	0.0475310	0	0
107.340	0.0510728	0	0
107.373	0.0515854	0	0
107.407	0.0514780	0	0
107.440	0.0474109	1	0
107.474	0.0336444	0	0
107.507	0.0236783	0	0
107.540	0.0177813	0	0
107.574	0.0139660	0	0
107.607	0.0118295	0	0
107.640	0.0106424	0	0
107.674	0.0098334	0	0
107.707	0.0092539	0	0
107.740	0.0091394	0	0
107.774	0.0088015	0	0
107.807	0.0089884	0	0
107.841	0.0091006	0	0
107.874	0.0091558	0	0
107.907	0.0091283	0	0
107.941	0.0092251	0	0
107.974	0.0088785	0	0
108.007	0.0086448	0	0
108.041	0.0082002	0	0
108.074	0.0079597	0	0
108.108	0.0077311	0	0
108.141	0.0076519	0	0
108.174	0.0077577	0	0
108.208	0.0077986	0	0
108.241	0.0079053	0	0
108.274	0.0077661	0	0
108.308	0.0076447	0	0
108.341	0.0074232	0	0
108.374	0.0073994	0	0
108.408	0.0070589	0	0
108.441	0.0071848	0	0
108.475	0.0071388	0	0
108.508	0.0072408	0	0
108.541	0.0074462	0	0
108.575	0.0076414	0	0
108.608	0.0112360	0	0
108.641	0.0184052	0	0
108.675	0.0226544	0	0
108.708	0.0247949	0	0
108.741	0.0259509	0	0
108.775	0.0231581	0	0
108.808	0.0167542	0	0
108.842	0.0133377	0	0
108.875	0.0121050	0	0
108.908	0.0112652	0	0
108.942	0.0107802	0	0
108.975	0.0105376	0	0
109.008	0.0099210	0	0
109.042	0.0092744	0	0
109.075	0.0090860	0	0
109.109	0.0089887	0	0
109.142	0.0089457	0	0
109.175	0.0089780	0	0
109.209	0.0088828	0	0
109.242	0.0091677	0	0
109.275	0.0094328	0	0
109.309	0.0134851	0	0
109.342	0.0190594	0	0
109.375	0.0211668	0	0
109.409	0.0215227	0	0
109.442	0.0213317	0	0
109.476	0.0171847	0	0
109.509	0.0115348	0	0
109.542	0.0093383	0	0
109.576	0.0086750	0	0
109.609	0.0084338	0	0
109.642	0.0082893	0	0
109.676	0.0080269	0	0
109.709	0.0079116	0	0
109.742	0.0077482	0	0
109.776	0.0077660	0	0
109.809	0.0077537	0	0
109.843	0.0078821	0	0
109.876	0.0078574	0	0
109.909	0.0078464	0	0
109.943	0.0075161	0	0
109.976	0.0074670	0	0
110.009	0.0073216	0	0
110.043	0.0069965	0	0
110.076	0.0072426	0	0
110.110	0.0076402	0	0
110.143	0.0078803	0	0
110.176	0.0080615	0	0
110.210	0.0083317	0	0
110.243	0.0081065	0	0
110.276	0.0081448	0	0
110.310	0.0079914	0	0
110.343	0.0079843	0	0
110.376	0.0081914	0	0
110.410	0.0084808	0	0
110.443	0.0083821	0	0
110.477	0.0083228	0	0
110.510	0.0083807	0	0
110.543	0.0085518	0	0
110.577	0.0082569	0	0
110.610	0.0081171	0	0
110.643	0.0083877	0	0
110.677	0.0083778	0	0
110.710	0.0081185	0	0
110.743	0.0079807	0	0
110.777	0.0082210	0	0
110.810	0.0078503	0	0
110.844	0.0076741	0	0
110.877	0.0074769	0	0
110.910	0.0079123	0	0
110.944	0.0078475	0	0
110.977	0.0078979	0	0
111.010	0.0079144	0	0
111.044	0.0076731	0	0
111.077	0.0073456	0	0
111.111	0.0069934	0	0
111.144	0.0070536	0	0
111.177	0.0071313	0	0
111.211	0.0074161	0	0
111.244	0.0074283	0	0
111.277	0.0075239	0	0
111.311	0.0074399	0	0
111.344	0.0072271	0	0
111.377	0.0069969	0	0
111.411	0.0071446	0	0
111.444	0.0070929	0	0
111.478	0.0071382	0	0
111.511	0.0072446	0	0
111.544	0.0075820	0	0
111.578	0.0074354	0	0
111.611	0.0075756	0	0
111.644	0.0076185	0	0
111.678	0.0078469	0	0
111.711	0.0077937	0	0
111.744	0.0076772	0	0
111.778	0.0078615	0	0
111.811	0.0078626	0	0
111.845	0.0076342	0	0
111.878	0.0076946	0	0
111.911	0.0077534	0	0
111.945	0.0075456	0	0
111.978	0.0073915	0	0
112.011	0.0075995	0	0
112.045	0.0075984	0	0
112.078	0.0079333	0	0
112.112	0.0078671	0	0
112.145	0.0079677	0	0
112.178	0.0077087	0	0
112.212	0.0075676	0	0
112.245	0.0071569	0	0
112.278	0.0071284	0	0
112.312	0.0072157	0	0
112.345	0.0074825	0	0
112.378	0.0075801	0	0
112.412	0.0076303	0	0
112.445	0.0079786	0	0
112.479	0.0080411	0	0
112.512	0.0078430	0	0
112.545	0.0079961	0	0
112.579	0.0084295	0	0
112.612	0.0086592	0	0
112.645	0.0084462	0	0
112.679	0.0083329	0	0
112.712	0.0087199	0	0
112.745	0.0087010	0	0
112.779	0.0083853	0	0
112.812	0.0085688	0	0
112.846	0.0090502	0	0
112.879	0.0087279	0	0
112.912	0.0085651	0	0
112.946	0.0085602	0	0
112.979	0.0087688	0	0
113.012	0.0087395	0	0
113.046	0.0088389	0	0
113.079	0.0090366	0	0
113.113	0.0092385	0	0
113.146	0.0092499	0	0
113.179	0.0090489	0	0
113.213	0.0090818	0	0
113.246	0.0091590	0	0
113.279	0.0088996	0	0
113.313	0.0088230	0	0
113.346	0.0085478	0	0
113.379	0.0083642	0	0
113.413	0.0080109	0	0
113.446	0.0080916	0	0
113.480	0.0080172	0	0
113.513	0.0083995	0	0
113.546	0.0081555	0	0
113.580	0.0081524	0	0
113.613	0.0078603	0	0
113.646	0.0077954	0	0
113.680	0.0075788	0	0
113.713	0.0077372	0	0
113.746	0.0079282	0	0
113.780	0.0079001	0	0
113.813	0.0075843	0	0
113.847	0.0077472	0	0
113.880	0.0076558	0	0
113.913	0.0075343	0	0
113.947	0.0080617	0	0
113.980	0.0084650	0	0
114.013	0.0084276	0	0
114.047	0.0087719	0	0
114.080	0.0149782	0	0
114.114	0.0292916	0	0
114.147	0.0390473	0	0
114.180	0.0440997	0	0
114.214	0.0456280	0	0
114.247	0.0397745	1	0
114.280	0.0250927	0	0
114.314	0.0152225	0	0
114.347	0.0105030	0	0
114.380	0.0089687	0	0
114.414	0.0087778	0	0
114.447	0.0087746	0	0
114.481	0.0090827	0	0
114.514	0.0089790	0	0
114.547	0.0085737	0	0
114.581	0.0086841	0	0
114.614	0.0089869	0	0
114.647	0.0086525	0	0
114.681	0.0088028	0	0
114.714	0.0091266	0	0
114.747	0.0089570	0	0
114.781	0.0088984	0	0
114.814	0.0090495	0	0
114.848	0.0085808	0	0
114.881	0.0083430	0	0
114.914	0.0091308	0	0
114.948	0.0187943	0	0
114.981	0.0317515	0	1
115.014	0.0394675	0	0
115.048	0.0428121	0	0
115.081	0.0428153	0	0
115.115	0.0333182	0	0
115.148	0.0201696	0	0
115.181	0.0124346	0	0
115.215	0.0092537	0	0
115.248	0.0084140	0	0
115.281	0.0081270	0	0
115.315	0.0083119	0	0
115.348	0.0087061	0	0
115.381	0.0088434	0	0
115.415	0.0090217	0	0
115.448	0.0089359	0	0
115.482	0.0085839	0	0
115.515	0.0081875	0	0
115.548	0.0084522	0	0
115.582	0.0081067	0	0
115.615	0.0084627	0	0
115.648	0.0089218	0	0
115.682	0.0092438	0	0
115.715	0.0092743	0	0
115.748	0.0098560	0	0
115.782	0.0102628	0	0
115.815	0.0100243	0	0
115.849	0.0105598	0	0
115.882	0.0103460	0	0
115.915	0.0103982	0	0
115.949	0.0101984	0	0
115.982	0.0107789	0	0
116.015	0.0103338	0	0
116.049	0.0107934	0	0
116.082	0.0105251	0	0
116.116	0.0102977	0	0
116.149	0.0101957	0	0
116.182	0.0104116	0	0
116.216	0.0101483	0	0
116.249	0.0104212	0	0
116.282	0.0108281	0	0
116.316	0.0108116	0	0
116.349	0.0107673	0	0
116.382	0.0105422	0	0
116.416	0.0102175	0	0
116.449	0.0098470	0	0
116.483	0.0096296	0	0
116.516	0.0095629	0	0
116.549	0.0099159	0	0
116.583	0.0096767	0	0
116.616	0.0092094	0	0
116.649	0.0088405	0	0
116.683	0.0082454	0	0
116.716	0.0073976	0	0
116.749	0.0076180	0	0
116.783	0.0072996	0	0
116.816	0.0074490	0	0
116.850	0.0078223	0	0
116.883	0.0080734	0	0
116.916	0.0078509	0	0
116.950	0.0079300	0	0
116.983	0.0081513	0	0
117.016	0.0080270	0	0
117.050	0.0074380	0	0
117.083	0.0071236	0	0
117.117	0.0075577	0	0
117.150	0.0076250	0	0
117.183	0.0076854	0	0
117.217	0.0084505	0	0
117.250	0.0092047	0	0
117.283	0.0096871	0	0
117.317	0.0096930	0	0
117.350	0.0101347	0	0
117.383	0.0105344	0	0
117.417	0.0107589	0	0
117.450	0.0108738	0	0
117.484	0.0112982	0	0
117.517	0.0111771	0	0
117.550	0.0107774	0	0
117.584	0.0102271	0	0
117.617	0.0097907	0	0
117.650	0.0091469	0	0
117.684	0.0088613	0	0
117.717	0.0083328	0	0
117.750	0.0082634	0	0
117.784	0.0081448	0	0
117.817	0.0081033	0	0
117.851	0.0078581	0	0
117.884	0.0079686	0	0
117.917	0.0076487	0	0
117.951	0.0074848	0	0
117.984	0.0072356	0	0
118.017	0.0075452	0	0
118.051	0.0077616	0	0
118.084	0.0077995	0	0
118.118	0.0077273	0	0
118.151	0.0074807	0	0
118.184	0.0072270	0	0
118.218	0.0072379	0	0
118.251	0.0074295	0	0
118.284	0.0073869	0	0
118.318	0.0077399	0	0
118.351	0.0076850	0	0
118.384	0.0074960	0	0
118.418	0.0076326	0	0
118.451	0.0078960	0	0
118.485	0.0078668	0	0
118.518	0.0076890	0	0
118.551	0.0074834	0	0
118.585	0.0071945	0	0
118.618	0.0070427	0	0
118.651	0.0070973	0	0
118.685	0.0072485	0	0
118.718	0.0074729	0	0
118.751	0.0076935	0	0
118.785	0.0077092	0	0
118.818	0.0076891	0	0
118.852	0.0077948	0	0
118.885	0.0082993	0	0
118.918	0.0087319	0	0
118.952	0.0088212	0	0
118.985	0.0093168	0	0
119.018	0.0098125	0	0
119.052	0.0096654	0	0
119.085	0.0093215	0	0
119.119	0.0094239	0	0
119.152	0.0088884	0	0
119.185	0.0084107	0	0
119.219	0.0078053	0	0
119.252	0.0076056	0	0
119.285	0.0072944	0	0
119.319	0.0073576	0	0
119.352	0.0075318	0	0
119.385	0.0079110	0	0
119.419	0.0081534	0	0
119.452	0.0079436	0	0
119.486	0.0080432	0	0
119.519	0.0075713	0	0
119.552	0.0070946	0	0
119.586	0.0064696	0	0
119.619	0.0063558	0	0
119.652	0.0064082	0	0
119.686	0.0064950	0	0
119.719	0.0067603	0	0
119.752	0.0069043	0	0
119.786	0.0072985	0	0
119.819	0.0068313	0	0
119.853	0.0067457	0	0
119.886	0.0067778	0	0
119.919	0.0068047	0	0
119.953	0.0068576	0	0
119.986	0.0076038	0	0
120.019	0.0080291	0	0
120.053	0.0077917	0	0
120.086	0.0078168	0	0
120.120	0.0075691	0	0
120.153	0.0069790	0	0
120.186	0.0066630	0	0
120.220	0.0067610	0	0
120.253	0.0064846	0	0
120.286	0.0069161	0	0
120.320	0.0072818	0	0
120.353	0.0071332	0	0
120.386	0.0073457	0	0
120.420	0.0076418	0	0
120.453	0.0072778	0	0
120.487	0.0068609	0	0
120.520	0.0068782	0	0
120.553	0.0069724	0	0
120.587	0.0069514	0	0
120.620	0.0067687	0	0
120.653	0.0068316	0	0
120.687	0.0068620	0	0
120.720	0.0065389	0	0
120.753	0.0069140	0	0
120.787	0.0071589	0	0
120.820	0.0073075	0	0
120.854	0.0070361	0	0
120.887	0.0069828	0	0
120.920	0.0065570	0	0
120.954	0.0069549	0	0
120.987	0.0069188	0	0
121.020	0.0073395	0	0
121.054	0.0076810	0	0
121.087	0.0076810	0	0
121.121	0.0076810	0	0