time	rmse	false positive	false negative
0.967	0.017394	0	0
1.001	0.017394	0	0
1.034	0.017394	0	0
1.067	0.017286	0	0
1.101	0.016940	0	0
1.134	0.016807	0	0
1.167	0.016445	0	0
1.201	0.016410	0	0
1.234	0.015902	0	0
1.267	0.015642	0	0
1.301	0.015347	0	0
1.334	0.015293	0	0
1.368	0.015101	0	0
1.401	0.014951	0	0
1.434	0.014548	0	0
1.468	0.013940	0	0
1.501	0.013529	0	0
1.534	0.012721	0	0
1.568	0.012226	0	0
1.601	0.011664	0	0
1.634	0.011345	0	0
1.668	0.010674	0	0
1.701	0.010503	0	0
1.735	0.010457	0	0
1.768	0.010564	0	0
1.801	0.010344	0	0
1.835	0.010599	0	0
1.868	0.010566	0	0
1.901	0.010486	0	0
1.935	0.009991	0	0
1.968	0.010056	0	0
2.002	0.009921	0	0
2.035	0.010165	0	0
2.068	0.009916	0	0
2.102	0.010044	0	0
2.135	0.010211	0	0
2.168	0.010057	0	0
2.202	0.009740	0	0
2.235	0.009647	0	0
2.268	0.009588	0	0
2.302	0.008883	0	0
2.335	0.008675	0	0
2.369	0.008379	0	0
2.402	0.008229	0	0
2.435	0.007991	0	0
2.469	0.008257	0	0
2.502	0.008086	0	0
2.535	0.008279	0	0
2.569	0.008107	0	0
2.602	0.008146	0	0
2.635	0.008033	0	0
2.669	0.007902	0	0
2.702	0.007657	0	0
2.736	0.007810	0	0
2.769	0.007731	0	0
2.802	0.007995	0	0
2.836	0.008061	0	0
2.869	0.008277	0	0
2.902	0.008242	0	0
2.936	0.008818	0	0
2.969	0.008839	0	0
3.003	0.009487	0	0
3.036	0.009617	0	0
3.069	0.009991	0	0
3.103	0.009345	0	0
3.136	0.009101	0	0
3.169	0.008657	0	0
3.203	0.008739	0	0
3.236	0.008643	0	0
3.269	0.009115	0	0
3.303	0.009431	0	0
3.336	0.009651	0	0
3.370	0.009324	0	0
3.403	0.009250	0	0
3.436	0.009111	0	0
3.470	0.008795	0	0
3.503	0.008727	0	0
3.536	0.009063	0	0
3.570	0.009033	0	0
3.603	0.008953	0	0
3.636	0.009063	0	0
3.670	0.008820	0	0
3.703	0.008729	0	0
3.737	0.008706	0	0
3.770	0.008886	0	0
3.803	0.009101	0	0
3.837	0.009434	0	0
3.870	0.009361	0	0
3.903	0.009576	0	0
3.937	0.009744	0	0
3.970	0.009329	0	0
4.004	0.009077	0	0
4.037	0.009376	0	0
4.070	0.009232	0	0
4.104	0.009455	0	0
4.137	0.009942	0	0
4.170	0.010144	0	0
4.204	0.010082	0	0
4.237	0.009734	0	0
4.270	0.009299	0	0
4.304	0.009013	0	0
4.337	0.008966	0	0
4.371	0.008534	0	0
4.404	0.008767	0	0
4.437	0.008644	0	0
4.471	0.008198	0	0
4.504	0.007791	0	0
4.537	0.007903	0	0
4.571	0.008227	0	0
4.604	0.008345	0	0
4.637	0.008730	0	0
4.671	0.009359	0	0
4.704	0.009178	0	0
4.738	0.008866	0	0
4.771	0.008706	0	0
4.804	0.008967	0	0
4.838	0.008610	0	0
4.871	0.008971	0	0
4.904	0.009005	0	0
4.938	0.008837	0	0
4.971	0.008463	0	0
5.005	0.008488	0	0
5.038	0.008072	0	0
5.071	0.007987	0	0
5.105	0.008058	0	0
5.138	0.007876	0	0
5.171	0.007709	0	0
5.205	0.007752	0	0
5.238	0.007914	0	0
5.271	0.007653	0	0
5.305	0.007945	0	0
5.338	0.007976	0	0
5.372	0.008318	0	0
5.405	0.009153	0	0
5.438	0.012441	0	0
5.472	0.017023	0	0
5.505	0.020177	0	0
5.538	0.022527	0	0
5.572	0.023077	0	0
5.605	0.021008	0	0
5.638	0.017067	0	0
5.672	0.014211	0	0
5.705	0.011843	0	0
5.739	0.010631	0	0
5.772	0.009880	0	0
5.805	0.009250	0	0
5.839	0.009547	0	0
5.872	0.009549	0	0
5.905	0.009271	0	0
5.939	0.009571	0	0
5.972	0.009447	0	0
6.006	0.008748	0	0
6.039	0.008625	0	0
6.072	0.008881	0	0
6.106	0.008863	0	0
6.139	0.009106	0	0
6.172	0.009339	0	0
6.206	0.009009	0	0
6.239	0.008436	0	0
6.272	0.007958	0	0
6.306	0.008003	0	0
6.339	0.008284	0	0
6.373	0.008763	0	0
6.406	0.009462	0	0
6.439	0.009693	0	0
6.473	0.009897	0	0
6.506	0.010010	0	0
6.539	0.010074	0	0
6.573	0.009908	0	0
6.606	0.009611	0	0
6.639	0.009183	0	0
6.673	0.008677	0	0
6.706	0.008680	0	0
6.740	0.008433	0	0
6.773	0.008506	0	0
6.806	0.008468	0	0
6.840	0.008321	0	0
6.873	0.008197	0	0
6.906	0.008193	0	0
6.940	0.008140	0	0
6.973	0.008043	0	0
7.007	0.008493	0	0
7.040	0.007987	0	0
7.073	0.007588	0	0
7.107	0.007778	0	0
7.140	0.007611	0	0
7.173	0.007439	0	0
7.207	0.007638	0	0
7.240	0.007695	0	0
7.273	0.007754	0	0
7.307	0.008226	0	0
7.340	0.008104	0	0
7.374	0.008109	0	0
7.407	0.008707	0	0
7.440	0.008267	0	0
7.474	0.008677	0	0
7.507	0.008983	0	0
7.540	0.009007	0	0
7.574	0.008757	0	0
7.607	0.009161	0	0
7.640	0.008648	0	0
7.674	0.008387	0	0
7.707	0.008423	0	0
7.741	0.008363	0	0
7.774	0.008438	0	0
7.807	0.008337	0	0
7.841	0.008072	0	0
7.874	0.007993	0	0
7.907	0.008262	0	0
7.941	0.008170	0	0
7.974	0.007890	0	0
8.008	0.008455	0	0
8.041	0.008520	0	0
8.074	0.008407	0	0
8.108	0.008226	0	0
8.141	0.008473	0	0
8.174	0.008140	0	0
8.208	0.008076	0	0
8.241	0.007736	0	0
8.274	0.008036	0	0
8.308	0.008235	0	0
8.341	0.008251	0	0
8.375	0.008389	0	0
8.408	0.008785	0	0
8.441	0.008808	0	0
8.475	0.008699	0	0
8.508	0.008455	0	0
8.541	0.008234	0	0
8.575	0.008240	0	0
8.608	0.007880	0	0
8.641	0.008450	0	0
8.675	0.008943	0	0
8.708	0.009318	0	0
8.742	0.009365	0	0
8.775	0.009334	0	0
8.808	0.008709	0	0
8.842	0.008482	0	0
8.875	0.008168	0	0
8.908	0.008577	0	0
8.942	0.008432	0	0
8.975	0.008524	0	0
9.009	0.009033	0	0
9.042	0.009577	0	0
9.075	0.008981	0	0
9.109	0.009224	0	0
9.142	0.009267	0	0
9.175	0.009038	0	0
9.209	0.008643	0	0
9.242	0.008852	0	0
9.275	0.009790	0	0
9.309	0.010254	0	0
9.342	0.010249	0	0
9.376	0.010376	0	0
9.409	0.010460	0	0
9.442	0.011212	0	0
9.476	0.018029	0	0
9.509	0.025289	0	0
9.542	0.030830	0	0
9.576	0.034447	0	0
9.609	0.035600	0	0
9.642	0.030551	0	0
9.676	0.024450	1	0
9.709	0.019682	1	0
9.743	0.016611	0	0
9.776	0.014482	0	0
9.809	0.012752	0	0
9.843	0.011813	0	0
9.876	0.011449	0	0
9.909	0.011172	0	0
9.943	0.010342	0	0
9.976	0.010537	0	0
10.010	0.010583	0	0
10.043	0.010300	0	0
10.076	0.010013	0	0
10.110	0.010818	0	0
10.143	0.009917	0	0
10.176	0.009426	0	0
10.210	0.009595	0	0
10.243	0.009827	0	0
10.276	0.009613	0	0
10.310	0.010197	0	0
10.343	0.010407	0	0
10.377	0.010316	0	0
10.410	0.010175	0	0
10.443	0.009591	0	0
10.477	0.009503	0	0
10.510	0.009577	0	0
10.543	0.009759	0	0
10.577	0.009419	0	0
10.610	0.009973	0	0
10.643	0.009826	0	0
10.677	0.009894	0	0
10.710	0.010019	0	0
10.744	0.010137	0	0
10.777	0.010417	0	0
10.810	0.010341	0	0
10.844	0.010439	0	0
10.877	0.010293	0	0
10.910	0.010663	0	0
10.944	0.010626	0	0
10.977	0.010847	0	0
11.011	0.011120	0	0
11.044	0.010942	0	0
11.077	0.010811	0	0
11.111	0.010861	0	0
11.144	0.010740	0	0
11.177	0.010161	0	0
11.211	0.010383	0	0
11.244	0.010286	0	0
11.277	0.009909	0	0
11.311	0.010512	0	0
11.344	0.010445	0	0
11.378	0.010322	0	0
11.411	0.010271	0	0
11.444	0.010129	0	0
11.478	0.010563	0	0
11.511	0.010544	0	0
11.544	0.010579	0	0
11.578	0.011079	0	0
11.611	0.011119	0	0
11.644	0.010107	0	0
11.678	0.010984	0	0
11.711	0.011001	0	0
11.745	0.010769	0	0
11.778	0.011045	0	0
11.811	0.011587	0	0
11.845	0.011316	0	0
11.878	0.011626	0	0
11.911	0.011780	0	0
11.945	0.012085	0	0
11.978	0.012013	0	0
12.012	0.011871	0	0
12.045	0.012033	0	0
12.078	0.012380	0	0
12.112	0.012367	0	0
12.145	0.012626	0	0
12.178	0.012592	0	0
12.212	0.012568	0	0
12.245	0.012279	0	0
12.278	0.012334	0	0
12.312	0.012294	0	0
12.345	0.012334	0	0
12.379	0.012455	0	0
12.412	0.013362	0	0
12.445	0.013852	0	0
12.479	0.014944	0	0
12.512	0.016135	0	0
12.545	0.016999	0	0
12.579	0.016815	0	0
12.612	0.017260	0	0
12.645	0.016413	0	0
12.679	0.015745	0	0
12.712	0.015589	0	0
12.746	0.015733	0	0
12.779	0.015485	0	0
12.812	0.015724	0	0
12.846	0.016091	0	0
12.879	0.015926	0	0
12.912	0.015839	0	0
12.946	0.016175	0	0
12.979	0.016016	0	0
13.013	0.015642	0	0
13.046	0.015147	0	0
13.079	0.014778	0	0
13.113	0.014014	0	0
13.146	0.014524	0	0
13.179	0.014902	0	0
13.213	0.014663	0	0
13.246	0.014667	0	0
13.279	0.014719	0	0
13.313	0.014515	0	0
13.346	0.014664	0	0
13.380	0.015174	0	0
13.413	0.014542	0	0
13.446	0.013839	0	0
13.480	0.012917	0	0
13.513	0.011443	0	0
13.546	0.010554	0	0
13.580	0.010554	0	0
13.613	0.010372	0	0
13.646	0.010073	0	0
13.680	0.010391	0	0
13.713	0.010532	0	0
13.747	0.010339	0	0
13.780	0.010509	0	0
13.813	0.010462	0	0
13.847	0.010570	0	0
13.880	0.010419	0	0
13.913	0.010477	0	0
13.947	0.010638	0	0
13.980	0.010849	0	0
14.014	0.010735	0	0
14.047	0.010596	0	0
14.080	0.010630	0	0
14.114	0.010503	0	0
14.147	0.010391	0	0
14.180	0.010032	0	0
14.214	0.010069	0	0
14.247	0.009991	0	0
14.280	0.009853	0	0
14.314	0.009493	0	0
14.347	0.009465	0	0
14.381	0.008940	0	0
14.414	0.008709	0	0
14.447	0.008179	0	0
14.481	0.008244	0	0
14.514	0.008208	0	0
14.547	0.008246	0	0
14.581	0.008349	0	0
14.614	0.008567	0	0
14.647	0.008761	0	0
14.681	0.008695	0	0
14.714	0.009021	0	0
14.748	0.008929	0	0
14.781	0.009538	0	0
14.814	0.009256	0	0
14.848	0.009362	0	0
14.881	0.009429	0	0
14.914	0.009739	0	0
14.948	0.009151	0	0
14.981	0.009688	0	0
15.015	0.009767	0	0
15.048	0.009875	0	0
15.081	0.010282	0	0
15.115	0.011307	0	0
15.148	0.011236	0	0
15.181	0.011718	0	0
15.215	0.011996	0	0
15.248	0.011811	0	0
15.281	0.011519	0	0
15.315	0.011237	0	0
15.348	0.010636	0	0
15.382	0.011504	0	0
15.415	0.011522	0	0
15.448	0.011479	0	0
15.482	0.012203	0	0
15.515	0.012974	0	0
15.548	0.012010	0	0
15.582	0.012344	0	0
15.615	0.012519	0	0
15.648	0.011936	0	0
15.682	0.012673	0	0
15.715	0.012903	0	0
15.749	0.012525	0	0
15.782	0.012293	0	0
15.815	0.012610	0	0
15.849	0.012264	0	0
15.882	0.012080	0	0
15.915	0.012162	0	0
15.949	0.012101	0	0
15.982	0.012359	0	0
16.016	0.011622	0	0
16.049	0.011574	0	0
16.082	0.011430	0	0
16.116	0.011161	0	0
16.149	0.011286	0	0
16.182	0.011698	0	0
16.216	0.011855	0	0
16.249	0.012573	0	0
16.282	0.013079	0	0
16.316	0.013847	0	0
16.349	0.014172	0	0
16.383	0.014525	0	0
16.416	0.014368	0	0
16.449	0.014764	0	0
16.483	0.014403	0	0
16.516	0.014929	0	0
16.549	0.014244	0	0
16.583	0.013943	0	0
16.616	0.013897	0	0
16.649	0.013054	0	0
16.683	0.012830	0	0
16.716	0.013315	0	0
16.750	0.012890	0	0
16.783	0.012751	0	0
16.816	0.013456	0	0
16.850	0.012952	0	0
16.883	0.013032	0	0
16.916	0.013880	0	0
16.950	0.014045	0	0
16.983	0.013877	0	0
17.017	0.013605	0	0
17.050	0.013665	0	0
17.083	0.013515	0	0
17.117	0.013384	0	0
17.150	0.013079	0	0
17.183	0.013639	0	0
17.217	0.013380	0	0
17.250	0.012978	0	0
17.283	0.012853	0	0
17.317	0.012939	0	0
17.350	0.012666	0	0
17.384	0.012823	0	0
17.417	0.013003	0	0
17.450	0.012842	0	0
17.484	0.012550	0	0
17.517	0.012335	0	0
17.550	0.012255	0	0
17.584	0.012254	0	0
17.617	0.012128	0	0
17.650	0.012145	0	0
17.684	0.012041	0	0
17.717	0.012211	0	0
17.751	0.012211	0	0
17.784	0.012316	0	0
17.817	0.012314	0	0
17.851	0.012122	0	0
17.884	0.011737	0	0
17.917	0.011374	0	0
17.951	0.011169	0	0
17.984	0.010884	0	0
18.018	0.010859	0	0
18.051	0.010862	0	0
18.084	0.010828	0	0
18.118	0.010760	0	0
18.151	0.010866	0	0
18.184	0.010740	0	0
18.218	0.010388	0	0
18.251	0.010480	0	0
18.284	0.010655	0	0
18.318	0.010776	0	0
18.351	0.010788	0	0
18.385	0.010751	0	0
18.418	0.010758	0	0
18.451	0.010716	0	0
18.485	0.010711	0	0
18.518	0.010896	0	0
18.551	0.011213	0	0
18.585	0.011091	0	0
18.618	0.011088	0	0
18.651	0.010888	0	0
18.685	0.011189	0	0
18.718	0.011077	0	0
18.752	0.011275	0	0
18.785	0.011049	0	0
18.818	0.011185	0	0
18.852	0.011076	0	0
18.885	0.011297	0	0
18.918	0.011354	0	0
18.952	0.011315	0	0
18.985	0.011104	0	0
19.019	0.010769	0	0
19.052	0.010285	0	0
19.085	0.010620	0	0
19.119	0.010903	0	0
19.152	0.011110	0	0
19.185	0.011348	0	0
19.219	0.011777	0	0
19.252	0.011387	0	0
19.285	0.011153	0	0
19.319	0.010983	0	0
19.352	0.010983	0	0
19.386	0.010916	0	0
19.419	0.010834	0	0
19.452	0.010623	0	0
19.486	0.010719	0	0
19.519	0.010472	0	0
19.552	0.010374	0	0
19.586	0.009776	0	0
19.619	0.009873	0	0
19.652	0.009373	0	0
19.686	0.009056	0	0
19.719	0.008662	0	0
19.753	0.008791	0	0
19.786	0.008784	0	0
19.819	0.008844	0	0
19.853	0.009325	0	0
19.886	0.009429	0	0
19.919	0.009361	0	0
19.953	0.009501	0	0
19.986	0.010046	0	0
20.020	0.009966	0	0
20.053	0.010185	0	0
20.086	0.010557	0	0
20.120	0.010365	0	0
20.153	0.009740	0	0
20.186	0.009351	0	0
20.220	0.009175	0	0
20.253	0.008817	0	0
20.286	0.008687	0	0
20.320	0.009444	0	0
20.353	0.009865	0	0
20.387	0.010345	0	0
20.420	0.010758	0	0
20.453	0.011238	0	0
20.487	0.011160	0	0
20.520	0.011126	0	0
20.553	0.011031	0	0
20.587	0.011454	0	0
20.620	0.011805	0	0
20.653	0.011892	0	0
20.687	0.011958	0	0
20.720	0.011824	0	0
20.754	0.011146	0	0
20.787	0.010786	0	0
20.820	0.010513	0	0
20.854	0.010343	0	0
20.887	0.010583	0	0
20.920	0.010907	0	0
20.954	0.011073	0	0
20.987	0.011799	0	0
21.021	0.016645	0	0
21.054	0.023206	0	0
21.087	0.030839	0	0
21.121	0.036200	0	0
21.154	0.039856	0	0
21.187	0.038304	0	0
21.221	0.034136	1	0
21.254	0.028529	1	0
21.287	0.025082	1	0
21.321	0.022070	1	0
21.354	0.020006	1	0
21.388	0.018735	1	0
21.421	0.017471	0	0
21.454	0.016197	0	0
21.488	0.015569	0	0
21.521	0.015077	0	0
21.554	0.014632	0	0
21.588	0.014388	0	0
21.621	0.014170	0	0
21.654	0.014173	0	0
21.688	0.014443	0	0
21.721	0.014532	0	0
21.755	0.014475	0	0
21.788	0.014375	0	0
21.821	0.013883	0	0
21.855	0.013304	0	0
21.888	0.012359	0	0
21.921	0.012053	0	0
21.955	0.011327	0	0
21.988	0.011082	0	0
22.022	0.011004	0	0
22.055	0.010647	0	0
22.088	0.010163	0	0
22.122	0.010470	0	0
22.155	0.010293	0	0
22.188	0.010273	0	0
22.222	0.010508	0	0
22.255	0.010679	0	0
22.288	0.010530	0	0
22.322	0.010736	0	0
22.355	0.010403	0	0
22.389	0.010503	0	0
22.422	0.010586	0	0
22.455	0.010653	0	0
22.489	0.010378	0	0
22.522	0.010232	0	0
22.555	0.009801	0	0
22.589	0.009677	0	0
22.622	0.009479	0	0
22.655	0.009664	0	0
22.689	0.009475	0	0
22.722	0.009686	0	0
22.756	0.009630	0	0
22.789	0.009447	0	0
22.822	0.009242	0	0
22.856	0.009180	0	0
22.889	0.008797	0	0
22.922	0.008439	0	0
22.956	0.008363	0	0
22.989	0.008134	0	0
23.023	0.008201	0	0
23.056	0.008443	0	0
23.089	0.008168	0	0
23.123	0.008222	0	0
23.156	0.008357	0	0
23.189	0.008215	0	0
23.223	0.008411	0	0
23.256	0.008545	0	0
23.289	0.008462	0	0
23.323	0.008665	0	0
23.356	0.009250	0	0
23.390	0.008576	0	0
23.423	0.008685	0	0
23.456	0.008832	0	0
23.490	0.008951	0	0
23.523	0.008796	0	0
23.556	0.008854	0	0
23.590	0.009394	0	0
23.623	0.009340	0	0
23.656	0.008962	0	0
23.690	0.008936	0	0
23.723	0.009658	0	0
23.757	0.009172	0	0
23.790	0.009169	0	0
23.823	0.009396	0	0
23.857	0.009126	0	0
23.890	0.008767	0	0
23.923	0.008680	0	0
23.957	0.008813	0	0
23.990	0.008886	0	0
24.024	0.009124	0	0
24.057	0.009028	0	0
24.090	0.009330	0	0
24.124	0.008924	0	0
24.157	0.008755	0	0
24.190	0.008882	0	0
24.224	0.009445	0	0
24.257	0.009118	0	0
24.290	0.009415	0	0
24.324	0.009748	0	0
24.357	0.009435	0	0
24.391	0.009561	0	0
24.424	0.010327	0	0
24.457	0.010357	0	0
24.491	0.010630	0	0
24.524	0.011847	0	0
24.557	0.011840	0	0
24.591	0.012355	0	0
24.624	0.013147	0	0
24.657	0.013314	0	0
24.691	0.012735	0	0
24.724	0.013201	0	0
24.758	0.013096	0	0
24.791	0.013133	0	0
24.824	0.013041	0	0
24.858	0.013493	0	0
24.891	0.013626	0	0
24.924	0.012936	0	0
24.958	0.012214	0	0
24.991	0.011439	0	0
25.025	0.010270	0	0
25.058	0.009374	0	0
25.091	0.009215	0	0
25.125	0.008742	0	0
25.158	0.008783	0	0
25.191	0.009397	0	0
25.225	0.009323	0	0
25.258	0.009015	0	0
25.291	0.009464	0	0
25.325	0.009555	0	0
25.358	0.009299	0	0
25.392	0.009144	0	0
25.425	0.010043	0	0
25.458	0.009837	0	0
25.492	0.010507	0	0
25.525	0.010690	0	0
25.558	0.010852	0	0
25.592	0.010790	0	0
25.625	0.010787	0	0
25.658	0.010506	0	0
25.692	0.013549	0	0
25.725	0.020630	0	0
25.759	0.027492	0	0
25.792	0.032809	0	0
25.825	0.036162	0	0
25.859	0.035367	0	0
25.892	0.030065	0	0
25.925	0.023613	1	0
25.959	0.018944	1	0
25.992	0.015794	0	0
26.026	0.013461	0	0
26.059	0.011683	0	0
26.092	0.010773	0	0
26.126	0.010216	0	0
26.159	0.009383	0	0
26.192	0.008986	0	0
26.226	0.009057	0	0
26.259	0.009794	0	0
26.292	0.010327	0	0
26.326	0.010977	0	0
26.359	0.011114	0	0
26.393	0.011209	0	0
26.426	0.011148	0	0
26.459	0.010677	0	0
26.493	0.010990	0	0
26.526	0.011169	0	0
26.559	0.010972	0	0
26.593	0.010341	0	0
26.626	0.010794	0	0
26.659	0.010218	0	0
26.693	0.010473	0	0
26.726	0.010636	0	0
26.760	0.010722	0	0
26.793	0.010424	0	0
26.826	0.010895	0	0
26.860	0.010695	0	0
26.893	0.010699	0	0
26.926	0.010579	0	0
26.960	0.010729	0	0
26.993	0.010687	0	0
27.027	0.010394	0	0
27.060	0.010758	0	0
27.093	0.010900	0	0
27.127	0.010714	0	0
27.160	0.010079	0	0
27.193	0.010886	0	0
27.227	0.010486	0	0
27.260	0.010705	0	0
27.293	0.011169	0	0
27.327	0.011864	0	0
27.360	0.011181	0	0
27.394	0.010955	0	0
27.427	0.010531	0	0
27.460	0.010322	0	0
27.494	0.009878	0	0
27.527	0.010659	0	0
27.560	0.010422	0	0
27.594	0.010533	0	0
27.627	0.010403	0	0
27.660	0.010746	0	0
27.694	0.010043	0	0
27.727	0.010461	0	0
27.761	0.010653	0	0
27.794	0.010815	0	0
27.827	0.010696	0	0
27.861	0.010528	0	0
27.894	0.010953	0	0
27.927	0.010608	0	0
27.961	0.010523	0	0
27.994	0.010047	0	0
28.028	0.010138	0	0
28.061	0.009808	0	0
28.094	0.010418	0	0
28.128	0.010122	0	0
28.161	0.010527	0	0
28.194	0.010970	0	0
28.228	0.011343	0	0
28.261	0.011019	0	0
28.294	0.011706	0	0
28.328	0.011572	0	0
28.361	0.011811	0	0
28.395	0.011156	0	0
28.428	0.011576	0	0
28.461	0.010613	0	0
28.495	0.010819	0	0
28.528	0.010258	0	0
28.561	0.010585	0	0
28.595	0.010024	0	0
28.628	0.010419	0	0
28.661	0.010262	0	0
28.695	0.010319	0	0
28.728	0.010145	0	0
28.762	0.010357	0	0
28.795	0.010201	0	0
28.828	0.009957	0	0
28.862	0.009873	0	0
28.895	0.010109	0	0
28.928	0.010516	0	0
28.962	0.010621	0	0
28.995	0.011562	0	0
29.029	0.012281	0	0
29.062	0.012791	0	0
29.095	0.012455	0	0
29.129	0.012912	0	0
29.162	0.011974	0	0
29.195	0.011774	0	0
29.229	0.011174	0	0
29.262	0.011699	0	0
29.295	0.011603	0	0
29.329	0.012265	0	0
29.362	0.011765	0	0
29.396	0.012601	0	0
29.429	0.012692	0	0
29.462	0.012567	0	0
29.496	0.012980	0	0
29.529	0.013496	0	0
29.562	0.012765	0	0
29.596	0.012247	0	0
29.629	0.012694	0	0
29.662	0.011945	0	0
29.696	0.011660	0	0
29.729	0.012228	0	0
29.763	0.012158	0	0
29.796	0.012092	0	0
29.829	0.012416	0	0
29.863	0.012505	0	0
29.896	0.011867	0	0
29.929	0.012213	0	0
29.963	0.011555	0	0
29.996	0.011814	0	0
30.030	0.012104	0	0
30.063	0.011740	0	0
30.096	0.011181	0	0
30.130	0.011521	0	0
30.163	0.010744	0	0
30.196	0.009973	0	0
30.230	0.010512	0	0
30.263	0.010425	0	0
30.296	0.010376	0	0
30.330	0.011074	0	0
30.363	0.011172	0	0
30.397	0.011539	0	0
30.430	0.011676	0	0
30.463	0.011767	0	0
30.497	0.011908	0	0
30.530	0.012202	0	0
30.563	0.011822	0	0
30.597	0.012163	0	0
30.630	0.012324	0	0
30.663	0.011684	0	0
30.697	0.012085	0	0
30.730	0.012359	0	0
30.764	0.012452	0	0
30.797	0.012414	0	0
30.830	0.012835	0	0
30.864	0.013211	0	0
30.897	0.013241	0	0
30.930	0.012980	0	0
30.964	0.012596	0	0
30.997	0.012460	0	0
31.031	0.012541	0	0
31.064	0.012293	0	0
31.097	0.012690	0	0
31.131	0.013317	0	0
31.164	0.013349	0	0
31.197	0.012696	0	0
31.231	0.012689	0	0
31.264	0.012412	0	0
31.297	0.012083	0	0
31.331	0.012014	0	0
31.364	0.011810	0	0
31.398	0.011773	0	0
31.431	0.011792	0	0
31.464	0.011353	0	0
31.498	0.011752	0	0
31.531	0.011795	0	0
31.564	0.012334	0	0
31.598	0.012622	0	0
31.631	0.013012	0	0
31.664	0.012964	0	0
31.698	0.013269	0	0
31.731	0.013210	0	0
31.765	0.012840	0	0
31.798	0.013702	0	0
31.831	0.013638	0	0
31.865	0.013932	0	0
31.898	0.013634	0	0
31.931	0.014266	0	0
31.965	0.013735	0	0
31.998	0.013831	0	0
32.032	0.013999	0	0
32.065	0.014352	0	0
32.098	0.014283	0	0
32.132	0.015022	0	0
32.165	0.014978	0	0
32.198	0.014724	0	0
32.232	0.014588	0	0
32.265	0.014413	0	0
32.298	0.013497	0	0
32.332	0.013664	0	0
32.365	0.013709	0	0
32.399	0.013750	0	0
32.432	0.014013	0	0
32.465	0.013990	0	0
32.499	0.013228	0	0
32.532	0.013018	0	0
32.565	0.013046	0	0
32.599	0.012815	0	0
32.632	0.013550	0	0
32.665	0.014554	0	0
32.699	0.014785	0	0
32.732	0.015120	0	0
32.766	0.015022	0	0
32.799	0.014463	0	0
32.832	0.014043	0	0
32.866	0.014039	0	0
32.899	0.014142	0	0
32.932	0.014033	0	0
32.966	0.014400	0	0
32.999	0.014576	0	0
33.033	0.014206	0	0
33.066	0.013375	0	0
33.099	0.013921	0	0
33.133	0.013369	0	0
33.166	0.012851	0	0
33.199	0.012720	0	0
33.233	0.012993	0	0
33.266	0.012009	0	0
33.299	0.011723	0	0
33.333	0.011647	0	0
33.366	0.011443	0	0
33.400	0.011567	0	0
33.433	0.011802	0	0
33.466	0.011945	0	0
33.500	0.012303	0	0
33.533	0.012708	0	0
33.566	0.012194	0	0
33.600	0.012062	0	0
33.633	0.012652	0	0
33.666	0.012071	0	0
33.700	0.012234	0	0
33.733	0.012189	0	0
33.767	0.012071	0	0
33.800	0.011383	0	0
33.833	0.011144	0	0
33.867	0.010721	0	0
33.900	0.010374	0	0
33.933	0.010626	0	0
33.967	0.010568	0	0
34.000	0.011316	0	0
34.034	0.011731	0	0
34.067	0.012437	0	0
34.100	0.012751	0	0
34.134	0.013410	0	0
34.167	0.013307	0	0
34.200	0.012850	0	0
34.234	0.012345	0	0
34.267	0.012162	0	0
34.300	0.011741	0	0
34.334	0.012083	0	0
34.367	0.012104	0	0
34.401	0.012058	0	0
34.434	0.011876	0	0
34.467	0.011915	0	0
34.501	0.011350	0	0
34.534	0.011607	0	0
34.567	0.011709	0	0
34.601	0.011482	0	0
34.634	0.011353	0	0
34.667	0.011159	0	0
34.701	0.010610	0	0
34.734	0.011019	0	0
34.768	0.011028	0	0
34.801	0.010420	0	0
34.834	0.010242	0	0
34.868	0.009883	0	0
34.901	0.009237	0	0
34.934	0.009151	0	0
34.968	0.008947	0	0
35.001	0.008861	0	0
35.035	0.009149	0	0
35.068	0.009551	0	0
35.101	0.009812	0	0
35.135	0.010187	0	0
35.168	0.010010	0	0
35.201	0.010494	0	0
35.235	0.010720	0	0
35.268	0.010260	0	0
35.301	0.010791	0	0
35.335	0.011002	0	0
35.368	0.010709	0	0
35.402	0.010520	0	0
35.435	0.010736	0	0
35.468	0.010541	0	0
35.502	0.010998	0	0
35.535	0.011055	0	0
35.568	0.010803	0	0
35.602	0.010914	0	0
35.635	0.010787	0	0
35.668	0.010330	0	0
35.702	0.010218	0	0
35.735	0.010012	0	0
35.769	0.009990	0	0
35.802	0.009734	0	0
35.835	0.009923	0	0
35.869	0.009641	0	0
35.902	0.010204	0	0
35.935	0.010433	0	0
35.969	0.010518	0	0
36.002	0.010471	0	0
36.036	0.011027	0	0
36.069	0.010801	0	0
36.102	0.010290	0	0
36.136	0.010968	0	0
36.169	0.011553	0	0
36.202	0.011411	0	0
36.236	0.011873	0	0
36.269	0.012304	0	0
36.302	0.011883	0	0
36.336	0.011565	0	0
36.369	0.011324	0	0
36.403	0.011226	0	0
36.436	0.012088	0	0
36.469	0.012536	0	0
36.503	0.012942	0	0
36.536	0.013313	0	0
36.569	0.012866	0	0
36.603	0.012053	0	0
36.636	0.011661	0	0
36.669	0.011239	0	0
36.703	0.011245	0	0
36.736	0.010925	0	0
36.770	0.010641	0	0
36.803	0.010263	0	0
36.836	0.010178	0	0
36.870	0.009618	0	0
36.903	0.009653	0	0
36.936	0.009954	0	0
36.970	0.010052	0	0
37.003	0.009918	0	0
37.037	0.010119	0	0
37.070	0.009976	0	0
37.103	0.009533	0	0
37.137	0.009922	0	0
37.170	0.009630	0	0
37.203	0.009866	0	0
37.237	0.010255	0	0
37.270	0.010437	0	0
37.303	0.010546	0	0
37.337	0.011251	0	0
37.370	0.011231	0	0
37.404	0.011307	0	0
37.437	0.011549	0	0
37.470	0.011116	0	0
37.504	0.011085	0	0
37.537	0.010916	0	0
37.570	0.010904	0	0
37.604	0.010678	0	0
37.637	0.010677	0	0
37.670	0.009949	0	0
37.704	0.010100	0	0
37.737	0.009978	0	0
37.771	0.010263	0	0
37.804	0.010488	0	0
37.837	0.011364	0	0
37.871	0.010931	0	0
37.904	0.011023	0	0
37.937	0.010905	0	0
37.971	0.010700	0	0
38.004	0.010493	0	0
38.038	0.010817	0	0
38.071	0.010706	0	0
38.104	0.010660	0	0
38.138	0.010799	0	0
38.171	0.010662	0	0
38.204	0.010544	0	0
38.238	0.010694	0	0
38.271	0.010381	0	0
38.304	0.010774	0	0
38.338	0.010977	0	0
38.371	0.011491	0	0
38.405	0.011372	0	0
38.438	0.011587	0	0
38.471	0.011083	0	0
38.505	0.011255	0	0
38.538	0.010722	0	0
38.571	0.010601	0	0
38.605	0.010857	0	0
38.638	0.010585	0	0
38.671	0.009986	0	0
38.705	0.009910	0	0
38.738	0.010588	0	0
38.772	0.010632	0	0
38.805	0.010998	0	0
38.838	0.010788	0	0
38.872	0.010857	0	0
38.905	0.010041	0	0
38.938	0.009824	0	0
38.972	0.009282	0	0
39.005	0.009205	0	0
39.039	0.009357	0	0
39.072	0.009610	0	0
39.105	0.009346	0	0
39.139	0.009522	0	0
39.172	0.009888	0	0
39.205	0.010060	0	0
39.239	0.009970	0	0
39.272	0.010065	0	0
39.305	0.010752	0	0
39.339	0.010635	0	0
39.372	0.010303	0	0
39.406	0.010549	0	0
39.439	0.013343	0	0
39.472	0.016645	0	0
39.506	0.019102	0	0
39.539	0.020628	0	0
39.572	0.021686	0	0
39.606	0.020091	0	0
39.639	0.016585	0	0
39.672	0.014544	0	0
39.706	0.012968	0	0
39.739	0.012199	0	0
39.773	0.011335	0	0
39.806	0.011558	0	0
39.839	0.011759	0	0
39.873	0.011660	0	0
39.906	0.011408	0	0
39.939	0.011498	0	0
39.973	0.011043	0	0
40.006	0.011165	0	0
40.040	0.011687	0	0
40.073	0.011681	0	0
40.106	0.011841	0	0
40.140	0.011753	0	0
40.173	0.011397	0	0
40.206	0.011712	0	0
40.240	0.011471	0	0
40.273	0.011385	0	0
40.306	0.011688	0	0
40.340	0.012209	0	0
40.373	0.011769	0	0
40.407	0.012399	0	0
40.440	0.012336	0	0
40.473	0.012127	0	0
40.507	0.011484	0	0
40.540	0.012001	0	0
40.573	0.011577	0	0
40.607	0.011767	0	0
40.640	0.012166	0	0
40.673	0.011797	0	0
40.707	0.011574	0	0
40.740	0.011788	0	0
40.774	0.011437	0	0
40.807	0.011335	0	0
40.840	0.011648	0	0
40.874	0.011016	0	0
40.907	0.011235	0	0
40.940	0.011045	0	0
40.974	0.011147	0	0
41.007	0.010849	0	0
41.041	0.010899	0	0
41.074	0.010545	0	0
41.107	0.011009	0	0
41.141	0.012914	0	0
41.174	0.019957	0	0
41.207	0.026101	0	0
41.241	0.029343	0	0
41.274	0.031735	0	0
41.307	0.031410	0	0
41.341	0.025779	1	0
41.374	0.020435	1	0
41.408	0.017801	0	0
41.441	0.015201	0	0
41.474	0.013562	0	0
41.508	0.012710	0	0
41.541	0.013030	0	0
41.574	0.012354	0	0
41.608	0.012319	0	0
41.641	0.012443	0	0
41.674	0.012505	0	0
41.708	0.012653	0	0
41.741	0.013007	0	0
41.775	0.013339	0	0
41.808	0.013054	0	0
41.841	0.013420	0	0
41.875	0.012763	0	0
41.908	0.013047	0	0
41.941	0.012537	0	0
41.975	0.011906	0	0
42.008	0.011244	0	0
42.042	0.011041	0	0
42.075	0.010684	0	0
42.108	0.010609	0	0
42.142	0.011260	0	0
42.175	0.010693	0	0
42.208	0.010479	0	0
42.242	0.010423	0	0
42.275	0.010616	0	0
42.308	0.011025	0	0
42.342	0.011688	0	0
42.375	0.011914	0	0
42.409	0.012082	0	0
42.442	0.011952	0	0
42.475	0.012018	0	0
42.509	0.011805	0	0
42.542	0.011742	0	0
42.575	0.011518	0	0
42.609	0.011727	0	0
42.642	0.010968	0	0
42.675	0.011202	0	0
42.709	0.011445	0	0
42.742	0.011647	0	0
42.776	0.011758	0	0
42.809	0.011926	0	0
42.842	0.012138	0	0
42.876	0.011968	0	0
42.909	0.012133	0	0
42.942	0.012333	0	0
42.976	0.012503	0	0
43.009	0.012381	0	0
43.043	0.012539	0	0
43.076	0.011963	0	0
43.109	0.011347	0	0
43.143	0.011629	0	0
43.176	0.011161	0	0
43.209	0.011002	0	0
43.243	0.011194	0	0
43.276	0.011489	0	0
43.309	0.011227	0	0
43.343	0.011529	0	0
43.376	0.011756	0	0
43.410	0.011955	0	0
43.443	0.012122	0	0
43.476	0.012222	0	0
43.510	0.012927	0	0
43.543	0.013121	0	0
43.576	0.013252	0	0
43.610	0.013216	0	0
43.643	0.013438	0	0
43.676	0.012751	0	0
43.710	0.012608	0	0
43.743	0.012264	0	0
43.777	0.012536	0	0
43.810	0.012570	0	0
43.843	0.012899	0	0
43.877	0.013180	0	0
43.910	0.013624	0	0
43.943	0.013334	0	0
43.977	0.013185	0	0
44.010	0.013460	0	0
44.044	0.012581	0	0
44.077	0.012396	0	0
44.110	0.012147	0	0
44.144	0.012365	0	0
44.177	0.012172	0	0
44.210	0.013427	0	0
44.244	0.013699	0	0
44.277	0.014750	0	0
44.310	0.015468	0	0
44.344	0.015965	0	0
44.377	0.015773	0	0
44.411	0.016161	0	0
44.444	0.015718	0	0
44.477	0.015746	0	0
44.511	0.015525	0	0
44.544	0.016092	0	0
44.577	0.015766	0	0
44.611	0.016556	0	0
44.644	0.016177	0	0
44.677	0.016772	0	0
44.711	0.015911	0	0
44.744	0.016075	0	0
44.778	0.016809	0	0
44.811	0.017283	0	0
44.844	0.016994	0	0
44.878	0.017678	0	0
44.911	0.017826	0	0
44.944	0.016760	0	0
44.978	0.016353	0	0
45.011	0.015849	0	0
45.045	0.015083	0	0
45.078	0.014996	0	0
45.111	0.014714	0	0
45.145	0.014404	0	0
45.178	0.014025	0	0
45.211	0.014031	0	0
45.245	0.014038	0	0
45.278	0.013854	0	0
45.311	0.014116	0	0
45.345	0.014352	0	0
45.378	0.014614	0	0
45.412	0.014796	0	0
45.445	0.014842	0	0
45.478	0.015073	0	0
45.512	0.015940	0	0
45.545	0.015994	0	0
45.578	0.015225	0	0
45.612	0.015390	0	0
45.645	0.015192	0	0
45.678	0.014912	0	0
45.712	0.014774	0	0
45.745	0.015247	0	0
45.779	0.015599	0	0
45.812	0.015315	0	0
45.845	0.015359	0	0
45.879	0.015872	0	0
45.912	0.015722	0	0
45.945	0.015020	0	0
45.979	0.014816	0	0
46.012	0.015063	0	0
46.046	0.014949	0	0
46.079	0.014999	0	0
46.112	0.015038	0	0
46.146	0.015740	0	0
46.179	0.014658	0	0
46.212	0.013982	0	0
46.246	0.014671	0	0
46.279	0.015207	0	0
46.312	0.014866	0	0
46.346	0.015831	0	0
46.379	0.016194	0	0
46.413	0.015211	0	0
46.446	0.015302	0	0
46.479	0.015306	0	0
46.513	0.014600	0	0
46.546	0.015089	0	0
46.579	0.015680	0	0
46.613	0.015455	0	0
46.646	0.014866	0	0
46.679	0.014835	0	0
46.713	0.014598	0	0
46.746	0.014006	0	0
46.780	0.014295	0	0
46.813	0.014401	0	0
46.846	0.015138	0	0
46.880	0.014460	0	0
46.913	0.014873	0	0
46.946	0.014059	0	0
46.980	0.014114	0	0
47.013	0.013397	0	0
47.047	0.013742	0	0
47.080	0.014037	0	0
47.113	0.015003	0	0
47.147	0.016053	0	0
47.180	0.016413	0	0
47.213	0.017022	0	0
47.247	0.016673	0	0
47.280	0.015617	0	0
47.313	0.014935	0	0
47.347	0.015077	0	0
47.380	0.014285	0	0
47.414	0.013984	0	0
47.447	0.014039	0	0
47.480	0.014182	0	0
47.514	0.014835	0	0
47.547	0.015320	0	0
47.580	0.015828	0	0
47.614	0.016375	0	0
47.647	0.015866	0	0
47.680	0.014778	0	0
47.714	0.013960	0	0
47.747	0.013119	0	0
47.781	0.013704	0	0
47.814	0.014304	0	0
47.847	0.013877	0	0
47.881	0.014357	0	0
47.914	0.015435	0	0
47.947	0.014975	0	0
47.981	0.014829	0	0
48.014	0.015704	0	0
48.048	0.016842	0	0
48.081	0.016133	0	0
48.114	0.016429	0	0
48.148	0.016743	0	0
48.181	0.017029	0	0
48.214	0.016872	0	0
48.248	0.017445	0	0
48.281	0.017835	0	0
48.314	0.018033	1	0
48.348	0.017985	0	0
48.381	0.017834	0	0
48.415	0.017633	0	0
48.448	0.016943	0	0
48.481	0.016158	0	0
48.515	0.016128	0	0
48.548	0.015763	0	0
48.581	0.015437	0	0
48.615	0.015469	0	0
48.648	0.015330	0	0
48.681	0.014664	0	0
48.715	0.014316	0	0
48.748	0.014492	0	0
48.782	0.014007	0	0
48.815	0.014382	0	0
48.848	0.014485	0	0
48.882	0.014391	0	0
48.915	0.014463	0	0
48.948	0.014246	0	0
48.982	0.013895	0	0
49.015	0.013798	0	0
49.049	0.013432	0	0
49.082	0.013017	0	0
49.115	0.013199	0	0
49.149	0.013705	0	0
49.182	0.013856	0	0
49.215	0.014334	0	0
49.249	0.014508	0	0
49.282	0.014559	0	0
49.315	0.013981	0	0
49.349	0.013901	0	0
49.382	0.013750	0	0
49.416	0.013686	0	0
49.449	0.014296	0	0
49.482	0.014882	0	0
49.516	0.014739	0	0
49.549	0.015051	0	0
49.582	0.015421	0	0
49.616	0.014556	0	0
49.649	0.014206	0	0
49.682	0.013988	0	0
49.716	0.013978	0	0
49.749	0.013268	0	0
49.783	0.013230	0	0
49.816	0.013267	0	0
49.849	0.013737	0	0
49.883	0.012874	0	0
49.916	0.013082	0	0
49.949	0.013501	0	0
49.983	0.012915	0	0
50.016	0.012343	0	0
50.050	0.012955	0	0
50.083	0.012737	0	0
50.116	0.012781	0	0
50.150	0.012857	0	0
50.183	0.013197	0	0
50.216	0.012719	0	0
50.250	0.013382	0	0
50.283	0.013131	0	0
50.316	0.013931	0	0
50.350	0.013947	0	0
50.383	0.014572	0	0
50.417	0.014292	0	0
50.450	0.014705	0	0
50.483	0.014061	0	0
50.517	0.014186	0	0
50.550	0.013795	0	0
50.583	0.013776	0	0
50.617	0.013714	0	0
50.650	0.013544	0	0
50.683	0.013295	0	0
50.717	0.013116	0	0
50.750	0.012986	0	0
50.784	0.012430	0	0
50.817	0.012946	0	0
50.850	0.012977	0	0
50.884	0.012880	0	0
50.917	0.012855	0	0
50.950	0.013420	0	0
50.984	0.013286	0	0
51.017	0.013060	0	0
51.051	0.013507	0	0
51.084	0.013595	0	0
51.117	0.013804	0	0
51.151	0.014248	0	0
51.184	0.014845	0	0
51.217	0.015996	0	0
51.251	0.017328	0	0
51.284	0.017609	0	0
51.317	0.018081	1	0
51.351	0.018487	1	0
51.384	0.018428	1	0
51.418	0.018146	1	0
51.451	0.018691	1	0
51.484	0.018387	1	0
51.518	0.018286	1	0
51.551	0.017915	0	0
51.584	0.017860	0	0
51.618	0.016657	0	0
51.651	0.016367	0	0
51.684	0.016778	0	0
51.718	0.018059	1	0
51.751	0.019627	1	0
51.785	0.021665	1	0
51.818	0.022965	1	0
51.851	0.023754	1	0
51.885	0.023203	1	0
51.918	0.022634	1	0
51.951	0.021439	1	0
51.985	0.020399	1	0
52.018	0.019197	1	0
52.052	0.018584	1	0
52.085	0.017190	0	0
52.118	0.017209	0	0
52.152	0.017013	0	0
52.185	0.016733	0	0
52.218	0.016046	0	0
52.252	0.015878	0	0
52.285	0.015395	0	0
52.318	0.015479	0	0
52.352	0.014935	0	0
52.385	0.015356	0	0
52.419	0.015106	0	0
52.452	0.015515	0	0
52.485	0.015061	0	0
52.519	0.015588	0	0
52.552	0.015587	0	0
52.585	0.015665	0	0
52.619	0.015490	0	0
52.652	0.015843	0	0
52.685	0.015784	0	0
52.719	0.015574	0	0
52.752	0.015695	0	0
52.786	0.014775	0	0
52.819	0.014736	0	0
52.852	0.014417	0	0
52.886	0.014501	0	0
52.919	0.014329	0	0
52.952	0.014803	0	0
52.986	0.015247	0	0
53.019	0.016779	0	0
53.053	0.017825	0	0
53.086	0.019350	0	0
53.119	0.020754	0	0
53.153	0.022382	0	0
53.186	0.022723	0	0
53.219	0.022797	0	0
53.253	0.022973	0	0
53.286	0.023353	0	0
53.319	0.023100	0	0
53.353	0.023935	0	0
53.386	0.025511	0	0
53.420	0.026931	0	0
53.453	0.027615	0	0
53.486	0.027994	0	0
53.520	0.027585	0	0
53.553	0.026081	0	0
53.586	0.023972	1	0
53.620	0.022385	1	0
53.653	0.020366	1	0
53.686	0.019089	1	0
53.720	0.017715	0	0
53.753	0.017219	0	0
53.787	0.015953	0	0
53.820	0.015597	0	0
53.853	0.015501	0	0
53.887	0.015476	0	0
53.920	0.015139	0	0
53.953	0.015622	0	0
53.987	0.016077	0	0
54.020	0.015201	0	0
54.054	0.015371	0	0
54.087	0.015074	0	0
54.120	0.015151	0	0
54.154	0.014429	0	0
54.187	0.014730	0	0
54.220	0.014806	0	0
54.254	0.014961	0	0
54.287	0.014435	0	0
54.320	0.014407	0	0
54.354	0.013805	0	0
54.387	0.012474	0	0
54.421	0.012171	0	0
54.454	0.012266	0	0
54.487	0.011781	0	0
54.521	0.011995	0	0
54.554	0.012616	0	0
54.587	0.012518	0	0
54.621	0.012006	0	0
54.654	0.011821	0	0
54.687	0.011784	0	0
54.721	0.011507	0	0
54.754	0.011645	0	0
54.788	0.011780	0	0
54.821	0.012036	0	0
54.854	0.011962	0	0
54.888	0.012038	0	0
54.921	0.011582	0	0
54.954	0.011692	0	0
54.988	0.011878	0	0
55.021	0.012143	0	0
55.055	0.012692	0	0
55.088	0.012572	0	0
55.121	0.012558	0	0
55.155	0.012485	0	0
55.188	0.011663	0	0
55.221	0.011413	0	0
55.255	0.012038	0	0
55.288	0.012132	0	0
55.321	0.012773	0	0
55.355	0.013950	0	0
55.388	0.013775	0	0
55.422	0.013785	0	0
55.455	0.014076	0	0
55.488	0.013874	0	0
55.522	0.013394	0	0
55.555	0.013708	0	0
55.588	0.013703	0	0
55.622	0.013475	0	0
55.655	0.013827	0	0
55.688	0.014051	0	0
55.722	0.014101	0	0
55.755	0.014181	0	0
55.789	0.014271	0	0
55.822	0.013897	0	0
55.855	0.013937	0	0
55.889	0.014203	0	0
55.922	0.014112	0	0
55.955	0.013883	0	0
55.989	0.013962	0	0
56.022	0.013754	0	0
56.056	0.013797	0	0
56.089	0.013944	0	0
56.122	0.014386	0	0
56.156	0.014717	0	0
56.189	0.015056	0	0
56.222	0.014669	0	0
56.256	0.014804	0	0
56.289	0.015052	0	0
56.322	0.015096	0	0
56.356	0.015117	0	0
56.389	0.015115	0	0
56.423	0.015239	0	0
56.456	0.015302	0	0
56.489	0.014986	0	0
56.523	0.015326	0	0
56.556	0.015420	0	0
56.589	0.015176	0	0
56.623	0.014985	0	0
56.656	0.015231	0	0
56.689	0.014775	0	0
56.723	0.014893	0	0
56.756	0.015076	0	0
56.790	0.014820	0	0
56.823	0.014842	0	0
56.856	0.014682	0	0
56.890	0.014722	0	0
56.923	0.014734	0	0
56.956	0.014874	0	0
56.990	0.014742	0	0
57.023	0.015002	0	0
57.057	0.015017	0	0
57.090	0.014930	0	0
57.123	0.015073	0	0
57.157	0.015261	0	0
57.190	0.015206	0	0
57.223	0.015521	0	0
57.257	0.015717	0	0
57.290	0.015785	0	0
57.323	0.015907	0	0
57.357	0.015894	0	0
57.390	0.015504	0	0
57.424	0.015311	0	0
57.457	0.015354	0	0
57.490	0.015078	0	0
57.524	0.015234	0	0
57.557	0.015418	0	0
57.590	0.015573	0	0
57.624	0.015560	0	0
57.657	0.015769	0	0
57.690	0.015851	0	0
57.724	0.015637	0	0
57.757	0.015780	0	0
57.791	0.015854	0	0
57.824	0.015577	0	0
57.857	0.015623	0	0
57.891	0.015504	0	0
57.924	0.015124	0	0
57.957	0.014958	0	0
57.991	0.015110	0	0
58.024	0.015026	0	0
58.058	0.015574	0	0
58.091	0.015594	0	0
58.124	0.015647	0	0
58.158	0.015403	0	0
58.191	0.015580	0	0
58.224	0.015189	0	0
58.258	0.015190	0	0
58.291	0.015167	0	0
58.324	0.015266	0	0
58.358	0.014682	0	0
58.391	0.014654	0	0
58.425	0.015066	0	0
58.458	0.014811	0	0
58.491	0.015215	0	0
58.525	0.015704	0	0
58.558	0.016248	0	0
58.591	0.015913	0	0
58.625	0.016328	0	0
58.658	0.015803	0	0
58.691	0.015375	0	0
58.725	0.014950	0	0
58.758	0.015027	0	0
58.792	0.014656	0	0
58.825	0.014892	0	0
58.858	0.015134	0	0
58.892	0.014977	0	0
58.925	0.015061	0	0
58.958	0.015174	0	0
58.992	0.015004	0	0
59.025	0.015115	0	0
59.059	0.015180	0	0
59.092	0.015334	0	0
59.125	0.015390	0	0
59.159	0.015810	0	0
59.192	0.016053	0	0
59.225	0.016031	0	0
59.259	0.015878	0	0
59.292	0.015895	0	0
59.325	0.015904	0	0
59.359	0.015930	0	0
59.392	0.016167	0	0
59.426	0.016336	0	0
59.459	0.016340	0	0
59.492	0.016741	0	0
59.526	0.016728	0	0
59.559	0.017106	0	0
59.592	0.017118	0	0
59.626	0.017731	0	0
59.659	0.017224	0	0
59.692	0.017154	0	0
59.726	0.016479	0	0
59.759	0.016457	0	0
59.793	0.015885	0	0
59.826	0.016037	0	0
59.859	0.015815	0	0
59.893	0.016086	0	0
59.926	0.015923	0	0
59.959	0.016134	0	0
59.993	0.016250	0	0
60.026	0.016382	0	0
60.060	0.016650	0	0
60.093	0.016634	0	0
60.126	0.016208	0	0
60.160	0.015727	0	0
60.193	0.015557	0	0
60.226	0.015113	0	0
60.260	0.014933	0	0
60.293	0.015175	0	0
60.326	0.015288	0	0
60.360	0.015220	0	0
60.393	0.015119	0	0
60.427	0.015206	0	0
60.460	0.015247	0	0
60.493	0.015257	0	0
60.527	0.015143	0	0
60.560	0.015262	0	0
60.593	0.014958	0	0
60.627	0.014728	0	0
60.660	0.014595	0	0
60.693	0.014705	0	0
60.727	0.014537	0	0
60.760	0.014873	0	0
60.794	0.015002	0	0
60.827	0.014876	0	0
60.860	0.014908	0	0
60.894	0.015039	0	0
60.927	0.014984	0	0
60.960	0.014726	0	0
60.994	0.014846	0	0
61.027	0.014835	0	0
61.061	0.014707	0	0
61.094	0.014766	0	0
61.127	0.014712	0	0
61.161	0.014850	0	0
61.194	0.015053	0	0
61.227	0.015191	0	0
61.261	0.014999	0	0
61.294	0.015331	0	0
61.327	0.015030	0	0
61.361	0.014767	0	0
61.394	0.014781	0	0
61.428	0.014819	0	0
61.461	0.014926	0	0
61.494	0.015292	0	0
61.528	0.015573	0	0
61.561	0.015604	0	0
61.594	0.015932	0	0
61.628	0.015607	0	0
61.661	0.015195	0	0
61.694	0.015020	0	0
61.728	0.014901	0	0
61.761	0.014683	0	0
61.795	0.014819	0	0
61.828	0.014694	0	0
61.861	0.014546	0	0
61.895	0.014626	0	0
61.928	0.014392	0	0
61.961	0.014340	0	0
61.995	0.014501	0	0
62.028	0.014393	0	0
62.062	0.014350	0	0
62.095	0.014463	0	0
62.128	0.014221	0	0
62.162	0.014192	0	0
62.195	0.014139	0	0
62.228	0.013920	0	0
62.262	0.013748	0	0
62.295	0.013593	0	0
62.328	0.013651	0	0
62.362	0.013611	0	0
62.395	0.013679	0	0
62.429	0.014084	0	0
62.462	0.014489	0	0
62.495	0.014426	0	0
62.529	0.014561	0	0
62.562	0.014545	0	0
62.595	0.014453	0	0
62.629	0.014269	0	0
62.662	0.014305	0	0
62.695	0.014480	0	0
62.729	0.014530	0	0
62.762	0.014049	0	0
62.796	0.013928	0	0
62.829	0.013852	0	0
62.862	0.013749	0	0
62.896	0.013845	0	0
62.929	0.014144	0	0
62.962	0.014509	0	0
62.996	0.014543	0	0
63.029	0.014388	0	0
63.063	0.014271	0	0
63.096	0.013917	0	0
63.129	0.013530	0	0
63.163	0.013380	0	0
63.196	0.013134	0	0
63.229	0.012828	0	0
63.263	0.012931	0	0
63.296	0.012840	0	0
63.329	0.012771	0	0
63.363	0.012521	0	0
63.396	0.012563	0	0
63.430	0.012551	0	0
63.463	0.012586	0	0
63.496	0.012623	0	0
63.530	0.013088	0	0
63.563	0.013223	0	0
63.596	0.013207	0	0
63.630	0.013443	0	0
63.663	0.013218	0	0
63.696	0.012907	0	0
63.730	0.012700	0	0
63.763	0.013041	0	0
63.797	0.012564	0	0
63.830	0.013698	0	0
63.863	0.013826	0	0
63.897	0.014270	0	0
63.930	0.013543	0	0
63.963	0.014194	0	0
63.997	0.013222	0	0
64.030	0.013632	0	0
64.064	0.012966	0	0
64.097	0.013137	0	0
64.130	0.012867	0	0
64.164	0.012574	0	0
64.197	0.012088	0	0
64.230	0.012712	0	0
64.264	0.013191	0	0
64.297	0.013188	0	0
64.330	0.013872	0	0
64.364	0.014759	0	0
64.397	0.014699	0	0
64.431	0.015474	0	0
64.464	0.015592	0	0
64.497	0.015598	0	0
64.531	0.014660	0	0
64.564	0.015073	0	0
64.597	0.013999	0	0
64.631	0.014432	0	0
64.664	0.014045	0	0
64.697	0.014356	0	0
64.731	0.014024	0	0
64.764	0.014028	0	0
64.798	0.013248	0	0
64.831	0.014014	0	0
64.864	0.013770	0	0
64.898	0.013772	0	0
64.931	0.013667	0	0
64.964	0.013456	0	0
64.998	0.012806	0	0
65.031	0.013105	0	0
65.065	0.012469	0	0
65.098	0.012680	0	0
65.131	0.013341	0	0
65.165	0.013046	0	0
65.198	0.013124	0	0
65.231	0.013697	0	0
65.265	0.014016	0	0
65.298	0.013370	0	0
65.331	0.013646	0	0
65.365	0.013481	0	0
65.398	0.012957	0	0
65.432	0.013042	0	0
65.465	0.013666	0	0
65.498	0.013910	0	0
65.532	0.014385	0	0
65.565	0.015264	0	0
65.598	0.014906	0	0
65.632	0.015104	0	0
65.665	0.015382	0	0
65.698	0.015401	0	0
65.732	0.015109	0	0
65.765	0.015353	0	0
65.799	0.014924	0	0
65.832	0.014294	0	0
65.865	0.013919	0	0
65.899	0.013792	0	0
65.932	0.013808	0	0
65.965	0.013811	0	0
65.999	0.013609	0	0
66.032	0.014006	0	0
66.066	0.013945	0	0
66.099	0.013399	0	0
66.132	0.013369	0	0
66.166	0.014134	0	0
66.199	0.013370	0	0
66.232	0.013380	0	0
66.266	0.013685	0	0
66.299	0.013826	0	0
66.332	0.013481	0	0
66.366	0.013827	0	0
66.399	0.013607	0	0
66.433	0.013662	0	0
66.466	0.012803	0	0
66.499	0.012212	0	0
66.533	0.012152	0	0
66.566	0.012132	0	0
66.599	0.012232	0	0
66.633	0.012524	0	0
66.666	0.013226	0	0
66.699	0.012855	0	0
66.733	0.013451	0	0
66.766	0.012845	0	0
66.800	0.013422	0	0
66.833	0.012597	0	0
66.866	0.013420	0	0
66.900	0.012599	0	0
66.933	0.013262	0	0
66.966	0.012432	0	0
67.000	0.012656	0	0
67.033	0.011698	0	0
67.067	0.011660	0	0
67.100	0.011433	0	0
67.133	0.011748	0	0
67.167	0.012597	0	0
67.200	0.013148	0	0
67.233	0.014033	0	0
67.267	0.014458	0	0
67.300	0.014915	0	0
67.333	0.014846	0	0
67.367	0.015379	0	0
67.400	0.015306	0	0
67.434	0.015158	0	0
67.467	0.015613	0	0
67.500	0.015431	0	0
67.534	0.015038	0	0
67.567	0.015087	0	0
67.600	0.014966	0	0
67.634	0.014580	0	0
67.667	0.014584	0	0
67.700	0.014518	0	0
67.734	0.014397	0	0
67.767	0.014802	0	0
67.801	0.015037	0	0
67.834	0.015381	0	0
67.867	0.015814	0	0
67.901	0.015825	0	0
67.934	0.015799	0	0
67.967	0.015910	0	0
68.001	0.015858	0	0
68.034	0.015817	0	0
68.068	0.015704	0	0
68.101	0.015628	0	0
68.134	0.015554	0	0
68.168	0.015454	0	0
68.201	0.015438	0	0
68.234	0.015590	0	0
68.268	0.015602	0	0
68.301	0.015568	0	0
68.334	0.015706	0	0
68.368	0.015641	0	0
68.401	0.015704	0	0
68.435	0.015316	0	0
68.468	0.015445	0	0
68.501	0.015390	0	0
68.535	0.015425	0	0
68.568	0.015285	0	0
68.601	0.015423	0	0
68.635	0.015209	0	0
68.668	0.015127	0	0
68.701	0.014831	0	0
68.735	0.015138	0	0
68.768	0.015284	0	0
68.802	0.015288	0	0
68.835	0.015042	0	0
68.868	0.015133	0	0
68.902	0.014736	0	0
68.935	0.014699	0	0
68.968	0.014914	0	0
69.002	0.015150	0	0
69.035	0.015041	0	0
69.069	0.015126	0	0
69.102	0.014907	0	0
69.135	0.014662	0	0
69.169	0.014514	0	0
69.202	0.014646	0	0
69.235	0.014887	0	0
69.269	0.015054	0	0
69.302	0.015001	0	0
69.335	0.015060	0	0
69.369	0.014871	0	0
69.402	0.014631	0	0
69.436	0.014668	0	0
69.469	0.015006	0	0
69.502	0.015059	0	0
69.536	0.015190	0	0
69.569	0.015105	0	0
69.602	0.015088	0	0
69.636	0.014695	0	0
69.669	0.014564	0	0
69.702	0.014415	0	0
69.736	0.014247	0	0
69.769	0.014075	0	0
69.803	0.014038	0	0
69.836	0.014216	0	0
69.869	0.014364	0	0
69.903	0.014440	0	0
69.936	0.014494	0	0
69.969	0.014605	0	0
70.003	0.014535	0	0
70.036	0.014594	0	0
70.070	0.014802	0	0
70.103	0.015040	0	0
70.136	0.015447	0	0
70.170	0.015448	0	0
70.203	0.015497	0	0
70.236	0.015522	0	0
70.270	0.015279	0	0
70.303	0.014730	0	0
70.336	0.014599	0	0
70.370	0.014481	0	0
70.403	0.014529	0	0
70.437	0.014631	0	0
70.470	0.014786	0	0
70.503	0.014768	0	0
70.537	0.014812	0	0
70.570	0.014921	0	0
70.603	0.015049	0	0
70.637	0.015259	0	0
70.670	0.015737	0	0
70.703	0.015541	0	0
70.737	0.015613	0	0
70.770	0.015340	0	0
70.804	0.015192	0	0
70.837	0.014613	0	0
70.870	0.014661	0	0
70.904	0.014373	0	0
70.937	0.014582	0	0
70.970	0.014539	0	0
71.004	0.014590	0	0
71.037	0.014992	0	0
71.071	0.015077	0	0
71.104	0.014990	0	0
71.137	0.015151	0	0
71.171	0.015358	0	0
71.204	0.015123	0	0
71.237	0.014779	0	0
71.271	0.014895	0	0
71.304	0.014862	0	0
71.337	0.014665	0	0
71.371	0.014799	0	0
71.404	0.014978	0	0
71.438	0.014970	0	0
71.471	0.014793	0	0
71.504	0.014938	0	0
71.538	0.014656	0	0
71.571	0.014772	0	0
71.604	0.014710	0	0
71.638	0.014945	0	0
71.671	0.015096	0	0
71.704	0.015178	0	0
71.738	0.015297	0	0
71.771	0.015161	0	0
71.805	0.014928	0	0
71.838	0.014572	0	0
71.871	0.014337	0	0
71.905	0.014245	0	0
71.938	0.014053	0	0
71.971	0.013571	0	0
72.005	0.012989	0	0
72.038	0.012418	0	0
72.072	0.011417	0	0
72.105	0.010659	0	0
72.138	0.010342	0	0
72.172	0.010593	0	0
72.205	0.010204	0	0
72.238	0.010308	0	0
72.272	0.010366	0	0
72.305	0.010705	0	0
72.338	0.010439	0	0
72.372	0.010794	0	0
72.405	0.010726	0	0
72.439	0.010748	0	0
72.472	0.010425	0	0
72.505	0.010186	0	0
72.539	0.010000	0	0
72.572	0.009973	0	0
72.605	0.009873	0	0
72.639	0.009512	0	0
72.672	0.009605	0	0
72.705	0.009634	0	0
72.739	0.009704	0	0
72.772	0.010022	0	0
72.806	0.010186	0	0
72.839	0.010008	0	0
72.872	0.009980	0	0
72.906	0.009708	0	0
72.939	0.009556	0	0
72.972	0.009466	0	0
73.006	0.009985	0	0
73.039	0.009888	0	0
73.073	0.010279	0	0
73.106	0.010289	0	0
73.139	0.010526	0	0
73.173	0.010377	0	0
73.206	0.010944	0	0
73.239	0.010910	0	0
73.273	0.010960	0	0
73.306	0.010830	0	0
73.339	0.010716	0	0
73.373	0.010801	0	0
73.406	0.011105	0	0
73.440	0.011112	0	0
73.473	0.011095	0	0
73.506	0.010879	0	0
73.540	0.011155	0	0
73.573	0.011362	0	0
73.606	0.011494	0	0
73.640	0.011478	0	0
73.673	0.011697	0	0
73.706	0.011147	0	0
73.740	0.010489	0	0
73.773	0.010841	0	0
73.807	0.011009	0	0
73.840	0.010847	0	0
73.873	0.011183	0	0
73.907	0.011044	0	0
73.940	0.010639	0	0
73.973	0.010828	0	0
74.007	0.011257	0	0
74.040	0.011175	0	0
74.074	0.011467	0	0
74.107	0.011557	0	0
74.140	0.011409	0	0
74.174	0.011101	0	0
74.207	0.010525	0	0
74.240	0.010451	0	0
74.274	0.010674	0	0
74.307	0.010874	0	0
74.340	0.011191	0	0
74.374	0.011202	0	0
74.407	0.010892	0	0
74.441	0.010303	0	0
74.474	0.009912	0	0
74.507	0.009838	0	0
74.541	0.010216	0	0
74.574	0.010972	0	0
74.607	0.011159	0	0
74.641	0.011815	0	0
74.674	0.011548	0	0
74.707	0.011364	0	0
74.741	0.010981	0	0
74.774	0.011058	0	0
74.808	0.010590	0	0
74.841	0.010845	0	0
74.874	0.010876	0	0
74.908	0.011346	0	0
74.941	0.011251	0	0
74.974	0.011834	0	0
75.008	0.011687	0	0
75.041	0.011585	0	0
75.075	0.011223	0	0
75.108	0.010810	0	0
75.141	0.010329	0	0
75.175	0.010135	0	0
75.208	0.009994	0	0
75.241	0.009770	0	0
75.275	0.010123	0	0
75.308	0.010541	0	0
75.341	0.010511	0	0
75.375	0.011001	0	0
75.408	0.011523	0	0
75.442	0.011673	0	0
75.475	0.011135	0	0
75.508	0.011478	0	0
75.542	0.011472	0	0
75.575	0.011629	0	0
75.608	0.011604	0	0
75.642	0.012058	0	0
75.675	0.011932	0	0
75.708	0.011612	0	0
75.742	0.011218	0	0
75.775	0.011324	0	0
75.809	0.010926	0	0
75.842	0.011144	0	0
75.875	0.011139	0	0
75.909	0.011013	0	0
75.942	0.011208	0	0
75.975	0.011322	0	0
76.009	0.010942	0	0
76.042	0.010887	0	0
76.076	0.010632	0	0
76.109	0.009974	0	0
76.142	0.009932	0	0
76.176	0.009830	0	0
76.209	0.010020	0	0
76.242	0.010082	0	0
76.276	0.010108	0	0
76.309	0.009696	0	0
76.342	0.009698	0	0
76.376	0.009420	0	0
76.409	0.009412	0	0
76.443	0.009650	0	0
76.476	0.010247	0	0
76.509	0.010224	0	0
76.543	0.010567	0	0
76.576	0.010698	0	0
76.609	0.010682	0	0
76.643	0.010503	0	0
76.676	0.010774	0	0
76.709	0.010845	0	0
76.743	0.010682	0	0
76.776	0.010652	0	0
76.810	0.010457	0	0
76.843	0.010437	0	0
76.876	0.010156	0	0
76.910	0.010389	0	0
76.943	0.010492	0	0
76.976	0.010825	0	0
77.010	0.010889	0	0
77.043	0.010875	0	0
77.077	0.010819	0	0
77.110	0.011069	0	0
77.143	0.010974	0	0
77.177	0.011079	0	0
77.210	0.011203	0	0
77.243	0.011351	0	0
77.277	0.011181	0	0
77.310	0.011232	0	0
77.343	0.011208	0	0
77.377	0.011796	0	0
77.410	0.011898	0	0
77.444	0.012078	0	0
77.477	0.011966	0	0
77.510	0.012292	0	0
77.544	0.012068	0	0
77.577	0.012127	0	0
77.610	0.012180	0	0
77.644	0.011943	0	0
77.677	0.011622	0	0
77.710	0.011138	0	0
77.744	0.010763	0	0
77.777	0.010978	0	0
77.811	0.010858	0	0
77.844	0.011003	0	0
77.877	0.011566	0	0
77.911	0.011813	0	0
77.944	0.011160	0	0
77.977	0.011243	0	0
78.011	0.011042	0	0
78.044	0.010797	0	0
78.078	0.010506	0	0
78.111	0.010476	0	0
78.144	0.010537	0	0
78.178	0.010707	0	0
78.211	0.010353	0	0
78.244	0.010172	0	0
78.278	0.010454	0	0
78.311	0.010759	0	0
78.344	0.010830	0	0
78.378	0.010831	0	0
78.411	0.010811	0	0
78.445	0.010976	0	0
78.478	0.010559	0	0
78.511	0.010464	0	0
78.545	0.010625	0	0
78.578	0.011718	0	0
78.611	0.011616	0	0
78.645	0.011980	0	0
78.678	0.012135	0	0
78.711	0.012207	0	0
78.745	0.011528	0	0
78.778	0.011598	0	0
78.812	0.011380	0	0
78.845	0.010919	0	0
78.878	0.011413	0	0
78.912	0.011465	0	0
78.945	0.011548	0	0
78.978	0.011684	0	0
79.012	0.011683	0	0
79.045	0.010818	0	0
79.079	0.010794	0	0
79.112	0.010033	0	0
79.145	0.009796	0	0
79.179	0.010374	0	0
79.212	0.010614	0	0
79.245	0.010394	0	0
79.279	0.010654	0	0
79.312	0.010788	0	0
79.345	0.010299	0	0
79.379	0.010488	0	0
79.412	0.011015	0	0
79.446	0.011428	0	0
79.479	0.011351	0	0
79.512	0.012000	0	0
79.546	0.012157	0	0
79.579	0.011584	0	0
79.612	0.011618	0	0
79.646	0.012004	0	0
79.679	0.011450	0	0
79.712	0.011665	0	0
79.746	0.011785	0	0
79.779	0.011498	0	0
79.813	0.011586	0	0
79.846	0.011418	0	0
79.879	0.011148	0	0
79.913	0.011298	0	0
79.946	0.011400	0	0
79.979	0.011082	0	0
80.013	0.010988	0	0
80.046	0.011018	0	0
80.080	0.011322	0	0
80.113	0.011036	0	0
80.146	0.011035	0	0
80.180	0.011247	0	0
80.213	0.011198	0	0
80.246	0.011061	0	0
80.280	0.011452	0	0
80.313	0.011327	0	0
80.346	0.011243	0	0
80.380	0.011173	0	0
80.413	0.011183	0	0
80.447	0.011021	0	0
80.480	0.011419	0	0
80.513	0.011890	0	0
80.547	0.011876	0	0
80.580	0.011780	0	0
80.613	0.011511	0	0
80.647	0.011405	0	0
80.680	0.010753	0	0
80.713	0.010390	0	0
80.747	0.010385	0	0
80.780	0.010420	0	0
80.814	0.010391	0	0
80.847	0.011015	0	0
80.880	0.011013	0	0
80.914	0.011109	0	0
80.947	0.011437	0	0
80.980	0.011729	0	0
81.014	0.011491	0	0
81.047	0.012165	0	0
81.081	0.011553	0	0
81.114	0.011763	0	0
81.147	0.011912	0	0
81.181	0.011738	0	0
81.214	0.011746	0	0
81.247	0.012279	0	0
81.281	0.012371	0	0
81.314	0.012094	0	0
81.347	0.012243	0	0
81.381	0.012251	0	0
81.414	0.011837	0	0
81.448	0.011835	0	0
81.481	0.011737	0	0
81.514	0.011998	0	0
81.548	0.012520	0	0
81.581	0.013367	0	0
81.614	0.013431	0	0
81.648	0.014235	0	0
81.681	0.014170	0	0
81.714	0.013425	0	0
81.748	0.013425	0	0
81.781	0.013680	0	0
81.815	0.013203	0	0
81.848	0.014105	0	0
81.881	0.015805	0	0
81.915	0.018536	0	0
81.948	0.022901	0	0
81.981	0.026996	0	0
82.015	0.029749	0	0
82.048	0.031318	0	0
82.082	0.030878	0	0
82.115	0.028134	0	0
82.148	0.025781	0	0
82.182	0.023643	1	0
82.215	0.021645	1	0
82.248	0.020016	1	0
82.282	0.018861	1	0
82.315	0.017713	0	0
82.348	0.016806	0	0
82.382	0.016050	0	0
82.415	0.015582	0	0
82.449	0.014940	0	0
82.482	0.014577	0	0
82.515	0.014327	0	0
82.549	0.013953	0	0
82.582	0.013680	0	0
82.615	0.013370	0	0
82.649	0.012925	0	0
82.682	0.012350	0	0
82.715	0.012290	0	0
82.749	0.011875	0	0
82.782	0.012104	0	0
82.816	0.012181	0	0
82.849	0.012341	0	0
82.882	0.012942	0	0
82.916	0.013128	0	0
82.949	0.013084	0	0
82.982	0.013515	0	0
83.016	0.013655	0	0
83.049	0.012906	0	0
83.083	0.012527	0	0
83.116	0.012425	0	0
83.149	0.011861	0	0
83.183	0.011667	0	0
83.216	0.011439	0	0
83.249	0.011709	0	0
83.283	0.011321	0	0
83.316	0.011175	0	0
83.349	0.011213	0	0
83.383	0.011647	0	0
83.416	0.011380	0	0
83.450	0.011600	0	0
83.483	0.011753	0	0
83.516	0.011592	0	0
83.550	0.011702	0	0
83.583	0.012195	0	0
83.616	0.012138	0	0
83.650	0.012177	0	0
83.683	0.012465	0	0
83.716	0.012342	0	0
83.750	0.012301	0	0
83.783	0.012434	0	0
83.817	0.012343	0	0
83.850	0.011931	0	0
83.883	0.012073	0	0
83.917	0.012125	0	0
83.950	0.012157	0	0
83.983	0.012094	0	0
84.017	0.012674	0	0
84.050	0.012363	0	0
84.084	0.012048	0	0
84.117	0.012352	0	0
84.150	0.012499	0	0
84.184	0.012396	0	0
84.217	0.012668	0	0
84.250	0.013044	0	0
84.284	0.013066	0	0
84.317	0.012855	0	0
84.350	0.013192	0	0
84.384	0.013244	0	0
84.417	0.013036	0	0
84.451	0.012733	0	0
84.484	0.013196	0	0
84.517	0.012248	0	0
84.551	0.012219	0	0
84.584	0.012090	0	0
84.617	0.011918	0	0
84.651	0.011380	0	0
84.684	0.012047	0	0
84.717	0.011550	0	0
84.751	0.011788	0	0
84.784	0.011620	0	0
84.818	0.011493	0	0
84.851	0.011475	0	0
84.884	0.011866	0	0
84.918	0.011568	0	0
84.951	0.011918	0	0
84.984	0.012602	0	0
85.018	0.012397	0	0
85.051	0.012340	0	0
85.085	0.012465	0	0
85.118	0.012141	0	0
85.151	0.011715	0	0
85.185	0.011604	0	0
85.218	0.011795	0	0
85.251	0.011693	0	0
85.285	0.011671	0	0
85.318	0.011780	0	0
85.351	0.011743	0	0
85.385	0.011526	0	0
85.418	0.011625	0	0
85.452	0.012124	0	0
85.485	0.011956	0	0
85.518	0.012204	0	0
85.552	0.012215	0	0
85.585	0.012015	0	0
85.618	0.011328	0	0
85.652	0.011760	0	0
85.685	0.011485	0	0
85.718	0.011085	0	0
85.752	0.010937	0	0
85.785	0.011424	0	0
85.819	0.010965	0	0
85.852	0.011128	0	0
85.885	0.011688	0	0
85.919	0.011735	0	0
85.952	0.011430	0	0
85.985	0.011641	0	0
86.019	0.011523	0	0
86.052	0.011691	0	0
86.086	0.011746	0	0
86.119	0.011860	0	0
86.152	0.011648	0	0
86.186	0.012082	0	0
86.219	0.011413	0	0
86.252	0.011522	0	0
86.286	0.011335	0	0
86.319	0.011245	0	0
86.352	0.010677	0	0
86.386	0.010975	0	0
86.419	0.011048	0	0
86.453	0.011418	0	0
86.486	0.011777	0	0
86.519	0.011754	0	0
86.553	0.011873	0	0
86.586	0.011602	0	0
86.619	0.011473	0	0
86.653	0.011170	0	0
86.686	0.011465	0	0
86.719	0.011088	0	0
86.753	0.011106	0	0
86.786	0.011174	0	0
86.820	0.011218	0	0
86.853	0.011246	0	0
86.886	0.011179	0	0
86.920	0.011665	0	0
86.953	0.011232	0	0
86.986	0.011020	0	0
87.020	0.010899	0	0
87.053	0.011183	0	0
87.087	0.010764	0	0
87.120	0.010828	0	0
87.153	0.010862	0	0
87.187	0.010850	0	0
87.220	0.010575	0	0
87.253	0.010570	0	0
87.287	0.010595	0	0
87.320	0.010558	0	0
87.353	0.010442	0	0
87.387	0.010850	0	0
87.420	0.010781	0	0
87.454	0.010997	0	0
87.487	0.011354	0	0
87.520	0.011877	0	0
87.554	0.011618	0	0
87.587	0.012095	0	0
87.620	0.012255	0	0
87.654	0.012148	0	0
87.687	0.011692	0	0
87.720	0.011688	0	0
87.754	0.011310	0	0
87.787	0.011075	0	0
87.821	0.011313	0	0
87.854	0.011354	0	0
87.887	0.011552	0	0
87.921	0.011520	0	0
87.954	0.011251	0	0
87.987	0.010697	0	0
88.021	0.010524	0	0
88.054	0.010314	0	0
88.088	0.010261	0	0
88.121	0.010661	0	0
88.154	0.011062	0	0
88.188	0.010978	0	0
88.221	0.011033	0	0
88.254	0.011109	0	0
88.288	0.010883	0	0
88.321	0.010845	0	0
88.354	0.011197	0	0
88.388	0.011018	0	0
88.421	0.011099	0	0
88.455	0.010980	0	0
88.488	0.010782	0	0
88.521	0.010836	0	0
88.555	0.010721	0	0
88.588	0.010835	0	0
88.621	0.010855	0	0
88.655	0.011176	0	0
88.688	0.011181	0	0
88.721	0.011585	0	0
88.755	0.011729	0	0
88.788	0.011922	0	0
88.822	0.011492	0	0
88.855	0.011195	0	0
88.888	0.010709	0	0
88.922	0.010405	0	0
88.955	0.010190	0	0
88.988	0.010185	0	0
89.022	0.010269	0	0
89.055	0.010406	0	0
89.089	0.010807	0	0
89.122	0.011184	0	0
89.155	0.011843	0	0
89.189	0.012094	0	0
89.222	0.012247	0	0
89.255	0.011865	0	0
89.289	0.011874	0	0
89.322	0.011358	0	0
89.355	0.011041	0	0
89.389	0.010966	0	0
89.422	0.010673	0	0
89.456	0.010886	0	0
89.489	0.010991	0	0
89.522	0.011193	0	0
89.556	0.011510	0	0
89.589	0.011805	0	0
89.622	0.011267	0	0
89.656	0.011536	0	0
89.689	0.011676	0	0
89.722	0.011985	0	0
89.756	0.012356	0	0
89.789	0.012737	0	0
89.823	0.012376	0	0
89.856	0.012070	0	0
89.889	0.011648	0	0
89.923	0.011196	0	0
89.956	0.010655	0	0
89.989	0.010405	0	0
90.023	0.010553	0	0
90.056	0.010070	0	0
90.090	0.009867	0	0
90.123	0.010054	0	0
90.156	0.010108	0	0
90.190	0.009874	0	0
90.223	0.010545	0	0
90.256	0.011095	0	0
90.290	0.011473	0	0
90.323	0.011625	0	0
90.356	0.011947	0	0
90.390	0.012273	0	0
90.423	0.012310	0	0
90.457	0.012370	0	0
90.490	0.012431	0	0
90.523	0.012189	0	0
90.557	0.011570	0	0
90.590	0.011264	0	0
90.623	0.011044	0	0
90.657	0.010900	0	0
90.690	0.010681	0	0
90.723	0.010375	0	0
90.757	0.010229	0	0
90.790	0.010054	0	0
90.824	0.009974	0	0
90.857	0.010091	0	0
90.890	0.010467	0	0
90.924	0.010811	0	0
90.957	0.010937	0	0
90.990	0.011513	0	0
91.024	0.011519	0	0
91.057	0.011109	0	0
91.091	0.010765	0	0
91.124	0.010474	0	0
91.157	0.010486	0	0
91.191	0.010391	0	0
91.224	0.010464	0	0
91.257	0.011048	0	0
91.291	0.012064	0	0
91.324	0.011749	0	0
91.357	0.012279	0	0
91.391	0.013097	0	0
91.424	0.012571	0	0
91.458	0.012234	0	0
91.491	0.012618	0	0
91.524	0.011953	0	0
91.558	0.011971	0	0
91.591	0.012329	0	0
91.624	0.011957	0	0
91.658	0.011284	0	0
91.691	0.012038	0	0
91.724	0.011598	0	0
91.758	0.011551	0	0
91.791	0.012039	0	0
91.825	0.012530	0	0
91.858	0.012524	0	0
91.891	0.012888	0	0
91.925	0.013093	0	0
91.958	0.012979	0	0
91.991	0.013182	0	0
92.025	0.012758	0	0
92.058	0.011909	0	0
92.092	0.011660	0	0
92.125	0.011236	0	0
92.158	0.011334	0	0
92.192	0.011836	0	0
92.225	0.012299	0	0
92.258	0.012435	0	0
92.292	0.012763	0	0
92.325	0.012691	0	0
92.358	0.012604	0	0
92.392	0.012300	0	0
92.425	0.011654	0	0
92.459	0.011452	0	0
92.492	0.011133	0	0
92.525	0.010478	0	0
92.559	0.010942	0	0
92.592	0.011517	0	0
92.625	0.011405	0	0
92.659	0.011684	0	0
92.692	0.012619	0	0
92.725	0.016444	0	0
92.759	0.019958	0	0
92.792	0.022942	0	0
92.826	0.024983	0	0
92.859	0.026326	0	0
92.892	0.024084	1	0
92.926	0.021590	1	0
92.959	0.019470	1	0
92.992	0.018117	1	0
93.026	0.017118	0	0
93.059	0.015816	0	0
93.093	0.014957	0	0
93.126	0.014289	0	0
93.159	0.014111	0	0
93.193	0.013586	0	0
93.226	0.013436	0	0
93.259	0.013331	0	0
93.293	0.013734	0	0
93.326	0.012816	0	0
93.359	0.012795	0	0
93.393	0.013102	0	0
93.426	0.012966	0	0
93.460	0.012568	0	0
93.493	0.012800	0	0
93.526	0.012663	0	0
93.560	0.012622	0	0
93.593	0.012762	0	0
93.626	0.012921	0	0
93.660	0.013163	0	0
93.693	0.013299	0	0
93.726	0.012974	0	0
93.760	0.013455	0	0
93.793	0.013667	0	0
93.827	0.013551	0	0
93.860	0.013570	0	0
93.893	0.013022	0	0
93.927	0.012465	0	0
93.960	0.011929	0	0
93.993	0.012099	0	0
94.027	0.011906	0	0
94.060	0.012649	0	0
94.094	0.012307	0	0
94.127	0.012242	0	0
94.160	0.012157	0	0
94.194	0.012110	0	0
94.227	0.012045	0	0
94.260	0.013220	0	0
94.294	0.013452	0	0
94.327	0.013720	0	0
94.360	0.014179	0	0
94.394	0.014198	0	0
94.427	0.013302	0	0
94.461	0.013362	0	0
94.494	0.012515	0	0
94.527	0.012147	0	0
94.561	0.012158	0	0
94.594	0.012434	0	0
94.627	0.012354	0	0
94.661	0.012702	0	0
94.694	0.012722	0	0
94.727	0.012521	0	0
94.761	0.012615	0	0
94.794	0.012667	0	0
94.828	0.012691	0	0
94.861	0.012536	0	0
94.894	0.012101	0	0
94.928	0.011715	0	0
94.961	0.011514	0	0
94.994	0.011654	0	0
95.028	0.011539	0	0
95.061	0.011603	0	0
95.095	0.011376	0	0
95.128	0.011677	0	0
95.161	0.011504	0	0
95.195	0.012159	0	0
95.228	0.012503	0	0
95.261	0.012584	0	0
95.295	0.012353	0	0
95.328	0.012494	0	0
95.361	0.012101	0	0
95.395	0.011985	0	0
95.428	0.011790	0	0
95.462	0.011459	0	0
95.495	0.011209	0	0
95.528	0.010265	0	0
95.562	0.010295	0	0
95.595	0.010362	0	0
95.628	0.010903	0	0
95.662	0.011129	0	0
95.695	0.011956	0	0
95.728	0.011437	0	0
95.762	0.011789	0	0
95.795	0.011436	0	0
95.829	0.011302	0	0
95.862	0.011290	0	0
95.895	0.011707	0	0
95.929	0.011795	0	0
95.962	0.012224	0	0
95.995	0.011948	0	0
96.029	0.011349	0	0
96.062	0.011662	0	0
96.096	0.011196	0	0
96.129	0.010499	0	0
96.162	0.010880	0	0
96.196	0.011109	0	0
96.229	0.010819	0	0
96.262	0.011351	0	0
96.296	0.011964	0	0
96.329	0.011469	0	0
96.362	0.011722	0	0
96.396	0.011706	0	0
96.429	0.011589	0	0
96.463	0.011663	0	0
96.496	0.012410	0	0
96.529	0.012968	0	0
96.563	0.013201	0	0
96.596	0.013513	0	0
96.629	0.014095	0	0
96.663	0.013963	0	0
96.696	0.013707	0	0
96.729	0.013463	0	0
96.763	0.013278	0	0
96.796	0.012725	0	0
96.830	0.012582	0	0
96.863	0.012550	0	0
96.896	0.013378	0	0
96.930	0.012863	0	0
96.963	0.012708	0	0
96.996	0.013099	0	0
97.030	0.013216	0	0
97.063	0.012520	0	0
97.097	0.012979	0	0
97.130	0.013098	0	0
97.163	0.012800	0	0
97.197	0.012401	0	0
97.230	0.012466	0	0
97.263	0.012721	0	0
97.297	0.012664	0	0
97.330	0.012510	0	0
97.363	0.012600	0	0
97.397	0.012777	0	0
97.430	0.012452	0	0
97.464	0.012961	0	0
97.497	0.013222	0	0
97.530	0.013853	0	0
97.564	0.013656	0	0
97.597	0.013564	0	0
97.630	0.013724	0	0
97.664	0.013653	0	0
97.697	0.013263	0	0
97.730	0.013244	0	0
97.764	0.013215	0	0
97.797	0.012388	0	0
97.831	0.012123	0	0
97.864	0.012061	0	0
97.897	0.011948	0	0
97.931	0.012008	0	0
97.964	0.012572	0	0
97.997	0.012617	0	0
98.031	0.012569	0	0
98.064	0.012536	0	0
98.098	0.013938	0	0
98.131	0.017838	0	0
98.164	0.022029	0	0
98.198	0.024913	0	0
98.231	0.027266	0	0
98.264	0.028441	0	0
98.298	0.025233	0	0
98.331	0.022162	1	0
98.364	0.019911	1	0
98.398	0.019021	1	0
98.431	0.016776	0	0
98.465	0.015986	0	0
98.498	0.015293	0	0
98.531	0.014854	0	0
98.565	0.013990	0	0
98.598	0.014348	0	0
98.631	0.014313	0	0
98.665	0.014102	0	0
98.698	0.014545	0	0
98.731	0.014844	0	0
98.765	0.016970	0	0
98.798	0.023169	0	0
98.832	0.028730	0	0
98.865	0.032814	0	0
98.898	0.035400	0	0
98.932	0.035078	0	0
98.965	0.029917	0	0
98.998	0.024912	1	0
99.032	0.020725	1	0
99.065	0.017893	0	0
99.099	0.015657	0	0
99.132	0.014727	0	0
99.165	0.014325	0	0
99.199	0.014200	0	0
99.232	0.014284	0	0
99.265	0.014745	0	0
99.299	0.014736	0	0
99.332	0.014774	0	0
99.365	0.014738	0	0
99.399	0.014429	0	0
99.432	0.014413	0	0
99.466	0.015878	0	0
99.499	0.017993	0	0
99.532	0.020513	1	0
99.566	0.023060	1	0
99.599	0.024804	1	0
99.632	0.024712	1	0
99.666	0.023771	1	0
99.699	0.021700	1	0
99.732	0.019836	1	0
99.766	0.018152	1	0
99.799	0.017233	0	0
99.833	0.016459	0	0
99.866	0.015932	0	0
99.899	0.015224	0	0
99.933	0.015031	0	0
99.966	0.014622	0	0
99.999	0.014478	0	0
100.033	0.014497	0	0
100.066	0.015033	0	0
100.100	0.014877	0	0
100.133	0.014737	0	0
100.166	0.014745	0	0
100.200	0.014620	0	0
100.233	0.014205	0	0
100.266	0.013720	0	0
100.300	0.013424	0	0
100.333	0.013483	0	0
100.366	0.013380	0	0
100.400	0.012564	0	0
100.433	0.012240	0	0
100.467	0.012042	0	0
100.500	0.011222	0	0
100.533	0.011463	0	0
100.567	0.012136	0	0
100.600	0.013283	0	0
100.633	0.013370	0	0
100.667	0.013565	0	0
100.700	0.013081	0	0
100.733	0.012838	0	0
100.767	0.011945	0	0
100.800	0.012101	0	0
100.834	0.012108	0	0
100.867	0.013214	0	0
100.900	0.015340	0	0
100.934	0.018126	0	0
100.967	0.020425	0	0
101.000	0.022276	0	0
101.034	0.023157	0	0
101.067	0.023585	0	0
101.101	0.022358	1	0
101.134	0.021201	1	0
101.167	0.021099	1	0
101.201	0.020601	1	0
101.234	0.019649	1	0
101.267	0.019142	1	0
101.301	0.019444	1	0
101.334	0.018391	1	0
101.367	0.017496	0	0
101.401	0.016318	0	0
101.434	0.016598	0	0
101.468	0.015617	0	0
101.501	0.015047	0	0
101.534	0.015336	0	0
101.568	0.015743	0	0
101.601	0.014512	0	0
101.634	0.014395	0	0
101.668	0.014804	0	0
101.701	0.014488	0	0
101.734	0.014252	0	0
101.768	0.015373	0	0
101.801	0.015279	0	0
101.835	0.014951	0	0
101.868	0.015388	0	0
101.901	0.015151	0	0
101.935	0.014554	0	0
101.968	0.014529	0	0
102.001	0.014534	0	0
102.035	0.013781	0	0
102.068	0.013739	0	0
102.102	0.013611	0	0
102.135	0.013665	0	0
102.168	0.013643	0	0
102.202	0.013945	0	0
102.235	0.013585	0	0
102.268	0.013609	0	0
102.302	0.013616	0	0
102.335	0.013344	0	0
102.368	0.012660	0	0
102.402	0.012789	0	0
102.435	0.012260	0	0
102.469	0.011699	0	0
102.502	0.011758	0	0
102.535	0.011849	0	0
102.569	0.012078	0	0
102.602	0.012322	0	0
102.635	0.012313	0	0
102.669	0.012273	0	0
102.702	0.012376	0	0
102.735	0.012157	0	0
102.769	0.012225	0	0
102.802	0.012249	0	0
102.836	0.012483	0	0
102.869	0.012485	0	0
102.902	0.012639	0	0
102.936	0.012895	0	0
102.969	0.013012	0	0
103.002	0.012795	0	0
103.036	0.012428	0	0
103.069	0.011996	0	0
103.103	0.011463	0	0
103.136	0.011458	0	0
103.169	0.011182	0	0
103.203	0.011500	0	0
103.236	0.011612	0	0
103.269	0.011455	0	0
103.303	0.011287	0	0
103.336	0.011067	0	0
103.369	0.010364	0	0
103.403	0.009958	0	0
103.436	0.009657	0	0
103.470	0.009872	0	0
103.503	0.009906	0	0
103.536	0.010194	0	0
103.570	0.010805	0	0
103.603	0.011606	0	0
103.636	0.011762	0	0
103.670	0.012729	0	0
103.703	0.013516	0	0
103.736	0.013720	0	0
103.770	0.013590	0	0
103.803	0.013286	0	0
103.837	0.012612	0	0
103.870	0.012167	0	0
103.903	0.012114	0	0
103.937	0.011917	0	0
103.970	0.012292	0	0
104.003	0.012784	0	0
104.037	0.012871	0	0
104.070	0.012657	0	0
104.104	0.013144	0	0
104.137	0.013102	0	0
104.170	0.012641	0	0
104.204	0.013212	0	0
104.237	0.013307	0	0
104.270	0.013424	0	0
104.304	0.013633	0	0
104.337	0.014313	0	0
104.370	0.013764	0	0
104.404	0.013913	0	0
104.437	0.013497	0	0
104.471	0.013313	0	0
104.504	0.013011	0	0
104.537	0.013425	0	0
104.571	0.013329	0	0
104.604	0.014005	0	0
104.637	0.013755	0	0
104.671	0.013683	0	0
104.704	0.013880	0	0
104.737	0.014235	0	0
104.771	0.013640	0	0
104.804	0.013955	0	0
104.838	0.013975	0	0
104.871	0.013959	0	0
104.904	0.013953	0	0
104.938	0.014373	0	0
104.971	0.014526	0	0
105.004	0.014662	0	0
105.038	0.014484	0	0
105.071	0.015009	0	0
105.105	0.014659	0	0
105.138	0.014884	0	0
105.171	0.014787	0	0
105.205	0.014907	0	0
105.238	0.014635	0	0
105.271	0.014361	0	0
105.305	0.014333	0	0
105.338	0.014090	0	0
105.371	0.013850	0	0
105.405	0.013559	0	0
105.438	0.013997	0	0
105.472	0.013953	0	0
105.505	0.014720	0	0
105.538	0.015186	0	0
105.572	0.014758	0	0
105.605	0.015305	0	0
105.638	0.014967	0	0
105.672	0.014264	0	0
105.705	0.013749	0	0
105.738	0.013653	0	0
105.772	0.012771	0	0
105.805	0.012869	0	0
105.839	0.012548	0	0
105.872	0.012328	0	0
105.905	0.012192	0	0
105.939	0.012138	0	0
105.972	0.012013	0	0
106.005	0.012235	0	0
106.039	0.012539	0	0
106.072	0.012492	0	0
106.106	0.012887	0	0
106.139	0.012349	0	0
106.172	0.012493	0	0
106.206	0.012084	0	0
106.239	0.012817	0	0
106.272	0.012683	0	0
106.306	0.012936	0	0
106.339	0.012991	0	0
106.372	0.013408	0	0
106.406	0.012594	0	0
106.439	0.012575	0	0
106.473	0.012408	0	0
106.506	0.012445	0	0
106.539	0.012621	0	0
106.573	0.012952	0	0
106.606	0.012771	0	0
106.639	0.013417	0	0
106.673	0.013959	0	0
106.706	0.014320	0	0
106.739	0.014593	0	0
106.773	0.014445	0	0
106.806	0.014297	0	0
106.840	0.013250	0	0
106.873	0.012387	0	0
106.906	0.011981	0	0
106.940	0.012447	0	0
106.973	0.011988	0	0
107.006	0.012354	0	0
107.040	0.012770	0	0
107.073	0.013159	0	0
107.107	0.012895	0	0
107.140	0.013713	0	0
107.173	0.014133	0	0
107.207	0.013877	0	0
107.240	0.013824	0	0
107.273	0.013861	0	0
107.307	0.013691	0	0
107.340	0.014016	0	0
107.373	0.014564	0	0
107.407	0.014856	0	0
107.440	0.015681	0	0
107.474	0.016447	0	0
107.507	0.016565	0	0
107.540	0.016019	0	0
107.574	0.015757	0	0
107.607	0.014836	0	0
107.640	0.013700	0	0
107.674	0.012739	0	0
107.707	0.012915	0	0
107.740	0.012421	0	0
107.774	0.012397	0	0
107.807	0.012967	0	0
107.841	0.012844	0	0
107.874	0.012804	0	0
107.907	0.013058	0	0
107.941	0.012783	0	0
107.974	0.012469	0	0
108.007	0.013331	0	0
108.041	0.013150	0	0
108.074	0.012823	0	0
108.108	0.013469	0	0
108.141	0.013224	0	0
108.174	0.013108	0	0
108.208	0.013070	0	0
108.241	0.014275	0	0
108.274	0.014382	0	0
108.308	0.015037	0	0
108.341	0.014579	0	0
108.374	0.014900	0	0
108.408	0.014819	0	0
108.441	0.014676	0	0
108.475	0.013986	0	0
108.508	0.014152	0	0
108.541	0.013927	0	0
108.575	0.013728	0	0
108.608	0.013201	0	0
108.641	0.013122	0	0
108.675	0.013232	0	0
108.708	0.013138	0	0
108.741	0.012478	0	0
108.775	0.012737	0	0
108.808	0.013605	0	0
108.842	0.013543	0	0
108.875	0.013524	0	0
108.908	0.014337	0	0
108.942	0.014688	0	0
108.975	0.014050	0	0
109.008	0.014367	0	0
109.042	0.014634	0	0
109.075	0.014375	0	0
109.109	0.015074	0	0
109.142	0.015665	0	0
109.175	0.016051	0	0
109.209	0.016349	0	0
109.242	0.016369	0	0
109.275	0.016241	0	0
109.309	0.016551	0	0
109.342	0.016272	0	0
109.375	0.016469	0	0
109.409	0.016296	0	0
109.442	0.015513	0	0
109.476	0.014102	0	0
109.509	0.013429	0	0
109.542	0.012221	0	0
109.576	0.011882	0	0
109.609	0.011114	0	0
109.642	0.011321	0	0
109.676	0.011429	0	0
109.709	0.011873	0	0
109.742	0.012001	0	0
109.776	0.012175	0	0
109.809	0.012082	0	0
109.843	0.012207	0	0
109.876	0.012836	0	0
109.909	0.014187	0	0
109.943	0.016912	0	0
109.976	0.020601	0	0
110.009	0.023915	0	0
110.043	0.026452	0	0
110.076	0.027781	0	0
110.110	0.027917	0	0
110.143	0.026856	0	0
110.176	0.025278	0	0
110.210	0.024055	1	0
110.243	0.022891	1	0
110.276	0.021822	1	0
110.310	0.020502	1	0
110.343	0.019521	1	0
110.376	0.018319	1	0
110.410	0.017500	0	0
110.443	0.016977	0	0
110.477	0.016449	0	0
110.510	0.016116	0	0
110.543	0.015709	0	0
110.577	0.015231	0	0
110.610	0.015035	0	0
110.643	0.014958	0	0
110.677	0.015381	0	0
110.710	0.015689	0	0
110.743	0.016000	0	0
110.777	0.016111	0	0
110.810	0.016416	0	0
110.844	0.016116	0	0
110.877	0.016535	0	0
110.910	0.016794	0	0
110.944	0.017014	0	0
110.977	0.016542	0	0
111.010	0.016093	0	0
111.044	0.016461	0	0
111.077	0.017289	0	0
111.111	0.017968	0	0
111.144	0.018340	1	0
111.177	0.019566	1	0
111.211	0.019356	1	0
111.244	0.018723	1	0
111.277	0.017740	0	0
111.311	0.018211	1	0
111.344	0.017876	0	0
111.377	0.018602	1	0
111.411	0.019506	1	0
111.444	0.020279	1	0
111.478	0.020983	1	0
111.511	0.021581	1	0
111.544	0.021194	1	0
111.578	0.021180	1	0
111.611	0.021853	1	0
111.644	0.021181	1	0
111.678	0.020677	1	0
111.711	0.020736	1	0
111.744	0.023298	1	0
111.778	0.026488	0	0
111.811	0.029614	0	0
111.845	0.031214	0	0
111.878	0.031760	0	0
111.911	0.028561	0	0
111.945	0.023946	0	0
111.978	0.020265	0	0
112.011	0.017929	0	0
112.045	0.015766	0	0
112.078	0.014393	0	0
112.112	0.013980	0	0
112.145	0.013916	0	0
112.178	0.014434	0	0
112.212	0.015121	0	0
112.245	0.015187	0	0
112.278	0.015107	0	0
112.312	0.015012	0	0
112.345	0.014164	0	0
112.378	0.013911	0	0
112.412	0.014384	0	0
112.445	0.014673	0	0
112.479	0.014388	0	0
112.512	0.014717	0	0
112.545	0.015289	0	0
112.579	0.015630	0	0
112.612	0.016039	0	0
112.645	0.016618	0	0
112.679	0.017257	0	0
112.712	0.017186	0	0
112.745	0.016417	0	0
112.779	0.016579	0	0
112.812	0.016709	0	0
112.846	0.016454	0	0
112.879	0.016407	0	0
112.912	0.017374	0	0
112.946	0.016489	0	0
112.979	0.016590	0	0
113.012	0.015981	0	0
113.046	0.015604	0	0
113.079	0.014613	0	0
113.113	0.015278	0	0
113.146	0.014878	0	0
113.179	0.015096	0	0
113.213	0.015215	0	0
113.246	0.015752	0	0
113.279	0.015866	0	0
113.313	0.016296	0	0
113.346	0.016007	0	0
113.379	0.016495	0	0
113.413	0.016437	0	0
113.446	0.016051	0	0
113.480	0.015826	0	0
113.513	0.015960	0	0
113.546	0.015246	0	0
113.580	0.015298	0	0
113.613	0.015203	0	0
113.646	0.015098	0	0
113.680	0.015940	0	0
113.713	0.015933	0	0
113.746	0.016284	0	0
113.780	0.016288	0	0
113.813	0.016448	0	0
113.847	0.016609	0	0
113.880	0.016866	0	0
113.913	0.017205	0	0
113.947	0.017500	0	0
113.980	0.017889	0	0
114.013	0.017536	0	0
114.047	0.018173	1	0
114.080	0.017540	0	0
114.114	0.017414	0	0
114.147	0.017445	0	0
114.180	0.017548	0	0
114.214	0.017565	0	0
114.247	0.018116	1	0
114.280	0.018290	1	0
114.314	0.017909	0	0
114.347	0.017739	0	0
114.380	0.016617	0	0
114.414	0.016070	0	0
114.447	0.016040	0	0
114.481	0.016183	0	0
114.514	0.015713	0	0
114.547	0.016107	0	0
114.581	0.016236	0	0
114.614	0.016114	0	0
114.647	0.017041	0	0
114.681	0.020036	0	0
114.714	0.023035	0	0
114.747	0.024999	0	0
114.781	0.026111	0	0
114.814	0.026193	0	0
114.848	0.024037	1	0
114.881	0.021450	1	0
114.914	0.019298	1	0
114.948	0.018175	1	0
114.981	0.016908	0	0
115.014	0.015971	0	0
115.048	0.015816	0	0
115.081	0.015815	0	0
115.115	0.015881	0	0
115.148	0.015607	0	0
115.181	0.015088	0	0
115.215	0.014774	0	0
115.248	0.014397	0	0
115.281	0.013927	0	0
115.315	0.013515	0	0
115.348	0.013308	0	0
115.381	0.012783	0	0
115.415	0.012865	0	0
115.448	0.012605	0	0
115.482	0.013368	0	0
115.515	0.013933	0	0
115.548	0.014544	0	0
115.582	0.014776	0	0
115.615	0.015163	0	0
115.648	0.014264	0	0
115.682	0.014113	0	0
115.715	0.013651	0	0
115.748	0.012783	0	0
115.782	0.012478	0	0
115.815	0.012438	0	0
115.849	0.012379	0	0
115.882	0.012299	0	0
115.915	0.013146	0	0
115.949	0.013181	0	0
115.982	0.013988	0	0
116.015	0.014253	0	0
116.049	0.014366	0	0
116.082	0.014031	0	0
116.116	0.013953	0	0
116.149	0.013120	0	0
116.182	0.013179	0	0
116.216	0.013240	0	0
116.249	0.013295	0	0
116.282	0.013329	0	0
116.316	0.013540	0	0
116.349	0.013110	0	0
116.382	0.012984	0	0
116.416	0.013382	0	0
116.449	0.013297	0	0
116.483	0.013946	0	0
116.516	0.014002	0	0
116.549	0.013654	0	0
116.583	0.012760	0	0
116.616	0.013091	0	0
116.649	0.012199	0	0
116.683	0.012992	0	0
116.716	0.013586	0	0
116.749	0.014008	0	0
116.783	0.014012	0	0
116.816	0.014137	0	0
116.850	0.013933	0	0
116.883	0.013599	0	0
116.916	0.013673	0	0
116.950	0.012962	0	0
116.983	0.013234	0	0
117.016	0.012454	0	0
117.050	0.012431	0	0
117.083	0.012113	0	0
117.117	0.012314	0	0
117.150	0.012033	0	0
117.183	0.012803	0	0
117.217	0.012860	0	0
117.250	0.013480	0	0
117.283	0.013592	0	0
117.317	0.014154	0	0
117.350	0.013406	0	0
117.383	0.014067	0	0
117.417	0.013438	0	0
117.450	0.013119	0	0
117.484	0.013234	0	0
117.517	0.013127	0	0
117.550	0.011986	0	0
117.584	0.011833	0	0
117.617	0.012258	0	0
117.650	0.011559	0	0
117.684	0.012299	0	0
117.717	0.013103	0	0
117.750	0.013362	0	0
117.784	0.013535	0	0
117.817	0.013305	0	0
117.851	0.012849	0	0
117.884	0.012926	0	0
117.917	0.012745	0	0
117.951	0.012435	0	0
117.984	0.012808	0	0
118.017	0.013162	0	0
118.051	0.012862	0	0
118.084	0.013861	0	0
118.118	0.014541	0	0
118.151	0.014496	0	0
118.184	0.014278	0	0
118.218	0.014293	0	0
118.251	0.014334	0	0
118.284	0.013998	0	0
118.318	0.014925	0	0
118.351	0.014714	0	0
118.384	0.015216	0	0
118.418	0.014798	0	0
118.451	0.014800	0	0
118.485	0.014036	0	0
118.518	0.014225	0	0
118.551	0.013655	0	0
118.585	0.014042	0	0
118.618	0.013698	0	0
118.651	0.013357	0	0
118.685	0.013348	0	0
118.718	0.012902	0	0
118.751	0.011673	0	0
118.785	0.011628	0	0
118.818	0.011923	0	0
118.852	0.011573	0	0
118.885	0.011492	0	0
118.918	0.012045	0	0
118.952	0.012142	0	0
118.985	0.012080	0	0
119.018	0.012369	0	0
119.052	0.012807	0	0
119.085	0.012496	0	0
119.119	0.012379	0	0
119.152	0.012400	0	0
119.185	0.012400	0	0
119.219	0.012428	0	0
119.252	0.012716	0	0
119.285	0.012959	0	0
119.319	0.013227	0	0
119.352	0.013348	0	0
119.385	0.013400	0	0
119.419	0.013625	0	0
119.452	0.013614	0	0
119.486	0.013319	0	0
119.519	0.013131	0	0
119.552	0.013226	0	0
119.586	0.013071	0	0
119.619	0.013150	0	0
119.652	0.013054	0	0
119.686	0.013280	0	0
119.719	0.013260	0	0
119.752	0.013179	0	0
119.786	0.013115	0	0
119.819	0.013457	0	0
119.853	0.012882	0	0
119.886	0.012512	0	0
119.919	0.012186	0	0
119.953	0.012067	0	0
119.986	0.011870	0	0
120.019	0.012099	0	0
120.053	0.012791	0	0
120.086	0.012928	0	0
120.120	0.012909	0	0
120.153	0.013088	0	0
120.186	0.012968	0	0
120.220	0.012119	0	0
120.253	0.012741	0	0
120.286	0.013493	0	0
120.320	0.013189	0	0
120.353	0.013150	0	0
120.386	0.014010	0	0
120.420	0.013051	0	0
120.453	0.012115	0	0
120.487	0.012205	0	0
120.520	0.012184	0	0
120.553	0.011057	0	0
120.587	0.011052	0	0
120.620	0.011518	0	0
120.653	0.010872	0	0
120.687	0.010694	0	0
120.720	0.011810	0	0
120.753	0.012102	0	0
120.787	0.012297	0	0
120.820	0.012902	0	0
120.854	0.013375	0	0
120.887	0.012756	0	0
120.920	0.012667	0	0
120.954	0.011883	0	0
120.987	0.012106	0	0
121.020	0.012136	0	0
121.054	0.012557	0	0
121.087	0.012773	0	0
121.121	0.013259	0	0
121.154	0.012937	0	0
121.187	0.013341	0	0
121.221	0.013053	0	0
121.254	0.013244	0	0
121.287	0.013103	0	0
121.321	0.013229	0	0
121.354	0.012797	0	0
121.387	0.012703	0	0
121.421	0.012419	0	0
121.454	0.012735	0	0
121.488	0.012531	0	0
121.521	0.012760	0	0
121.554	0.012927	0	0
121.588	0.012927	0	0
121.621	0.012927	0	0