time	rmse	false positive	false negative
4.971	0.0059749	0	0
5.005	0.0059749	0	0
5.038	0.0059749	0	0
5.071	0.00615955	0	0
5.105	0.00659832	0	0
5.138	0.00645539	0	0
5.171	0.00628994	0	0
5.205	0.00604568	0	0
5.238	0.005816	0	0
5.271	0.00579115	0	0
5.305	0.00570927	0	0
5.338	0.00589459	0	0
5.372	0.00601358	0	0
5.405	0.00618531	0	0
5.438	0.00601831	0	0
5.472	0.00610566	0	0
5.505	0.00593611	0	0
5.538	0.00583269	0	0
5.572	0.00601293	0	0
5.605	0.00628106	0	0
5.638	0.00655554	0	0
5.672	0.00683928	0	0
5.705	0.00706321	0	0
5.739	0.00722207	0	0
5.772	0.00736845	0	0
5.805	0.00740475	0	0
5.839	0.00759479	0	0
5.872	0.00775677	0	0
5.905	0.00770435	0	0
5.939	0.00781616	0	0
5.972	0.00807081	0	0
6.006	0.00815536	0	0
6.039	0.00838176	0	0
6.072	0.00867011	0	0
6.106	0.00848078	0	0
6.139	0.00829732	0	0
6.172	0.00809618	0	0
6.206	0.007705	0	0
6.239	0.00716008	0	0
6.272	0.00696332	0	0
6.306	0.00664332	0	0
6.339	0.00643524	0	0
6.373	0.00635492	0	0
6.406	0.00639103	0	0
6.439	0.00633119	0	0
6.473	0.00634805	0	0
6.506	0.00622801	0	0
6.539	0.00623138	0	0
6.573	0.0062026	0	0
6.606	0.00632092	0	0
6.639	0.00630972	0	0
6.673	0.00652843	0	0
6.706	0.00655559	0	0
6.74	0.00663913	0	0
6.773	0.00659133	0	0
6.806	0.00659802	0	0
6.84	0.00654124	0	0
6.873	0.00654488	0	0
6.906	0.00653174	0	0
6.94	0.00656269	0	0
6.973	0.00664272	0	0
7.007	0.00660731	0	0
7.04	0.00658867	0	0
7.073	0.00665918	0	0
7.107	0.0066092	0	0
7.14	0.00667857	0	0
7.173	0.00671027	0	0
7.207	0.00682712	0	0
7.24	0.00680593	0	0
7.273	0.00707811	0	0
7.307	0.00703815	0	0
7.34	0.0072349	0	0
7.374	0.00754731	0	0
7.407	0.00780857	0	0
7.44	0.00793738	0	0
7.474	0.00823912	0	0
7.507	0.00804613	0	0
7.54	0.0077324	0	0
7.574	0.00759006	0	0
7.607	0.00862303	0	0
7.64	0.0106287	0	0
7.674	0.0131358	0	0
7.707	0.0157319	0	0
7.741	0.0181498	0	0
7.774	0.0195637	0	0
7.807	0.0204473	0	0
7.841	0.0213823	0	0
7.874	0.0222945	0	0
7.907	0.023342	0	0
7.941	0.0243375	0	0
7.974	0.0248997	0	0
8.008	0.0252767	0	0
8.041	0.0250681	0	0
8.074	0.0239971	0	0
8.108	0.0217819	0	0
8.141	0.0192638	0	0
8.174	0.0162439	0	0
8.208	0.0131403	0	0
8.241	0.0108244	0	0
8.274	0.00931941	0	0
8.308	0.00806286	0	0
8.341	0.00707719	0	0
8.375	0.00680016	0	0
8.408	0.00660164	0	0
8.441	0.00653607	0	0
8.475	0.00661212	0	0
8.508	0.00676442	0	0
8.541	0.00669516	0	0
8.575	0.0065807	0	0
8.608	0.00652852	0	0
8.641	0.00635054	0	0
8.675	0.00641615	0	0
8.708	0.00661203	0	0
8.742	0.00664778	0	0
8.775	0.0065854	0	0
8.808	0.00686695	0	0
8.842	0.00668883	0	0
8.875	0.00657533	0	0
8.908	0.00671623	0	0
8.942	0.00714473	0	0
8.975	0.00707787	0	0
9.009	0.00748971	0	0
9.042	0.00772416	0	0
9.075	0.00779778	0	0
9.109	0.00742367	0	0
9.142	0.00725646	0	0
9.175	0.00712615	0	0
9.209	0.00695068	0	0
9.242	0.00680771	0	0
9.275	0.00697868	0	0
9.309	0.00727274	0	0
9.342	0.00734013	0	0
9.376	0.00739132	0	0
9.409	0.00752721	0	0
9.442	0.00748142	0	0
9.476	0.00734669	0	0
9.509	0.00724073	0	0
9.542	0.00718108	0	0
9.576	0.00718265	0	0
9.609	0.00706773	0	0
9.642	0.00703445	0	0
9.676	0.00705982	0	0
9.709	0.00714468	0	0
9.743	0.00707227	0	0
9.776	0.00736446	0	0
9.809	0.00758704	0	0
9.843	0.00782728	0	0
9.876	0.00782188	0	0
9.909	0.00779329	0	0
9.943	0.00773403	0	0
9.976	0.00771008	0	0
10.01	0.00772203	0	0
10.043	0.00800764	0	0
10.076	0.00821591	0	0
10.11	0.00837498	0	0
10.143	0.00846924	0	0
10.176	0.00855889	0	0
10.21	0.00854266	0	0
10.243	0.00847004	0	0
10.276	0.00822254	0	0
10.31	0.00809448	0	0
10.343	0.00789441	0	0
10.377	0.00779733	0	0
10.41	0.00791194	0	0
10.443	0.00814936	0	0
10.477	0.00823553	0	0
10.51	0.00821536	0	0
10.543	0.00830314	0	0
10.577	0.00827105	0	0
10.61	0.00839781	0	0
10.643	0.00832754	0	0
10.677	0.00837354	0	0
10.71	0.00831241	0	0
10.744	0.0084357	0	0
10.777	0.00822027	0	0
10.81	0.00836974	0	0
10.844	0.00833828	0	0
10.877	0.00837743	0	0
10.91	0.00822266	0	0
10.944	0.00839353	0	0
10.977	0.00812955	0	0
11.011	0.0080115	0	0
11.044	0.00790169	0	0
11.077	0.00800223	0	0
11.111	0.00766806	0	0
11.144	0.00766031	0	0
11.177	0.00767271	0	0
11.211	0.00768615	0	0
11.244	0.00758942	0	0
11.277	0.00760232	0	0
11.311	0.00771969	0	0
11.344	0.00784189	0	0
11.378	0.00757067	0	0
11.411	0.00753933	0	0
11.444	0.00778195	0	0
11.478	0.00765303	0	0
11.511	0.00750835	0	0
11.544	0.00765885	0	0
11.578	0.00770954	0	0
11.611	0.00754556	0	0
11.644	0.00754656	0	0
11.678	0.0077737	0	0
11.711	0.00801861	0	0
11.745	0.00785285	0	0
11.778	0.00806963	0	0
11.811	0.00827219	0	0
11.845	0.00824252	0	0
11.878	0.00803391	0	0
11.911	0.00808546	0	0
11.945	0.00785806	0	0
11.978	0.00772209	0	0
12.012	0.00752873	0	0
12.045	0.00744415	0	0
12.078	0.00740546	0	0
12.112	0.00734661	0	0
12.145	0.00723759	0	0
12.178	0.00731908	0	0
12.212	0.00944593	0	0
12.245	0.0120114	0	0
12.278	0.0146232	0	0
12.312	0.0170994	0	0
12.345	0.0189836	0	0
12.379	0.018595	0	0
12.412	0.017302	0	0
12.445	0.0153036	0	0
12.479	0.0131561	0	0
12.512	0.0111675	0	0
12.545	0.00931226	0	0
12.579	0.00784986	0	0
12.612	0.00710972	0	0
12.645	0.00669598	0	0
12.679	0.00665508	0	0
12.712	0.00649415	0	0
12.746	0.00646247	0	0
12.779	0.00640227	0	0
12.812	0.00633471	0	0
12.846	0.00626922	0	0
12.879	0.00660557	0	0
12.912	0.00664876	0	0
12.946	0.00684255	0	0
12.979	0.00692115	0	0
13.013	0.00712427	0	0
13.046	0.00726715	0	0
13.079	0.00757001	0	0
13.113	0.00794302	0	0
13.146	0.00797054	0	0
13.179	0.00799276	0	0
13.213	0.00790172	0	0
13.246	0.00782204	0	0
13.279	0.00746225	0	0
13.313	0.00750389	0	0
13.346	0.00751789	0	0
13.38	0.00748268	0	0
13.413	0.00742033	0	0
13.446	0.0074485	0	0
13.48	0.00760885	0	0
13.513	0.00748458	0	0
13.546	0.00742909	0	0
13.58	0.00757927	0	0
13.613	0.00780445	0	0
13.646	0.00795791	0	0
13.68	0.00798486	0	0
13.713	0.0079807	0	0
13.747	0.00799196	0	0
13.78	0.00775276	0	0
13.813	0.00752705	0	0
13.847	0.00781224	0	0
13.88	0.00790742	0	0
13.913	0.00806376	0	0
13.947	0.00833932	0	0
13.98	0.00856902	0	0
14.014	0.00830593	0	0
14.047	0.00845184	0	0
14.08	0.00827696	0	0
14.114	0.00827395	0	0
14.147	0.00826945	0	0
14.18	0.00839975	0	0
14.214	0.00819729	0	0
14.247	0.00795739	0	0
14.28	0.00791781	0	0
14.314	0.00789913	0	0
14.347	0.00780913	0	0
14.381	0.007797	0	0
14.414	0.00796282	0	0
14.447	0.00792442	0	0
14.481	0.00785112	0	0
14.514	0.0078781	0	0
14.547	0.00792674	0	0
14.581	0.00806516	0	0
14.614	0.00818831	0	0
14.647	0.00819926	0	0
14.681	0.00831882	0	0
14.714	0.00845832	0	0
14.748	0.00830433	0	0
14.781	0.00819828	0	0
14.814	0.00804386	0	0
14.848	0.00803078	0	0
14.881	0.00797101	0	0
14.914	0.00805747	0	0
14.948	0.00798756	0	0
14.981	0.00795018	0	0
15.015	0.00761253	0	0
15.048	0.00747915	0	0
15.081	0.00732077	0	0
15.115	0.00723389	0	0
15.148	0.00715267	0	0
15.181	0.0073755	0	0
15.215	0.00737549	0	0
15.248	0.00733962	0	0
15.281	0.00715298	0	0
15.315	0.00713199	0	0
15.348	0.00718578	0	0
15.382	0.00723996	0	0
15.415	0.00740823	0	0
15.448	0.00746968	0	0
15.482	0.00757168	0	0
15.515	0.00738049	0	0
15.548	0.00717554	0	0
15.582	0.00712735	0	0
15.615	0.00724653	0	0
15.648	0.0071989	0	0
15.682	0.00730096	0	0
15.715	0.00740397	0	0
15.749	0.00747238	0	0
15.782	0.00736057	0	0
15.815	0.00742496	0	0
15.849	0.00725083	0	0
15.882	0.00739166	0	0
15.915	0.00725651	0	0
15.949	0.00727802	0	0
15.982	0.00723575	0	0
16.016	0.00730613	0	0
16.049	0.00748232	0	0
16.082	0.00732837	0	0
16.116	0.00731024	0	0
16.149	0.00717979	0	0
16.182	0.007314	0	0
16.216	0.00709709	0	0
16.249	0.00719563	0	0
16.282	0.00721492	0	0
16.316	0.00749644	0	0
16.349	0.00757759	0	0
16.383	0.0075101	0	0
16.416	0.00764271	0	0
16.449	0.00766327	0	0
16.483	0.00743118	0	0
16.516	0.00718837	0	0
16.549	0.00717816	0	0
16.583	0.00719624	0	0
16.616	0.00710515	0	0
16.649	0.00720207	0	0
16.683	0.00711765	0	0
16.716	0.00826125	0	0
16.75	0.0106034	0	0
16.783	0.0132311	0	0
16.816	0.0161574	0	0
16.85	0.0188233	0	0
16.883	0.0196615	0	0
16.916	0.0188591	0	0
16.95	0.0177156	0	0
16.983	0.01563	0	0
17.017	0.0134541	0	0
17.05	0.0115208	0	0
17.083	0.0097207	0	0
17.117	0.00811447	0	0
17.15	0.00692146	0	0
17.183	0.00639487	0	0
17.217	0.00609707	0	0
17.25	0.00590843	0	0
17.283	0.00590953	0	0
17.317	0.00616155	0	0
17.35	0.00620751	0	0
17.384	0.00644955	0	0
17.417	0.00671069	0	0
17.45	0.00657989	0	0
17.484	0.00650254	0	0
17.517	0.00655114	0	0
17.55	0.00639873	0	0
17.584	0.00622486	0	0
17.617	0.00640273	0	0
17.65	0.00657578	0	0
17.684	0.00663715	0	0
17.717	0.0066796	0	0
17.751	0.00687252	0	0
17.784	0.00692254	0	0
17.817	0.00676649	0	0
17.851	0.00672685	0	0
17.884	0.0068105	0	0
17.917	0.00703853	0	0
17.951	0.00715346	0	0
17.984	0.00725428	0	0
18.018	0.00722459	0	0
18.051	0.00732	0	0
18.084	0.00704876	0	0
18.118	0.00717878	0	0
18.151	0.00718402	0	0
18.184	0.00722639	0	0
18.218	0.00709169	0	0
18.251	0.00717729	0	0
18.284	0.00695564	0	0
18.318	0.00689475	0	0
18.351	0.00682211	0	0
18.385	0.00686369	0	0
18.418	0.00682185	0	0
18.451	0.00700505	0	0
18.485	0.0070015	0	0
18.518	0.00698439	0	0
18.551	0.00689556	0	0
18.585	0.00700157	0	0
18.618	0.00690471	0	0
18.651	0.00692986	0	0
18.685	0.00709281	0	0
18.718	0.00710429	0	0
18.752	0.00704958	0	0
18.785	0.00708523	0	0
18.818	0.00717311	0	0
18.852	0.00687059	0	0
18.885	0.00706446	0	0
18.918	0.00709645	0	0
18.952	0.00702927	0	0
18.985	0.00699566	0	0
19.019	0.00719768	0	0
19.052	0.00705325	0	0
19.085	0.00691327	0	0
19.119	0.00689595	0	0
19.152	0.00687409	0	0
19.185	0.00684531	0	0
19.219	0.00682559	0	0
19.252	0.00686293	0	0
19.285	0.00687811	0	0
19.319	0.00697292	0	0
19.352	0.00712492	0	0
19.386	0.00713698	0	0
19.419	0.00716349	0	0
19.452	0.00727219	0	0
19.486	0.00709735	0	0
19.519	0.00700864	0	0
19.552	0.00699635	0	0
19.586	0.00699654	0	0
19.619	0.00681263	0	0
19.652	0.00686949	0	0
19.686	0.00696259	0	0
19.719	0.00701426	0	0
19.753	0.00703582	0	0
19.786	0.00704662	0	0
19.819	0.00701871	0	0
19.853	0.00692427	0	0
19.886	0.00704237	0	0
19.919	0.0071867	0	0
19.953	0.00727131	0	0
19.986	0.00723405	0	0
20.02	0.00718586	0	0
20.053	0.00696459	0	0
20.086	0.00680653	0	0
20.12	0.00671904	0	0
20.153	0.00685029	0	0
20.186	0.0068562	0	0
20.22	0.00689268	0	0
20.253	0.00689753	0	0
20.286	0.00694431	0	0
20.32	0.00693749	0	0
20.353	0.00701588	0	0
20.387	0.00709111	0	0
20.42	0.00716298	0	0
20.453	0.00730543	0	0
20.487	0.00754546	0	0
20.52	0.00754196	0	0
20.553	0.00768432	0	0
20.587	0.00756269	0	0
20.62	0.00755037	0	0
20.653	0.00736778	0	0
20.687	0.00736002	0	0
20.72	0.00728024	0	0
20.754	0.00740332	0	0
20.787	0.00722362	0	0
20.82	0.00704552	0	0
20.854	0.00693326	0	0
20.887	0.00696403	0	0
20.92	0.00680977	0	0
20.954	0.00678165	0	0
20.987	0.00697171	0	0
21.021	0.00703387	0	0
21.054	0.00706281	0	0
21.087	0.00711603	0	0
21.121	0.00723177	0	0
21.154	0.00693714	0	0
21.187	0.00847683	0	0
21.221	0.0107182	0	0
21.254	0.0132919	0	0
21.287	0.0163783	0	0
21.321	0.0200035	0	0
21.354	0.0221441	0	0
21.388	0.0235378	0	0
21.421	0.0248633	0	0
21.454	0.0256126	0	0
21.488	0.026022	0	0
21.521	0.0258489	0	0
21.554	0.0244379	0	0
21.588	0.0220804	0	0
21.621	0.0193437	0	0
21.654	0.0162776	0	0
21.688	0.0130331	0	0
21.721	0.0106713	0	0
21.755	0.00899054	0	0
21.788	0.00767488	0	0
21.821	0.00688063	0	0
21.855	0.00662977	0	0
21.888	0.0066998	0	0
21.921	0.00703313	0	0
21.955	0.00716679	0	0
21.988	0.00712263	0	0
22.022	0.00710128	0	0
22.055	0.00704778	0	0
22.088	0.00676991	0	0
22.122	0.00691904	0	0
22.155	0.00706152	0	0
22.188	0.00709453	0	0
22.222	0.00705558	0	0
22.255	0.00717799	0	0
22.288	0.00712163	0	0
22.322	0.00699832	0	0
22.355	0.0072386	0	0
22.389	0.00796508	0	0
22.422	0.00871245	0	0
22.455	0.00980423	0	0
22.489	0.010869	0	0
22.522	0.0116846	0	0
22.555	0.0121405	1	0
22.589	0.0124923	1	0
22.622	0.0124525	1	0
22.655	0.0115168	0	0
22.689	0.0106498	0	0
22.722	0.00966435	0	0
22.756	0.00864386	0	0
22.789	0.00757749	0	0
22.822	0.00760916	0	0
22.856	0.00758153	0	0
22.889	0.00754169	0	0
22.922	0.00759368	0	0
22.956	0.00797565	0	0
22.989	0.00829711	0	0
23.023	0.00886514	0	0
23.056	0.00945518	0	0
23.089	0.0099461	0	0
23.123	0.0102247	0	0
23.156	0.010457	0	0
23.189	0.0109952	0	0
23.223	0.0117059	0	0
23.256	0.0125356	1	0
23.289	0.0134111	1	0
23.323	0.0142409	1	0
23.356	0.0146856	1	0
23.39	0.0150011	1	0
23.423	0.015416	1	0
23.456	0.015445	1	0
23.49	0.0155569	1	0
23.523	0.0156519	1	0
23.556	0.0153936	1	0
23.59	0.0152543	1	0
23.623	0.0149633	1	0
23.656	0.0137587	1	0
23.69	0.0123703	1	0
23.723	0.0114668	0	0
23.757	0.0101663	0	0
23.79	0.00928344	0	0
23.823	0.00921106	0	0
23.857	0.00920136	0	0
23.89	0.00891013	0	0
23.923	0.00885698	0	0
23.957	0.00886936	0	0
23.99	0.00886057	0	0
24.024	0.00839177	0	0
24.057	0.0101111	0	0
24.09	0.0121597	0	0
24.124	0.0134613	0	0
24.157	0.0144857	0	0
24.19	0.0149544	0	0
24.224	0.0127739	0	0
24.257	0.0102613	0	0
24.29	0.008514	0	0
24.324	0.00727355	0	0
24.357	0.00696484	0	0
24.391	0.00734344	0	0
24.424	0.00760024	0	0
24.457	0.00784479	0	0
24.491	0.00798809	0	0
24.524	0.00812151	0	0
24.557	0.00823193	0	0
24.591	0.00835992	0	0
24.624	0.00847324	0	0
24.657	0.0084961	0	0
24.691	0.00877113	0	0
24.724	0.00879937	0	0
24.758	0.00913494	0	0
24.791	0.00934565	0	0
24.824	0.00952818	0	0
24.858	0.00977914	0	0
24.891	0.0100393	0	0
24.924	0.010016	0	0
24.958	0.0101865	0	0
24.991	0.0103382	0	0
25.025	0.0101682	0	0
25.058	0.0101725	0	0
25.091	0.00995104	0	0
25.125	0.00967546	0	0
25.158	0.00957157	0	0
25.191	0.0094994	0	0
25.225	0.00903468	0	0
25.258	0.00886151	0	0
25.291	0.00855605	0	0
25.325	0.00832458	0	0
25.358	0.00803324	0	0
25.392	0.00807498	0	0
25.425	0.00806436	0	0
25.458	0.00817068	0	0
25.492	0.00822956	0	0
25.525	0.00821083	0	0
25.558	0.00824983	0	0
25.592	0.0082349	0	0
25.625	0.00831965	0	0
25.658	0.00821399	0	0
25.692	0.00820455	0	0
25.725	0.00836744	0	0
25.759	0.00853572	0	0
25.792	0.00860816	0	0
25.825	0.00861724	0	0
25.859	0.00906342	0	0
25.892	0.00888974	0	0
25.925	0.00899386	0	0
25.959	0.00908152	0	0
25.992	0.00924524	0	0
26.026	0.00885049	0	0
26.059	0.0087276	0	0
26.092	0.00847279	0	0
26.126	0.00852566	0	0
26.159	0.0085071	0	0
26.192	0.00864735	0	0
26.226	0.00896183	0	0
26.259	0.00917542	0	0
26.292	0.00888782	0	0
26.326	0.00893396	0	0
26.359	0.00880098	0	0
26.393	0.00891694	0	0
26.426	0.00896234	0	0
26.459	0.00902755	0	0
26.493	0.00898492	0	0
26.526	0.00921726	0	0
26.559	0.00925726	0	0
26.593	0.00923514	0	0
26.626	0.0094068	0	0
26.659	0.00942678	0	0
26.693	0.00938731	0	0
26.726	0.00926605	0	0
26.76	0.00934588	0	0
26.793	0.00931832	0	0
26.826	0.00941982	0	0
26.86	0.00936333	0	0
26.893	0.00933363	0	0
26.926	0.00929775	0	0
26.96	0.00900152	0	0
26.993	0.00889432	0	0
27.027	0.00840566	0	0
27.06	0.00970825	0	0
27.093	0.0116045	0	0
27.127	0.0135685	0	0
27.16	0.0149255	0	0
27.193	0.0168647	0	0
27.227	0.0162672	0	0
27.26	0.0143819	0	0
27.293	0.012294	0	0
27.327	0.0104774	0	0
27.36	0.00848625	0	0
27.394	0.00728565	0	0
27.427	0.00684567	0	0
27.46	0.00683898	0	0
27.494	0.00696912	0	0
27.527	0.00720969	0	0
27.56	0.0073063	0	0
27.594	0.00752613	0	0
27.627	0.00769813	0	0
27.66	0.00788606	0	0
27.694	0.00822731	0	0
27.727	0.00845175	0	0
27.761	0.00846461	0	0
27.794	0.00849719	0	0
27.827	0.00855036	0	0
27.861	0.00832136	0	0
27.894	0.00837052	0	0
27.927	0.00838697	0	0
27.961	0.00841551	0	0
27.994	0.00837882	0	0
28.028	0.00837363	0	0
28.061	0.00829292	0	0
28.094	0.00824125	0	0
28.128	0.00819665	0	0
28.161	0.00848889	0	0
28.194	0.00864333	0	0
28.228	0.0087492	0	0
28.261	0.00877124	0	0
28.294	0.00870363	0	0
28.328	0.00840975	0	0
28.361	0.00815624	0	0
28.395	0.00798372	0	0
28.428	0.00811336	0	0
28.461	0.00812948	0	0
28.495	0.00815151	0	0
28.528	0.00840915	0	0
28.561	0.00842073	0	0
28.595	0.00842356	0	0
28.628	0.00838695	0	0
28.661	0.00831564	0	0
28.695	0.00849756	0	0
28.728	0.00851999	0	0
28.762	0.00857626	0	0
28.795	0.00883971	0	0
28.828	0.00880323	0	0
28.862	0.00852501	0	0
28.895	0.00872083	0	0
28.928	0.00856717	0	0
28.962	0.00829417	0	0
28.995	0.00834731	0	0
29.029	0.00827041	0	0
29.062	0.0081093	0	0
29.095	0.00809779	0	0
29.129	0.00804242	0	0
29.162	0.00794141	0	0
29.195	0.00788966	0	0
29.229	0.00775012	0	0
29.262	0.00775515	0	0
29.295	0.00790565	0	0
29.329	0.00821259	0	0
29.362	0.00822387	0	0
29.396	0.00828535	0	0
29.429	0.00836068	0	0
29.462	0.00833293	0	0
29.496	0.00814469	0	0
29.529	0.00824639	0	0
29.562	0.00839958	0	0
29.596	0.00811121	0	0
29.629	0.00820169	0	0
29.662	0.00822546	0	0
29.696	0.00809624	0	0
29.729	0.00813813	0	0
29.763	0.00822969	0	0
29.796	0.00812355	0	0
29.829	0.00814961	0	0
29.863	0.00834312	0	0
29.896	0.00815212	0	0
29.929	0.00829755	0	0
29.963	0.00841927	0	0
29.996	0.0082542	0	0
30.03	0.00808986	0	0
30.063	0.00808876	0	0
30.096	0.00805188	0	0
30.13	0.00798363	0	0
30.163	0.00803825	0	0
30.196	0.0081296	0	0
30.23	0.00820286	0	0
30.263	0.00803582	0	0
30.296	0.00788696	0	0
30.33	0.00789951	0	0
30.363	0.00790893	0	0
30.397	0.00800052	0	0
30.43	0.00799166	0	0
30.463	0.0080054	0	0
30.497	0.00794736	0	0
30.53	0.0078555	0	0
30.563	0.00772947	0	0
30.597	0.00776006	0	0
30.63	0.00779144	0	0
30.663	0.00797298	0	0
30.697	0.00822787	0	0
30.73	0.00812302	0	0
30.764	0.00794228	0	0
30.797	0.00905856	0	0
30.83	0.0106495	0	0
30.864	0.0128283	0	0
30.897	0.0155009	0	0
30.93	0.0184853	0	0
30.964	0.0199555	0	0
30.997	0.0199689	0	0
31.031	0.0188739	0	0
31.064	0.0173495	0	0
31.097	0.0150176	0	0
31.131	0.0124446	0	0
31.164	0.0104059	0	0
31.197	0.0090972	0	0
31.231	0.00781729	0	0
31.264	0.0069405	0	0
31.297	0.00659828	0	0
31.331	0.00651339	0	0
31.364	0.00613267	0	0
31.398	0.00601261	0	0
31.431	0.00622664	0	0
31.464	0.00647655	0	0
31.498	0.00678199	0	0
31.531	0.00698704	0	0
31.564	0.0071991	0	0
31.598	0.00744574	0	0
31.631	0.00745864	0	0
31.664	0.00746991	0	0
31.698	0.00764336	0	0
31.731	0.00776673	0	0
31.765	0.00773223	0	0
31.798	0.00792858	0	0
31.831	0.00794319	0	0
31.865	0.00797029	0	0
31.898	0.00794715	0	0
31.931	0.0079409	0	0
31.965	0.00753224	0	0
31.998	0.00749305	0	0
32.032	0.00747463	0	0
32.065	0.0073652	0	0
32.098	0.00724845	0	0
32.132	0.00746095	0	0
32.165	0.00736878	0	0
32.198	0.00706674	0	0
32.232	0.00710689	0	0
32.265	0.00721921	0	0
32.298	0.00731246	0	0
32.332	0.00729852	0	0
32.365	0.00737271	0	0
32.399	0.00736425	0	0
32.432	0.00725607	0	0
32.465	0.00713243	0	0
32.499	0.00734215	0	0
32.532	0.00756423	0	0
32.565	0.00775474	0	0
32.599	0.00816036	0	0
32.632	0.00866346	0	0
32.665	0.00884876	0	0
32.699	0.00928476	0	0
32.732	0.00946261	0	0
32.766	0.00946954	0	0
32.799	0.00949591	0	0
32.832	0.00964737	0	0
32.866	0.00955038	0	0
32.899	0.00957977	0	0
32.932	0.00971867	0	0
32.966	0.00964858	0	0
32.999	0.00958952	0	0
33.033	0.00954501	0	0
33.066	0.00966046	0	0
33.099	0.00944422	0	0
33.133	0.00966533	0	0
33.166	0.0103585	0	0
33.199	0.0111014	0	0
33.233	0.0117817	0	0
33.266	0.012643	1	0
33.299	0.0132204	1	0
33.333	0.0133774	1	0
33.366	0.0135444	1	0
33.4	0.0136199	1	0
33.433	0.0139667	1	0
33.466	0.0130881	1	0
33.5	0.0118579	0	0
33.533	0.0105968	0	0
33.566	0.00923274	0	0
33.6	0.00768761	0	0
33.633	0.0072995	0	0
33.666	0.0072857	0	0
33.7	0.00702872	0	0
33.733	0.00708243	0	0
33.767	0.00705842	0	0
33.8	0.0070031	0	0
33.833	0.00675239	0	0
33.867	0.00690356	0	0
33.9	0.0068949	0	0
33.933	0.00711404	0	0
33.967	0.00725985	0	0
34	0.00736188	0	0
34.034	0.00731494	0	0
34.067	0.00726942	0	0
34.1	0.00711384	0	0
34.134	0.00706101	0	0
34.167	0.00735807	0	0
34.2	0.00740441	0	0
34.234	0.00742263	0	0
34.267	0.00728426	0	0
34.3	0.00952235	0	0
34.334	0.0118508	0	0
34.367	0.0138827	0	0
34.401	0.0156271	0	0
34.434	0.0173564	0	0
34.467	0.0162624	0	0
34.501	0.0142216	0	0
34.534	0.0123123	0	0
34.567	0.0104151	0	0
34.601	0.0085668	0	0
34.634	0.00722682	0	0
34.667	0.00642661	0	0
34.701	0.00616937	0	0
34.734	0.00617407	0	0
34.768	0.00612452	0	0
34.801	0.00613401	0	0
34.834	0.00631402	0	0
34.868	0.00630917	0	0
34.901	0.00636892	0	0
34.934	0.00645004	0	0
34.968	0.00633667	0	0
35.001	0.00628452	0	0
35.035	0.006199	0	0
35.068	0.00609163	0	0
35.101	0.00606115	0	0
35.135	0.0061246	0	0
35.168	0.00607735	0	0
35.201	0.00621976	0	0
35.235	0.00637095	0	0
35.268	0.00642116	0	0
35.301	0.00656625	0	0
35.335	0.00691308	0	0
35.368	0.00684109	0	0
35.402	0.0068088	0	0
35.435	0.00692694	0	0
35.468	0.00698475	0	0
35.502	0.0068367	0	0
35.535	0.00693067	0	0
35.568	0.00698622	0	0
35.602	0.00702762	0	0
35.635	0.00696903	0	0
35.668	0.00690935	0	0
35.702	0.00691174	0	0
35.735	0.00696077	0	0
35.769	0.0068589	0	0
35.802	0.00686665	0	0
35.835	0.00707305	0	0
35.869	0.00708556	0	0
35.902	0.00689041	0	0
35.935	0.00700634	0	0
35.969	0.0070067	0	0
36.002	0.00681661	0	0
36.036	0.00680678	0	0
36.069	0.0068639	0	0
36.102	0.00682023	0	0
36.136	0.00690427	0	0
36.169	0.00680994	0	0
36.202	0.0068887	0	0
36.236	0.00703224	0	0
36.269	0.00700804	0	0
36.302	0.00697411	0	0
36.336	0.00711735	0	0
36.369	0.00703656	0	0
36.403	0.00696331	0	0
36.436	0.00685517	0	0
36.469	0.00692121	0	0
36.503	0.00695025	0	0
36.536	0.00700084	0	0
36.569	0.00719477	0	0
36.603	0.0074417	0	0
36.636	0.00736606	0	0
36.669	0.00726827	0	0
36.703	0.00721117	0	0
36.736	0.00696371	0	0
36.77	0.006873	0	0
36.803	0.0068885	0	0
36.836	0.00717175	0	0
36.87	0.00735556	0	0
36.903	0.00745369	0	0
36.936	0.00750953	0	0
36.97	0.00753821	0	0
37.003	0.00722125	0	0
37.037	0.00715824	0	0
37.07	0.00720575	0	0
37.103	0.00720296	0	0
37.137	0.00724279	0	0
37.17	0.00723705	0	0
37.203	0.00722812	0	0
37.237	0.00731545	0	0
37.27	0.00733159	0	0
37.303	0.00736383	0	0
37.337	0.00731628	0	0
37.37	0.0073131	0	0
37.404	0.00700153	0	0
37.437	0.00687652	0	0
37.47	0.00670922	0	0
37.504	0.0068327	0	0
37.537	0.00682168	0	0
37.57	0.0070795	0	0
37.604	0.00719132	0	0
37.637	0.00710915	0	0
37.67	0.00709344	0	0
37.704	0.00675368	0	0
37.737	0.0082429	0	0
37.771	0.0106273	0	0
37.804	0.0130359	0	0
37.837	0.0155816	0	0
37.871	0.0179327	0	0
37.904	0.0180903	0	0
37.937	0.0172978	0	0
37.971	0.0160802	0	0
38.004	0.0141461	0	0
38.038	0.0120551	0	0
38.071	0.0101869	0	0
38.104	0.00839993	0	0
38.138	0.00722562	0	0
38.171	0.00646035	0	0
38.204	0.00640421	0	0
38.238	0.00653461	0	0
38.271	0.00657376	0	0
38.304	0.00673563	0	0
38.338	0.00697709	0	0
38.371	0.00694116	0	0
38.405	0.00703447	0	0
38.438	0.00708802	0	0
38.471	0.00716003	0	0
38.505	0.00714233	0	0
38.538	0.00731203	0	0
38.571	0.00731675	0	0
38.605	0.0074094	0	0
38.638	0.00741848	0	0
38.671	0.00745492	0	0
38.705	0.0074036	0	0
38.738	0.00737402	0	0
38.772	0.00728067	0	0
38.805	0.00717181	0	0
38.838	0.00703111	0	0
38.872	0.00703994	0	0
38.905	0.0070246	0	0
38.938	0.00712556	0	0
38.972	0.00704695	0	0
39.005	0.00714028	0	0
39.039	0.00728772	0	0
39.072	0.00745526	0	0
39.105	0.00739735	0	0
39.139	0.00753517	0	0
39.172	0.00767444	0	0
39.205	0.00741566	0	0
39.239	0.00730151	0	0
39.272	0.00756717	0	0
39.305	0.00753678	0	0
39.339	0.00761336	0	0
39.372	0.00771973	0	0
39.406	0.00767785	0	0
39.439	0.0075063	0	0
39.472	0.00749902	0	0
39.506	0.00747347	0	0
39.539	0.00755504	0	0
39.572	0.00763223	0	0
39.606	0.00748161	0	0
39.639	0.00744144	0	0
39.672	0.00731244	0	0
39.706	0.00719178	0	0
39.739	0.00719004	0	0
39.773	0.00738934	0	0
39.806	0.00753027	0	0
39.839	0.00757038	0	0
39.873	0.00758195	0	0
39.906	0.00730248	0	0
39.939	0.00820305	0	0
39.973	0.00952535	0	0
40.006	0.0105817	0	0
40.04	0.0111323	0	0
40.073	0.0115426	0	0
40.106	0.0104512	0	0
40.14	0.00876366	0	0
40.173	0.00748822	0	0
40.206	0.00677435	0	0
40.24	0.00639194	0	0
40.273	0.00628493	0	0
40.306	0.00645521	0	0
40.34	0.00639279	0	0
40.373	0.00646006	0	0
40.407	0.00653296	0	0
40.44	0.00659133	0	0
40.473	0.00646821	0	0
40.507	0.00668028	0	0
40.54	0.00668528	0	0
40.573	0.00694285	0	0
40.607	0.00705926	0	0
40.64	0.00746073	0	0
40.673	0.00758188	0	0
40.707	0.00779133	0	0
40.74	0.00768676	0	0
40.774	0.00772418	0	0
40.807	0.00752002	0	0
40.84	0.0072778	0	0
40.874	0.00726083	0	0
40.907	0.0071815	0	0
40.94	0.00711027	0	0
40.974	0.00711349	0	0
41.007	0.00721448	0	0
41.041	0.00712673	0	0
41.074	0.0071009	0	0
41.107	0.00718387	0	0
41.141	0.0071309	0	0
41.174	0.00709455	0	0
41.207	0.00727723	0	0
41.241	0.00738392	0	0
41.274	0.00720944	0	0
41.307	0.00734389	0	0
41.341	0.00727722	0	0
41.374	0.00712261	0	0
41.408	0.00691428	0	0
41.441	0.00700359	0	0
41.474	0.00693459	0	0
41.508	0.00703527	0	0
41.541	0.00696902	0	0
41.574	0.00709432	0	0
41.608	0.00704063	0	0
41.641	0.00684763	0	0
41.674	0.00692851	0	0
41.708	0.00703276	0	0
41.741	0.00712513	0	0
41.775	0.00729849	0	0
41.808	0.00740736	0	0
41.841	0.00864178	0	0
41.875	0.0109753	0	0
41.908	0.0128626	0	0
41.941	0.01448	0	0
41.975	0.0157325	0	0
42.008	0.0150489	0	0
42.042	0.0127362	0	0
42.075	0.010627	0	0
42.108	0.00864585	0	0
42.142	0.00730649	0	0
42.175	0.00652983	0	0
42.208	0.0063963	0	0
42.242	0.00659668	0	0
42.275	0.00693278	0	0
42.308	0.00716525	0	0
42.342	0.00727779	0	0
42.375	0.00738139	0	0
42.409	0.00750133	0	0
42.442	0.00757999	0	0
42.475	0.00772335	0	0
42.509	0.00793234	0	0
42.542	0.00794157	0	0
42.575	0.0079305	0	0
42.609	0.00795767	0	0
42.642	0.00796627	0	0
42.675	0.00809388	0	0
42.709	0.00832962	0	0
42.742	0.00857686	0	0
42.776	0.00855788	0	0
42.809	0.00863788	0	0
42.842	0.00853155	0	0
42.876	0.00847959	0	0
42.909	0.00804078	0	0
42.942	0.00791282	0	0
42.976	0.0076642	0	0
43.009	0.00756093	0	0
43.043	0.00744995	0	0
43.076	0.00756346	0	0
43.109	0.007502	0	0
43.143	0.00740943	0	0
43.176	0.00728011	0	0
43.209	0.00715419	0	0
43.243	0.0070427	0	0
43.276	0.00698483	0	0
43.309	0.00688372	0	0
43.343	0.00696679	0	0
43.376	0.00705373	0	0
43.41	0.00703885	0	0
43.443	0.0072324	0	0
43.476	0.00727909	0	0
43.51	0.00726178	0	0
43.543	0.00713394	0	0
43.576	0.00706785	0	0
43.61	0.00695282	0	0
43.643	0.00705017	0	0
43.676	0.00695297	0	0
43.71	0.00705142	0	0
43.743	0.00715785	0	0
43.777	0.00723129	0	0
43.81	0.00708365	0	0
43.843	0.00706587	0	0
43.877	0.00697867	0	0
43.91	0.00706485	0	0
43.943	0.00709908	0	0
43.977	0.00714873	0	0
44.01	0.00740286	0	0
44.044	0.00765039	0	0
44.077	0.00745028	0	0
44.11	0.00723066	0	0
44.144	0.00716932	0	0
44.177	0.0069471	0	0
44.21	0.00672416	0	0
44.244	0.0069865	0	0
44.277	0.00714761	0	0
44.31	0.0074117	0	0
44.344	0.00736125	0	0
44.377	0.00750036	0	0
44.411	0.007255	0	0
44.444	0.00722999	0	0
44.477	0.00705563	0	0
44.511	0.00710557	0	0
44.544	0.00695866	0	0
44.577	0.00698209	0	0
44.611	0.00683395	0	0
44.644	0.00685047	0	0
44.677	0.00676807	0	0
44.711	0.00699334	0	0
44.744	0.00693322	0	0
44.778	0.00698991	0	0
44.811	0.00703355	0	0
44.844	0.00720049	0	0
44.878	0.00701072	0	0
44.911	0.00699191	0	0
44.944	0.00816226	0	0
44.978	0.0103675	0	0
45.011	0.0126492	0	0
45.045	0.014768	0	0
45.078	0.0168578	0	0
45.111	0.0175356	0	0
45.145	0.0170967	0	0
45.178	0.0158404	0	0
45.211	0.0142766	0	0
45.245	0.0122751	0	0
45.278	0.0102981	0	0
45.311	0.00838835	0	0
45.345	0.00716193	0	0
45.378	0.00638567	0	0
45.412	0.00617748	0	0
45.445	0.00629704	0	0
45.478	0.00611871	0	0
45.512	0.00605228	0	0
45.545	0.00610927	0	0
45.578	0.00607106	0	0
45.612	0.00603175	0	0
45.645	0.00626828	0	0
45.678	0.00645086	0	0
45.712	0.00651644	0	0
45.745	0.00663309	0	0
45.779	0.00653579	0	0
45.812	0.00638309	0	0
45.845	0.00627545	0	0
45.879	0.00631984	0	0
45.912	0.00635298	0	0
45.945	0.00653437	0	0
45.979	0.00660378	0	0
46.012	0.00664342	0	0
46.046	0.00637204	0	0
46.079	0.00643047	0	0
46.112	0.00640167	0	0
46.146	0.00630337	0	0
46.179	0.00629749	0	0
46.212	0.00651236	0	0
46.246	0.00632982	0	0
46.279	0.00608057	0	0
46.312	0.00607299	0	0
46.346	0.0061355	0	0
46.379	0.0060812	0	0
46.413	0.00622556	0	0
46.446	0.00641489	0	0
46.479	0.0062918	0	0
46.513	0.00631442	0	0
46.546	0.00637299	0	0
46.579	0.00641504	0	0
46.613	0.00634934	0	0
46.646	0.00647827	0	0
46.679	0.00641138	0	0
46.713	0.0062248	0	0
46.746	0.00613615	0	0
46.78	0.00610493	0	0
46.813	0.00631756	0	0
46.846	0.00618847	0	0
46.88	0.00657083	0	0
46.913	0.00671242	0	0
46.946	0.00682283	0	0
46.98	0.00672031	0	0
47.013	0.00691773	0	0
47.047	0.00663112	0	0
47.08	0.00655385	0	0
47.113	0.00646827	0	0
47.147	0.00648832	0	0
47.18	0.00628539	0	0
47.213	0.00610657	0	0
47.247	0.00595935	0	0
47.28	0.00610249	0	0
47.313	0.00596202	0	0
47.347	0.00587577	0	0
47.38	0.00606847	0	0
47.414	0.00611372	0	0
47.447	0.0059662	0	0
47.48	0.00618204	0	0
47.514	0.00627046	0	0
47.547	0.006209	0	0
47.58	0.00622662	0	0
47.614	0.00631745	0	0
47.647	0.00629256	0	0
47.68	0.00638469	0	0
47.714	0.00644846	0	0
47.747	0.00654542	0	0
47.781	0.00657972	0	0
47.814	0.00643657	0	0
47.847	0.00649008	0	0
47.881	0.00638472	0	0
47.914	0.00628015	0	0
47.947	0.00616898	0	0
47.981	0.0061582	0	0
48.014	0.00606905	0	0
48.048	0.00611495	0	0
48.081	0.00600702	0	0
48.114	0.00602873	0	0
48.148	0.00588416	0	0
48.181	0.00581685	0	0
48.214	0.00602082	0	0
48.248	0.00594899	0	0
48.281	0.00579307	0	0
48.314	0.00626382	0	0
48.348	0.00815048	0	0
48.381	0.010565	0	0
48.415	0.0131159	0	0
48.448	0.0155612	0	0
48.481	0.0174193	0	0
48.515	0.017453	0	0
48.548	0.0167713	0	0
48.581	0.0158363	0	0
48.615	0.0144726	0	0
48.648	0.0127474	0	0
48.681	0.0111197	0	0
48.715	0.00936853	0	0
48.748	0.00800412	0	0
48.782	0.0070002	0	0
48.815	0.00660563	0	0
48.848	0.00632704	0	0
48.882	0.00629417	0	0
48.915	0.00629109	0	0
48.948	0.00634312	0	0
48.982	0.00624836	0	0
49.015	0.00631769	0	0
49.049	0.00622142	0	0
49.082	0.00616322	0	0
49.115	0.0060961	0	0
49.149	0.00617754	0	0
49.182	0.00613261	0	0
49.215	0.00617259	0	0
49.249	0.00628842	0	0
49.282	0.00644338	0	0
49.315	0.00643197	0	0
49.349	0.00659481	0	0
49.382	0.00655625	0	0
49.416	0.00634211	0	0
49.449	0.00632971	0	0
49.482	0.00632892	0	0
49.516	0.0063596	0	0
49.549	0.00637621	0	0
49.582	0.00660775	0	0
49.616	0.00670805	0	0
49.649	0.00663444	0	0
49.682	0.00644006	0	0
49.716	0.00641848	0	0
49.749	0.00621296	0	0
49.783	0.0059606	0	0
49.816	0.00602932	0	0
49.849	0.00615068	0	0
49.883	0.0061951	0	0
49.916	0.00616699	0	0
49.949	0.00624759	0	0
49.983	0.00614357	0	0
50.016	0.00612573	0	0
50.05	0.00619663	0	0
50.083	0.00630089	0	0
50.116	0.00643708	0	0
50.15	0.00658663	0	0
50.183	0.00655572	0	0
50.216	0.00654295	0	0
50.25	0.00667361	0	0
50.283	0.00656911	0	0
50.316	0.00657205	0	0
50.35	0.00661832	0	0
50.383	0.00660024	0	0
50.417	0.00660039	0	0
50.45	0.00677304	0	0
50.483	0.00704392	0	0
50.517	0.00701973	0	0
50.55	0.00686656	0	0
50.583	0.00672939	0	0
50.617	0.00655102	0	0
50.65	0.00630562	0	0
50.683	0.00636963	0	0
50.717	0.00641677	0	0
50.75	0.00642059	0	0
50.784	0.00652309	0	0
50.817	0.00637794	0	0
50.85	0.00638587	0	0
50.884	0.00651475	0	0
50.917	0.00659312	0	0
50.95	0.00650554	0	0
50.984	0.00683879	0	0
51.017	0.00673573	0	0
51.051	0.00672476	0	0
51.084	0.00674032	0	0
51.117	0.00685872	0	0
51.151	0.00650853	0	0
51.184	0.00654091	0	0
51.217	0.0065246	0	0
51.251	0.00667864	0	0
51.284	0.0067021	0	0
51.317	0.00697545	0	0
51.351	0.00707459	0	0
51.384	0.00690251	0	0
51.418	0.00680235	0	0
51.451	0.00683705	0	0
51.484	0.00671922	0	0
51.518	0.0066225	0	0
51.551	0.00681523	0	0
51.584	0.00672349	0	0
51.618	0.00659364	0	0
51.651	0.00658034	0	0
51.684	0.00782119	0	0
51.718	0.0101532	0	0
51.751	0.0126056	0	0
51.785	0.0151794	0	0
51.818	0.0180214	0	0
51.851	0.0190586	0	0
51.885	0.0185711	0	0
51.918	0.0178286	0	0
51.951	0.0165587	0	0
51.985	0.0146717	0	0
52.018	0.0127046	0	0
52.052	0.010738	0	0
52.085	0.00895866	0	0
52.118	0.00750544	0	0
52.152	0.0066283	0	0
52.185	0.00625467	0	0
52.218	0.00624892	0	0
52.252	0.00624745	0	0
52.285	0.00645155	0	0
52.318	0.0063758	0	0
52.352	0.00640132	0	0
52.385	0.00643978	0	0
52.419	0.00647533	0	0
52.452	0.00639778	0	0
52.485	0.00633293	0	0
52.519	0.00634958	0	0
52.552	0.00642506	0	0
52.585	0.00633167	0	0
52.619	0.00636633	0	0
52.652	0.00639303	0	0
52.685	0.00637657	0	0
52.719	0.00645852	0	0
52.752	0.00657369	0	0
52.786	0.00650439	0	0
52.819	0.00649828	0	0
52.852	0.00647516	0	0
52.886	0.00634069	0	0
52.919	0.00620669	0	0
52.952	0.00624115	0	0
52.986	0.00632943	0	0
53.019	0.0063956	0	0
53.053	0.00657807	0	0
53.086	0.00671651	0	0
53.119	0.00689827	0	0
53.153	0.00687989	0	0
53.186	0.00677164	0	0
53.219	0.00660507	0	0
53.253	0.00661468	0	0
53.286	0.00648827	0	0
53.319	0.00649776	0	0
53.353	0.00652222	0	0
53.386	0.00646924	0	0
53.42	0.00653642	0	0
53.453	0.00656771	0	0
53.486	0.006643	0	0
53.52	0.00670939	0	0
53.553	0.00685303	0	0
53.586	0.00658236	0	0
53.62	0.00644551	0	0
53.653	0.00628349	0	0
53.686	0.00622916	0	0
53.72	0.00615797	0	0
53.753	0.00643672	0	0
53.787	0.00641054	0	0
53.82	0.00645451	0	0
53.853	0.00665374	0	0
53.887	0.00660563	0	0
53.92	0.00660682	0	0
53.953	0.00671842	0	0
53.987	0.00678157	0	0
54.02	0.00656946	0	0
54.054	0.00668599	0	0
54.087	0.00660611	0	0
54.12	0.00649061	0	0
54.154	0.00653017	0	0
54.187	0.00655316	0	0
54.22	0.00648934	0	0
54.254	0.00646074	0	0
54.287	0.00654668	0	0
54.32	0.00648635	0	0
54.354	0.00662661	0	0
54.387	0.00666462	0	0
54.421	0.00674626	0	0
54.454	0.0068858	0	0
54.487	0.00668237	0	0
54.521	0.00671422	0	0
54.554	0.00672032	0	0
54.587	0.00672292	0	0
54.621	0.00665149	0	0
54.654	0.00696774	0	0
54.687	0.00683007	0	0
54.721	0.00674711	0	0
54.754	0.00673123	0	0
54.788	0.00655627	0	0
54.821	0.00644565	0	0
54.854	0.00640528	0	0
54.888	0.0065651	0	0
54.921	0.00652672	0	0
54.954	0.00672434	0	0
54.988	0.00670089	0	0
55.021	0.00675412	0	0
55.055	0.00671198	0	0
55.088	0.00668066	0	0
55.121	0.00658538	0	0
55.155	0.00659425	0	0
55.188	0.00663006	0	0
55.221	0.00740298	0	0
55.255	0.00922407	0	0
55.288	0.0106428	0	0
55.321	0.0127878	0	0
55.355	0.0152583	0	0
55.388	0.0163683	0	0
55.422	0.0164688	0	0
55.455	0.0162641	0	0
55.488	0.0145689	0	0
55.522	0.0121394	0	0
55.555	0.00997805	0	0
55.588	0.00794007	0	0
55.622	0.00662748	0	0
55.655	0.00611508	0	0
55.688	0.00591747	0	0
55.722	0.00606889	0	0
55.755	0.00633156	0	0
55.789	0.00650197	0	0
55.822	0.00651347	0	0
55.855	0.00690768	0	0
55.889	0.00697608	0	0
55.922	0.00693398	0	0
55.955	0.00706443	0	0
55.989	0.00720504	0	0
56.022	0.00695124	0	0
56.056	0.00709557	0	0
56.089	0.00707494	0	0
56.122	0.00681101	0	0
56.156	0.00663693	0	0
56.189	0.00686642	0	0
56.222	0.00673726	0	0
56.256	0.00687709	0	0
56.289	0.00703829	0	0
56.322	0.00714584	0	0
56.356	0.00702848	0	0
56.389	0.00704133	0	0
56.423	0.00691492	0	0
56.456	0.00671328	0	0
56.489	0.006682	0	0
56.523	0.00662076	0	0
56.556	0.00655595	0	0
56.589	0.00665743	0	0
56.623	0.00669491	0	0
56.656	0.00677938	0	0
56.689	0.00680102	0	0
56.723	0.00699489	0	0
56.756	0.00691645	0	0
56.79	0.00714713	0	0
56.823	0.0070533	0	0
56.856	0.00706603	0	0
56.89	0.00702341	0	0
56.923	0.0070593	0	0
56.956	0.00691947	0	0
56.99	0.00697059	0	0
57.023	0.00693065	0	0
57.057	0.00683721	0	0
57.09	0.00680962	0	0
57.123	0.00678572	0	0
57.157	0.00662269	0	0
57.19	0.00649348	0	0
57.223	0.00637956	0	0
57.257	0.00637369	0	0
57.29	0.00641234	0	0
57.323	0.00652879	0	0
57.357	0.00656966	0	0
57.39	0.00656659	0	0
57.424	0.00641562	0	0
57.457	0.00634546	0	0
57.49	0.00624544	0	0
57.524	0.00632005	0	0
57.557	0.00629611	0	0
57.59	0.00639546	0	0
57.624	0.0064549	0	0
57.657	0.0064531	0	0
57.69	0.00638667	0	0
57.724	0.00629062	0	0
57.757	0.00615492	0	0
57.791	0.00598713	0	0
57.824	0.00599282	0	0
57.857	0.00585732	0	0
57.891	0.00599251	0	0
57.924	0.00603741	0	0
57.957	0.00604529	0	0
57.991	0.00600111	0	0
58.024	0.00613897	0	0
58.058	0.0060782	0	0
58.091	0.00605112	0	0
58.124	0.00620922	0	0
58.158	0.00632147	0	0
58.191	0.00621963	0	0
58.224	0.00633073	0	0
58.258	0.00649562	0	0
58.291	0.00648871	0	0
58.324	0.00650165	0	0
58.358	0.00658929	0	0
58.391	0.006375	0	0
58.425	0.00625892	0	0
58.458	0.00621399	0	0
58.491	0.00639693	0	0
58.525	0.00654658	0	0
58.558	0.00668602	0	0
58.591	0.00685183	0	0
58.625	0.00693776	0	0
58.658	0.0067031	0	0
58.691	0.00661373	0	0
58.725	0.00656241	0	0
58.758	0.00641884	0	0
58.792	0.00614043	0	0
58.825	0.00617068	0	0
58.858	0.00621478	0	0
58.892	0.00639061	0	0
58.925	0.00626014	0	0
58.958	0.00660761	0	0
58.992	0.00828291	0	0
59.025	0.0106111	0	0
59.059	0.0129235	0	0
59.092	0.0151025	0	0
59.125	0.017071	0	0
59.159	0.0170019	0	0
59.192	0.0156232	0	0
59.225	0.01376	0	0
59.259	0.0118466	0	0
59.292	0.00969877	0	0
59.325	0.00809502	0	0
59.359	0.00710121	0	0
59.392	0.00649248	0	0
59.426	0.00631619	0	0
59.459	0.00620002	0	0
59.492	0.0061624	0	0
59.526	0.00612606	0	0
59.559	0.00623527	0	0
59.592	0.00634257	0	0
59.626	0.0065795	0	0
59.659	0.00665671	0	0
59.692	0.00677149	0	0
59.726	0.00675776	0	0
59.759	0.00669376	0	0
59.793	0.00649705	0	0
59.826	0.00646304	0	0
59.859	0.00632364	0	0
59.893	0.00637386	0	0
59.926	0.00623667	0	0
59.959	0.00620891	0	0
59.993	0.00607313	0	0
60.026	0.00610927	0	0
60.06	0.00780137	0	0
60.093	0.0101361	0	0
60.126	0.0122842	0	0
60.16	0.0140738	0	0
60.193	0.01508	0	0
60.226	0.0138628	0	0
60.26	0.0119734	0	0
60.293	0.0100257	0	0
60.326	0.00836726	0	0
60.36	0.00741176	0	0
60.393	0.006841	0	0
60.427	0.00650427	0	0
60.46	0.00642956	0	0
60.493	0.00627808	0	0
60.527	0.00604196	0	0
60.56	0.00605272	0	0
60.593	0.00600733	0	0
60.627	0.00591427	0	0
60.66	0.00606342	0	0
60.693	0.00602291	0	0
60.727	0.00596683	0	0
60.76	0.00585737	0	0
60.794	0.00577613	0	0
60.827	0.00577714	0	0
60.86	0.00599164	0	0
60.894	0.00606632	0	0
60.927	0.00613924	0	0
60.96	0.0063476	0	0
60.994	0.00620371	0	0
61.027	0.0061521	0	0
61.061	0.00606026	0	0
61.094	0.00619071	0	0
61.127	0.00621263	0	0
61.161	0.00646669	0	0
61.194	0.00642285	0	0
61.227	0.00656112	0	0
61.261	0.00651425	0	0
61.294	0.00632667	0	0
61.327	0.00619756	0	0
61.361	0.00618856	0	0
61.394	0.00607973	0	0
61.428	0.0059123	0	0
61.461	0.0059669	0	0
61.494	0.00587834	0	0
61.528	0.00597606	0	0
61.561	0.0058894	0	0
61.594	0.00618501	0	0
61.628	0.00618353	0	0
61.661	0.00638878	0	0
61.694	0.0062093	0	0
61.728	0.00634089	0	0
61.761	0.00622291	0	0
61.795	0.00631183	0	0
61.828	0.0062861	0	0
61.861	0.00639835	0	0
61.895	0.0064503	0	0
61.928	0.00656483	0	0
61.961	0.00632994	0	0
61.995	0.0063021	0	0
62.028	0.00639016	0	0
62.062	0.0064435	0	0
62.095	0.00640293	0	0
62.128	0.00673647	0	0
62.162	0.00685627	0	0
62.195	0.00681743	0	0
62.228	0.00661149	0	0
62.262	0.00653741	0	0
62.295	0.00636022	0	0
62.328	0.00619405	0	0
62.362	0.00633087	0	0
62.395	0.0063339	0	0
62.429	0.00637413	0	0
62.462	0.00651257	0	0
62.495	0.00656133	0	0
62.529	0.0064966	0	0
62.562	0.00659339	0	0
62.595	0.00853084	0	0
62.629	0.0107233	0	0
62.662	0.012556	0	0
62.695	0.0143809	0	0
62.729	0.0159268	0	0
62.762	0.0148652	0	0
62.796	0.012859	0	0
62.829	0.0110538	0	0
62.862	0.00917821	0	0
62.896	0.0076331	0	0
62.929	0.00659981	0	0
62.962	0.00628895	0	0
62.996	0.00614148	0	0
63.029	0.0062139	0	0
63.063	0.00617725	0	0
63.096	0.00632352	0	0
63.129	0.00638353	0	0
63.163	0.00632488	0	0
63.196	0.00624435	0	0
63.229	0.0061251	0	0
63.263	0.00605719	0	0
63.296	0.00602901	0	0
63.329	0.00619395	0	0
63.363	0.00632381	0	0
63.396	0.00630904	0	0
63.43	0.00634066	0	0
63.463	0.00645518	0	0
63.496	0.00652193	0	0
63.53	0.00646193	0	0
63.563	0.00673469	0	0
63.596	0.00685744	0	0
63.63	0.00669415	0	0
63.663	0.00655823	0	0
63.696	0.00645432	0	0
63.73	0.00635674	0	0
63.763	0.00615182	0	0
63.797	0.00622227	0	0
63.83	0.00633073	0	0
63.863	0.00635736	0	0
63.897	0.00633918	0	0
63.93	0.00668122	0	0
63.963	0.00668048	0	0
63.997	0.00667518	0	0
64.03	0.0068043	0	0
64.064	0.00703446	0	0
64.097	0.00680069	0	0
64.13	0.00688227	0	0
64.164	0.00688732	0	0
64.197	0.00681214	0	0
64.23	0.00670781	0	0
64.264	0.00673959	0	0
64.297	0.00667394	0	0
64.33	0.00673433	0	0
64.364	0.00684825	0	0
64.397	0.00666526	0	0
64.431	0.00678532	0	0
64.464	0.00695667	0	0
64.497	0.00691211	0	0
64.531	0.00692237	0	0
64.564	0.00695477	0	0
64.597	0.00685093	0	0
64.631	0.00664466	0	0
64.664	0.0067062	0	0
64.697	0.0065791	0	0
64.731	0.00679169	0	0
64.764	0.00682473	0	0
64.798	0.00691883	0	0
64.831	0.00696002	0	0
64.864	0.00683045	0	0
64.898	0.00678563	0	0
64.931	0.00681933	0	0
64.964	0.00669494	0	0
64.998	0.0065581	0	0
65.031	0.00657868	0	0
65.065	0.0064984	0	0
65.098	0.00636337	0	0
65.131	0.00649574	0	0
65.165	0.00641938	0	0
65.198	0.00638673	0	0
65.231	0.00625845	0	0
65.265	0.00625138	0	0
65.298	0.00610635	0	0
65.331	0.00630784	0	0
65.365	0.00638484	0	0
65.398	0.00645325	0	0
65.432	0.00754152	0	0
65.465	0.00980532	0	0
65.498	0.0121865	0	0
65.532	0.0145419	0	0
65.565	0.0165755	0	0
65.598	0.0172915	0	0
65.632	0.0164033	0	0
65.665	0.0145608	0	0
65.698	0.012498	0	0
65.732	0.0105735	0	0
65.765	0.00875544	0	0
65.799	0.00751542	0	0
65.832	0.00675368	0	0
65.865	0.00648051	0	0
65.899	0.00641884	0	0
65.932	0.00633545	0	0
65.965	0.00637988	0	0
65.999	0.00644485	0	0
66.032	0.00645556	0	0
66.066	0.00642057	0	0
66.099	0.00642991	0	0
66.132	0.00636996	0	0
66.166	0.0063089	0	0
66.199	0.0062964	0	0
66.232	0.00639529	0	0
66.266	0.00663062	0	0
66.299	0.00649488	0	0
66.332	0.00650221	0	0
66.366	0.00643921	0	0
66.399	0.00624375	0	0
66.433	0.00611474	0	0
66.466	0.00610668	0	0
66.499	0.00621312	0	0
66.533	0.00643009	0	0
66.566	0.0065056	0	0
66.599	0.00649836	0	0
66.633	0.00657206	0	0
66.666	0.00653003	0	0
66.699	0.00642521	0	0
66.733	0.00644159	0	0
66.766	0.00660753	0	0
66.8	0.0064876	0	0
66.833	0.00645097	0	0
66.866	0.00644013	0	0
66.9	0.00647031	0	0
66.933	0.0062726	0	0
66.966	0.00643262	0	0
67	0.00642465	0	0
67.033	0.00639717	0	0
67.067	0.00633057	0	0
67.1	0.00626935	0	0
67.133	0.00615488	0	0
67.167	0.00616204	0	0
67.2	0.00604454	0	0
67.233	0.00605749	0	0
67.267	0.00611101	0	0
67.3	0.00615159	0	0
67.333	0.00614871	0	0
67.367	0.00613926	0	0
67.4	0.00607324	0	0
67.434	0.00601037	0	0
67.467	0.00598323	0	0
67.5	0.00592083	0	0
67.534	0.00603454	0	0
67.567	0.00609594	0	0
67.6	0.00624011	0	0
67.634	0.0063538	0	0
67.667	0.00629047	0	0
67.7	0.00620443	0	0
67.734	0.00627229	0	0
67.767	0.00631505	0	0
67.801	0.0065047	0	0
67.834	0.00675261	0	0
67.867	0.00684021	0	0
67.901	0.00656656	0	0
67.934	0.00648501	0	0
67.967	0.00630661	0	0
68.001	0.00629589	0	0
68.034	0.00634917	0	0
68.068	0.00652869	0	0
68.101	0.00637351	0	0
68.134	0.00643499	0	0
68.168	0.00624439	0	0
68.201	0.00617657	0	0
68.234	0.00617667	0	0
68.268	0.00780966	0	0
68.301	0.0108047	0	0
68.334	0.0142603	0	0
68.368	0.0180052	0	0
68.401	0.0215642	0	0
68.435	0.0228477	0	0
68.468	0.0217216	0	0
68.501	0.0200729	0	0
68.535	0.0179067	0	0
68.568	0.0153193	0	0
68.601	0.0127609	0	0
68.635	0.0108581	0	0
68.668	0.0092012	0	0
68.701	0.00762722	0	0
68.735	0.00665694	0	0
68.768	0.00642822	0	0
68.802	0.00622673	0	0
68.835	0.00613789	0	0
68.868	0.00606637	0	0
68.902	0.00611351	0	0
68.935	0.00608734	0	0
68.968	0.00622649	0	0
69.002	0.00628624	0	0
69.035	0.00643523	0	0
69.069	0.00643343	0	0
69.102	0.00668334	0	0
69.135	0.00667054	0	0
69.169	0.00653872	0	0
69.202	0.00644004	0	0
69.235	0.00645363	0	0
69.269	0.00631068	0	0
69.302	0.00627471	0	0
69.335	0.00646128	0	0
69.369	0.00640637	0	0
69.402	0.00636746	0	0
69.436	0.00639514	0	0
69.469	0.00651223	0	0
69.502	0.00651145	0	0
69.536	0.0066771	0	0
69.569	0.00678176	0	0
69.602	0.00677278	0	0
69.636	0.00681436	0	0
69.669	0.00684238	0	0
69.702	0.0067296	0	0
69.736	0.00674178	0	0
69.769	0.00675445	0	0
69.803	0.00663188	0	0
69.836	0.00663114	0	0
69.869	0.00678162	0	0
69.903	0.0066751	0	0
69.936	0.00671504	0	0
69.969	0.00661857	0	0
70.003	0.00646239	0	0
70.036	0.00632387	0	0
70.07	0.00641413	0	0
70.103	0.0063813	0	0
70.136	0.00643651	0	0
70.17	0.00648804	0	0
70.203	0.0064159	0	0
70.236	0.0062762	0	0
70.27	0.00622888	0	0
70.303	0.00617584	0	0
70.336	0.00625413	0	0
70.37	0.00643399	0	0
70.403	0.00654268	0	0
70.437	0.00653461	0	0
70.47	0.00663015	0	0
70.503	0.00658867	0	0
70.537	0.00647245	0	0
70.57	0.00639129	0	0
70.603	0.0064112	0	0
70.637	0.0065359	0	0
70.67	0.00664609	0	0
70.703	0.00675179	0	0
70.737	0.00675081	0	0
70.77	0.00682552	0	0
70.804	0.0067508	0	0
70.837	0.00655637	0	0
70.87	0.00651086	0	0
70.904	0.00651861	0	0
70.937	0.0064947	0	0
70.97	0.00645289	0	0
71.004	0.00649628	0	0
71.037	0.00647673	0	0
71.071	0.00653291	0	0
71.104	0.0063976	0	0
71.137	0.00635504	0	0
71.171	0.00636222	0	0
71.204	0.00631693	0	0
71.237	0.00629047	0	0
71.271	0.00640732	0	0
71.304	0.00637095	0	0
71.337	0.00636758	0	0
71.371	0.00637129	0	0
71.404	0.00645692	0	0
71.438	0.00629354	0	0
71.471	0.00645564	0	0
71.504	0.00646688	0	0
71.538	0.00646149	0	0
71.571	0.0063654	0	0
71.604	0.00634398	0	0
71.638	0.00629161	0	0
71.671	0.00638465	0	0
71.704	0.00640958	0	0
71.738	0.00643974	0	0
71.771	0.00650781	0	0
71.805	0.00640099	0	0
71.838	0.00687853	0	0
71.871	0.00920576	0	0
71.905	0.0117588	0	0
71.938	0.0146048	0	0
71.971	0.0176975	0	0
72.005	0.0201855	0	0
72.038	0.0207398	0	0
72.072	0.0203542	0	0
72.105	0.0193285	0	0
72.138	0.0181851	0	0
72.172	0.0162565	0	0
72.205	0.0141412	0	0
72.238	0.012083	0	0
72.272	0.0104638	0	0
72.305	0.00851513	0	0
72.338	0.00724664	0	0
72.372	0.0063355	0	0
72.405	0.00615607	0	0
72.439	0.00592532	0	0
72.472	0.00585749	0	0
72.505	0.00580075	0	0
72.539	0.00605547	0	0
72.572	0.00604849	0	0
72.605	0.00620827	0	0
72.639	0.00610399	0	0
72.672	0.00628958	0	0
72.705	0.00624659	0	0
72.739	0.00635852	0	0
72.772	0.00619738	0	0
72.806	0.00640485	0	0
72.839	0.00645212	0	0
72.872	0.00628807	0	0
72.906	0.00624599	0	0
72.939	0.00638272	0	0
72.972	0.00628168	0	0
73.006	0.00618689	0	0
73.039	0.00617989	0	0
73.073	0.00615208	0	0
73.106	0.00600458	0	0
73.139	0.00604255	0	0
73.173	0.00612707	0	0
73.206	0.00617026	0	0
73.239	0.00621717	0	0
73.273	0.00627706	0	0
73.306	0.00629312	0	0
73.339	0.00628065	0	0
73.373	0.00633668	0	0
73.406	0.00642727	0	0
73.44	0.00641617	0	0
73.473	0.00655046	0	0
73.506	0.00647489	0	0
73.54	0.00658821	0	0
73.573	0.00653744	0	0
73.606	0.00666729	0	0
73.64	0.00667995	0	0
73.673	0.00673947	0	0
73.706	0.00665355	0	0
73.74	0.00669196	0	0
73.773	0.00662828	0	0
73.807	0.0065596	0	0
73.84	0.00657663	0	0
73.873	0.00668098	0	0
73.907	0.0066613	0	0
73.94	0.00665901	0	0
73.973	0.00658378	0	0
74.007	0.00650733	0	0
74.04	0.00638329	0	0
74.074	0.00622528	0	0
74.107	0.00624537	0	0
74.14	0.00636275	0	0
74.174	0.00640226	0	0
74.207	0.00646936	0	0
74.24	0.00650644	0	0
74.274	0.00659488	0	0
74.307	0.00652392	0	0
74.34	0.00655019	0	0
74.374	0.00661546	0	0
74.407	0.00672915	0	0
74.441	0.00653331	0	0
74.474	0.00640349	0	0
74.507	0.0063005	0	0
74.541	0.00633537	0	0
74.574	0.00626062	0	0
74.607	0.00633195	0	0
74.641	0.00649143	0	0
74.674	0.00657185	0	0
74.707	0.00638752	0	0
74.741	0.00641808	0	0
74.774	0.00656233	0	0
74.808	0.00654798	0	0
74.841	0.00663034	0	0
74.874	0.00670876	0	0
74.908	0.00666186	0	0
74.941	0.00646843	0	0
74.974	0.00652523	0	0
75.008	0.00640177	0	0
75.041	0.00630801	0	0
75.075	0.00633335	0	0
75.108	0.00633899	0	0
75.141	0.00635443	0	0
75.175	0.00637734	0	0
75.208	0.00640754	0	0
75.241	0.00653244	0	0
75.275	0.00655941	0	0
75.308	0.00653966	0	0
75.341	0.00664168	0	0
75.375	0.00665535	0	0
75.408	0.00644653	0	0
75.442	0.00644553	0	0
75.475	0.00633652	0	0
75.508	0.0062139	0	0
75.542	0.00627305	0	0
75.575	0.00628947	0	0
75.608	0.0062434	0	0
75.642	0.00618763	0	0
75.675	0.00634982	0	0
75.708	0.00631686	0	0
75.742	0.0064013	0	0
75.775	0.00642309	0	0
75.809	0.00805241	0	0
75.842	0.0103156	0	0
75.875	0.0122897	0	0
75.909	0.0142117	0	0
75.942	0.0164223	0	0
75.975	0.0173478	0	0
76.009	0.0169146	0	0
76.042	0.0167826	0	0
76.076	0.0161956	0	0
76.109	0.0147581	0	0
76.142	0.0125838	0	0
76.176	0.0104639	0	0
76.209	0.00858231	0	0
76.242	0.00727436	0	0
76.276	0.00632864	0	0
76.309	0.00625135	0	0
76.342	0.00649943	0	0
76.376	0.00660438	0	0
76.409	0.00646573	0	0
76.443	0.00668464	0	0
76.476	0.00657712	0	0
76.509	0.00649609	0	0
76.543	0.00652578	0	0
76.576	0.00676003	0	0
76.609	0.00688466	0	0
76.643	0.00706153	0	0
76.676	0.00716063	0	0
76.709	0.0072278	0	0
76.743	0.00728067	0	0
76.776	0.00730906	0	0
76.81	0.00710658	0	0
76.843	0.00714569	0	0
76.876	0.00715401	0	0
76.91	0.00721855	0	0
76.943	0.00712349	0	0
76.976	0.00727883	0	0
77.01	0.00738795	0	0
77.043	0.00725885	0	0
77.077	0.00697144	0	0
77.11	0.00691078	0	0
77.143	0.00675984	0	0
77.177	0.00663704	0	0
77.21	0.00644284	0	0
77.243	0.00663424	0	0
77.277	0.00659321	0	0
77.31	0.00650525	0	0
77.343	0.006314	0	0
77.377	0.00639626	0	0
77.41	0.00629865	0	0
77.444	0.00636898	0	0
77.477	0.00639838	0	0
77.51	0.00651591	0	0
77.544	0.0064112	0	0
77.577	0.00634413	0	0
77.61	0.00628037	0	0
77.644	0.00642126	0	0
77.677	0.00648218	0	0
77.71	0.0068067	0	0
77.744	0.00698577	0	0
77.777	0.00715996	0	0
77.811	0.00705034	0	0
77.844	0.00708802	0	0
77.877	0.00688208	0	0
77.911	0.00674146	0	0
77.944	0.00676175	0	0
77.977	0.00669148	0	0
78.011	0.00647365	0	0
78.044	0.00651886	0	0
78.078	0.00636863	0	0
78.111	0.00610078	0	0
78.144	0.00612407	0	0
78.178	0.00633508	0	0
78.211	0.0062508	0	0
78.244	0.00641568	0	0
78.278	0.00668682	0	0
78.311	0.00669952	0	0
78.344	0.0066475	0	0
78.378	0.00683488	0	0
78.411	0.00692762	0	0
78.445	0.00700086	0	0
78.478	0.0071686	0	0
78.511	0.00712464	0	0
78.545	0.00716034	0	0
78.578	0.00714944	0	0
78.611	0.00709094	0	0
78.645	0.0071	0	0
78.678	0.0071873	0	0
78.711	0.00726517	0	0
78.745	0.00715092	0	0
78.778	0.00713142	0	0
78.812	0.00709502	0	0
78.845	0.00701404	0	0
78.878	0.00692635	0	0
78.912	0.00695711	0	0
78.945	0.00686446	0	0
78.978	0.00676155	0	0
79.012	0.00676272	0	0
79.045	0.00676716	0	0
79.079	0.00687035	0	0
79.112	0.00682745	0	0
79.145	0.00678017	0	0
79.179	0.0076086	0	0
79.212	0.00926871	0	0
79.245	0.011334	0	0
79.279	0.0134443	0	0
79.312	0.0158447	0	0
79.345	0.0174173	0	0
79.379	0.017716	0	0
79.412	0.0173988	0	0
79.446	0.016664	0	0
79.479	0.015223	0	0
79.512	0.0131448	0	0
79.546	0.0112059	0	0
79.579	0.00925518	0	0
79.612	0.00772072	0	0
79.646	0.00684137	0	0
79.679	0.00645446	0	0
79.712	0.00624494	0	0
79.746	0.00642712	0	0
79.779	0.00656707	0	0
79.813	0.00662265	0	0
79.846	0.00658451	0	0
79.879	0.00666855	0	0
79.913	0.00656413	0	0
79.946	0.00644519	0	0
79.979	0.00632756	0	0
80.013	0.00633958	0	0
80.046	0.00628889	0	0
80.08	0.00621848	0	0
80.113	0.00627635	0	0
80.146	0.0062467	0	0
80.18	0.00643102	0	0
80.213	0.00646887	0	0
80.246	0.00655678	0	0
80.28	0.00671582	0	0
80.313	0.00691131	0	0
80.346	0.00699005	0	0
80.38	0.00705192	0	0
80.413	0.00726675	0	0
80.447	0.00716294	0	0
80.48	0.00707253	0	0
80.513	0.00680684	0	0
80.547	0.00669411	0	0
80.58	0.00620676	0	0
80.613	0.00622067	0	0
80.647	0.0060334	0	0
80.68	0.00608642	0	0
80.713	0.00599079	0	0
80.747	0.00620556	0	0
80.78	0.00618662	0	0
80.814	0.00628478	0	0
80.847	0.00638401	0	0
80.88	0.00642781	0	0
80.914	0.006452	0	0
80.947	0.00662165	0	0
80.98	0.00659738	0	0
81.014	0.00649912	0	0
81.047	0.00661565	0	0
81.081	0.00670313	0	0
81.114	0.00648931	0	0
81.147	0.00656488	0	0
81.181	0.00658282	0	0
81.214	0.0065046	0	0
81.247	0.00638858	0	0
81.281	0.00643904	0	0
81.314	0.00636954	0	0
81.347	0.00631176	0	0
81.381	0.00641487	0	0
81.414	0.00638847	0	0
81.448	0.00636665	0	0
81.481	0.00647129	0	0
81.514	0.00630602	0	0
81.548	0.00626796	0	0
81.581	0.00638376	0	0
81.614	0.00644471	0	0
81.648	0.00637862	0	0
81.681	0.0067046	0	0
81.714	0.00678362	0	0
81.748	0.00697495	0	0
81.781	0.00687888	0	0
81.815	0.00686003	0	0
81.848	0.00671245	0	0
81.881	0.00659049	0	0
81.915	0.00630395	0	0
81.948	0.00634378	0	0
81.981	0.00629647	0	0
82.015	0.00643664	0	0
82.048	0.00638832	0	0
82.082	0.00643605	0	0
82.115	0.00645662	0	0
82.148	0.00664027	0	0
82.182	0.00646664	0	0
82.215	0.00652872	0	0
82.248	0.00650331	0	0
82.282	0.006422	0	0
82.315	0.00632702	0	0
82.348	0.00644904	0	0
82.382	0.00640162	0	0
82.415	0.0062955	0	0
82.449	0.00655765	0	0
82.482	0.00648505	0	0
82.515	0.00641091	0	0
82.549	0.00655365	0	0
82.582	0.00669555	0	0
82.615	0.00654939	0	0
82.649	0.0064791	0	0
82.682	0.00639654	0	0
82.715	0.00620501	0	0
82.749	0.00621999	0	0
82.782	0.00604464	0	0
82.816	0.00720136	0	0
82.849	0.00950804	0	0
82.882	0.0121365	0	0
82.916	0.0144215	0	0
82.949	0.0168763	0	0
82.982	0.0181582	0	0
83.016	0.0179679	0	0
83.049	0.0172193	0	0
83.083	0.0163164	0	0
83.116	0.014841	0	0
83.149	0.0130073	0	0
83.183	0.0111143	0	0
83.216	0.00932429	0	0
83.249	0.00779272	0	0
83.283	0.00696392	0	0
83.316	0.00630015	0	0
83.349	0.00600251	0	0
83.383	0.00594987	0	0
83.416	0.00600561	0	0
83.45	0.00593555	0	0
83.483	0.00608459	0	0
83.516	0.00596567	0	0
83.55	0.00607779	0	0
83.583	0.00621849	0	0
83.616	0.00613973	0	0
83.65	0.00611678	0	0
83.683	0.00637098	0	0
83.716	0.00632824	0	0
83.75	0.00611946	0	0
83.783	0.00633933	0	0
83.817	0.00641683	0	0
83.85	0.00624913	0	0
83.883	0.00621455	0	0
83.917	0.00636755	0	0
83.95	0.00626213	0	0
83.983	0.00626453	0	0
84.017	0.00647194	0	0
84.05	0.00653405	0	0
84.084	0.00643966	0	0
84.117	0.00650269	0	0
84.15	0.00647341	0	0
84.184	0.00662812	0	0
84.217	0.00659769	0	0
84.25	0.00662193	0	0
84.284	0.00675251	0	0
84.317	0.00676179	0	0
84.35	0.00672798	0	0
84.384	0.00664529	0	0
84.417	0.00667282	0	0
84.451	0.00653339	0	0
84.484	0.00662351	0	0
84.517	0.00654542	0	0
84.551	0.00672808	0	0
84.584	0.00687093	0	0
84.617	0.00686715	0	0
84.651	0.00681417	0	0
84.684	0.00701262	0	0
84.717	0.00694417	0	0
84.751	0.00678962	0	0
84.784	0.0067657	0	0
84.818	0.00685695	0	0
84.851	0.00667411	0	0
84.884	0.00676119	0	0
84.918	0.00685868	0	0
84.951	0.00699384	0	0
84.984	0.00691531	0	0
85.018	0.00689348	0	0
85.051	0.00684504	0	0
85.085	0.00672786	0	0
85.118	0.00655268	0	0
85.151	0.00657811	0	0
85.185	0.006688	0	0
85.218	0.00646699	0	0
85.251	0.00659658	0	0
85.285	0.00673267	0	0
85.318	0.00666916	0	0
85.351	0.00650238	0	0
85.385	0.00673725	0	0
85.418	0.00668827	0	0
85.452	0.00667415	0	0
85.485	0.00662296	0	0
85.518	0.00678429	0	0
85.552	0.00670449	0	0
85.585	0.0067717	0	0
85.618	0.00672772	0	0
85.652	0.00676507	0	0
85.685	0.00677929	0	0
85.718	0.00680281	0	0
85.752	0.00660261	0	0
85.785	0.00666287	0	0
85.819	0.00664104	0	0
85.852	0.00640207	0	0
85.885	0.00627494	0	0
85.919	0.00645064	0	0
85.952	0.00642084	0	0
85.985	0.00654216	0	0
86.019	0.00666767	0	0
86.052	0.00691383	0	0
86.086	0.00699616	0	0
86.119	0.00692533	0	0
86.152	0.00670354	0	0
86.186	0.00667477	0	0
86.219	0.00643808	0	0
86.252	0.00608325	0	0
86.286	0.00613791	0	0
86.319	0.00610612	0	0
86.352	0.00625497	0	0
86.386	0.00636126	0	0
86.419	0.00653379	0	0
86.453	0.0064813	0	0
86.486	0.00667842	0	0
86.519	0.00640847	0	0
86.553	0.0070553	0	0
86.586	0.00897687	0	0
86.619	0.0113799	0	0
86.653	0.0135976	0	0
86.686	0.0160892	0	0
86.719	0.0179515	0	0
86.753	0.0187477	0	0
86.786	0.0190925	0	0
86.82	0.0188816	0	0
86.853	0.0181055	0	0
86.886	0.0169086	0	0
86.92	0.0150593	0	0
86.953	0.0125708	0	0
86.986	0.0104796	0	0
87.02	0.00873887	0	0
87.053	0.00745625	0	0
87.087	0.0065634	0	0
87.12	0.0061025	0	0
87.153	0.00604137	0	0
87.187	0.00598637	0	0
87.22	0.00573767	0	0
87.253	0.00565346	0	0
87.287	0.00576365	0	0
87.32	0.00586271	0	0
87.353	0.00599586	0	0
87.387	0.00624253	0	0
87.42	0.00625596	0	0
87.454	0.00639271	0	0
87.487	0.00699958	0	0
87.52	0.00793442	0	0
87.554	0.00917779	0	0
87.587	0.0107493	0	0
87.62	0.0122846	1	0
87.654	0.0135296	1	0
87.687	0.0145204	1	0
87.72	0.0151093	1	0
87.754	0.0155683	1	0
87.787	0.0158725	1	0
87.821	0.0158471	1	0
87.854	0.0159493	1	0
87.887	0.0159662	1	0
87.921	0.0158504	1	0
87.954	0.0159341	1	0
87.987	0.0160073	1	0
88.021	0.0159789	1	0
88.054	0.0148663	1	0
88.088	0.0132474	1	0
88.121	0.0115598	0	0
88.154	0.00982369	0	0
88.188	0.00790929	0	0
88.221	0.00727767	0	0
88.254	0.00727861	0	0
88.288	0.0071853	0	0
88.321	0.00713214	0	0
88.354	0.00731041	0	0
88.388	0.00732375	0	0
88.421	0.00739041	0	0
88.455	0.00729315	0	0
88.488	0.00740156	0	0
88.521	0.00734431	0	0
88.555	0.00750384	0	0
88.588	0.00769582	0	0
88.621	0.00767836	0	0
88.655	0.00767361	0	0
88.688	0.00785053	0	0
88.721	0.00791374	0	0
88.755	0.00782935	0	0
88.788	0.00811987	0	0
88.822	0.0081522	0	0
88.855	0.00794563	0	0
88.888	0.00783034	0	0
88.922	0.00766794	0	0
88.955	0.00751359	0	0
88.988	0.00741582	0	0
89.022	0.00755471	0	0
89.055	0.00743913	0	0
89.089	0.00736647	0	0
89.122	0.00732614	0	0
89.155	0.00737894	0	0
89.189	0.00736136	0	0
89.222	0.00732365	0	0
89.255	0.00740358	0	0
89.289	0.00740047	0	0
89.322	0.0075218	0	0
89.355	0.00743393	0	0
89.389	0.0073891	0	0
89.422	0.00737147	0	0
89.456	0.00735268	0	0
89.489	0.00728078	0	0
89.522	0.00720793	0	0
89.556	0.00728953	0	0
89.589	0.00739345	0	0
89.622	0.00744485	0	0
89.656	0.00721734	0	0
89.689	0.00731561	0	0
89.722	0.00744634	0	0
89.756	0.0074206	0	0
89.789	0.00747738	0	0
89.823	0.0077519	0	0
89.856	0.00772879	0	0
89.889	0.00766448	0	0
89.923	0.00769986	0	0
89.956	0.00755649	0	0
89.989	0.00753473	0	0
90.023	0.0075129	0	0
90.056	0.00761078	0	0
90.09	0.00920236	0	0
90.123	0.0115982	0	0
90.156	0.0136768	0	0
90.19	0.0156256	0	0
90.223	0.0171566	0	0
90.256	0.0169521	0	0
90.29	0.0154765	0	0
90.323	0.0136378	0	0
90.356	0.0117891	0	0
90.39	0.0100423	0	0
90.423	0.00821438	0	0
90.457	0.00717693	0	0
90.49	0.0066002	0	0
90.523	0.00630219	0	0
90.557	0.00627984	0	0
90.59	0.00636271	0	0
90.623	0.00639638	0	0
90.657	0.00651617	0	0
90.69	0.00667702	0	0
90.723	0.00648097	0	0
90.757	0.00672296	0	0
90.79	0.00688265	0	0
90.824	0.00679431	0	0
90.857	0.00679087	0	0
90.89	0.00687104	0	0
90.924	0.00663514	0	0
90.957	0.00653053	0	0
90.99	0.00663823	0	0
91.024	0.00673611	0	0
91.057	0.00683296	0	0
91.091	0.00700723	0	0
91.124	0.00705262	0	0
91.157	0.00702561	0	0
91.191	0.00686888	0	0
91.224	0.00680207	0	0
91.257	0.00681297	0	0
91.291	0.00694023	0	0
91.324	0.00689244	0	0
91.357	0.00693369	0	0
91.391	0.00699355	0	0
91.424	0.00700921	0	0
91.458	0.00693134	0	0
91.491	0.00708704	0	0
91.524	0.00709351	0	0
91.558	0.00724126	0	0
91.591	0.00723864	0	0
91.624	0.00707863	0	0
91.658	0.00696644	0	0
91.691	0.00713239	0	0
91.724	0.00705477	0	0
91.758	0.00714204	0	0
91.791	0.00728642	0	0
91.825	0.00748235	0	0
91.858	0.0074129	0	0
91.891	0.00732651	0	0
91.925	0.00729223	0	0
91.958	0.00733471	0	0
91.991	0.00716671	0	0
92.025	0.00718229	0	0
92.058	0.00709692	0	0
92.092	0.00711835	0	0
92.125	0.00709137	0	0
92.158	0.0070574	0	0
92.192	0.00699557	0	0
92.225	0.00709143	0	0
92.258	0.00700778	0	0
92.292	0.00680642	0	0
92.325	0.00689241	0	0
92.358	0.00675229	0	0
92.392	0.00675038	0	0
92.425	0.00673375	0	0
92.459	0.0067005	0	0
92.492	0.00667129	0	0
92.525	0.00656723	0	0
92.559	0.00653902	0	0
92.592	0.00644438	0	0
92.625	0.00654127	0	0
92.659	0.00651415	0	0
92.692	0.00667799	0	0
92.725	0.00673752	0	0
92.759	0.00683627	0	0
92.792	0.0069349	0	0
92.826	0.00701158	0	0
92.859	0.00704339	0	0
92.892	0.00693829	0	0
92.926	0.00681008	0	0
92.959	0.00665787	0	0
92.992	0.00655587	0	0
93.026	0.00654452	0	0
93.059	0.00674866	0	0
93.093	0.00693462	0	0
93.126	0.00704882	0	0
93.159	0.00702105	0	0
93.193	0.00690436	0	0
93.226	0.00692837	0	0
93.259	0.00679888	0	0
93.293	0.00674187	0	0
93.326	0.00673862	0	0
93.359	0.00683893	0	0
93.393	0.00682008	0	0
93.426	0.00695572	0	0
93.46	0.00703148	0	0
93.493	0.0071233	0	0
93.526	0.00712142	0	0
93.56	0.00704298	0	0
93.593	0.00701964	0	0
93.626	0.00696025	0	0
93.66	0.00693411	0	0
93.693	0.00687052	0	0
93.726	0.00685323	0	0
93.76	0.00680091	0	0
93.793	0.00677253	0	0
93.827	0.00664258	0	0
93.86	0.00666056	0	0
93.893	0.00666019	0	0
93.927	0.00657368	0	0
93.96	0.00835379	0	0
93.993	0.01106	0	0
94.027	0.0136328	0	0
94.06	0.0163306	0	0
94.094	0.0190022	0	0
94.127	0.0199624	0	0
94.16	0.0198914	0	0
94.194	0.0194884	0	0
94.227	0.0184058	0	0
94.26	0.0173766	0	0
94.294	0.0156644	0	0
94.327	0.0137575	0	0
94.36	0.0119274	0	0
94.394	0.0103913	0	0
94.427	0.00882934	0	0
94.461	0.00788259	0	0
94.494	0.00715438	0	0
94.527	0.00682236	0	0
94.561	0.00657856	0	0
94.594	0.0064026	0	0
94.627	0.00617114	0	0
94.661	0.00636527	0	0
94.694	0.0063137	0	0
94.727	0.00642063	0	0
94.761	0.00646103	0	0
94.794	0.00648778	0	0
94.828	0.0062226	0	0
94.861	0.00641424	0	0
94.894	0.00644104	0	0
94.928	0.00655953	0	0
94.961	0.00667914	0	0
94.994	0.00682527	0	0
95.028	0.00666536	0	0
95.061	0.00648827	0	0
95.095	0.00633358	0	0
95.128	0.00624742	0	0
95.161	0.00627873	0	0
95.195	0.00622303	0	0
95.228	0.00636723	0	0
95.261	0.00650249	0	0
95.295	0.00658704	0	0
95.328	0.00646669	0	0
95.361	0.00644612	0	0
95.395	0.00628503	0	0
95.428	0.00617027	0	0
95.462	0.00614632	0	0
95.495	0.00606809	0	0
95.528	0.00620126	0	0
95.562	0.00644293	0	0
95.595	0.00644204	0	0
95.628	0.00634296	0	0
95.662	0.00644592	0	0
95.695	0.00634034	0	0
95.728	0.00620283	0	0
95.762	0.00629966	0	0
95.795	0.0063682	0	0
95.829	0.00621501	0	0
95.862	0.00616617	0	0
95.895	0.00617741	0	0
95.929	0.00603399	0	0
95.962	0.00589681	0	0
95.995	0.00598391	0	0
96.029	0.00590205	0	0
96.062	0.0058267	0	0
96.096	0.00565152	0	0
96.129	0.00572206	0	0
96.162	0.00585063	0	0
96.196	0.00613214	0	0
96.229	0.00617003	0	0
96.262	0.00633322	0	0
96.296	0.00629636	0	0
96.329	0.00616022	0	0
96.362	0.00595173	0	0
96.396	0.00585143	0	0
96.429	0.00586867	0	0
96.463	0.00603589	0	0
96.496	0.00613101	0	0
96.529	0.00606649	0	0
96.563	0.00607939	0	0
96.596	0.00609828	0	0
96.629	0.00595099	0	0
96.663	0.00713674	0	0
96.696	0.0095275	0	0
96.729	0.0118004	0	0
96.763	0.0135846	0	0
96.796	0.0153634	0	0
96.83	0.0164099	0	0
96.863	0.0165024	0	0
96.896	0.0165232	0	0
96.93	0.0166975	0	0
96.963	0.0165228	0	0
96.996	0.0155158	0	0
97.03	0.0137677	0	0
97.063	0.011884	0	0
97.097	0.0101008	0	0
97.13	0.00862758	0	0
97.163	0.00722674	0	0
97.197	0.00666338	0	0
97.23	0.00626113	0	0
97.263	0.00593615	0	0
97.297	0.00582402	0	0
97.33	0.00588601	0	0
97.363	0.00576434	0	0
97.397	0.00579536	0	0
97.43	0.00595877	0	0
97.464	0.00598401	0	0
97.497	0.00603057	0	0
97.53	0.00613481	0	0
97.564	0.00622485	0	0
97.597	0.0062139	0	0
97.63	0.00624969	0	0
97.664	0.006282	0	0
97.697	0.00630419	0	0
97.73	0.00638944	0	0
97.764	0.00649918	0	0
97.797	0.00650044	0	0
97.831	0.00655104	0	0
97.864	0.00660145	0	0
97.897	0.00656779	0	0
97.931	0.00645724	0	0
97.964	0.00645571	0	0
97.997	0.00640094	0	0
98.031	0.00632676	0	0
98.064	0.00626307	0	0
98.098	0.00622727	0	0
98.131	0.00615873	0	0
98.164	0.00607782	0	0
98.198	0.00594277	0	0
98.231	0.00592592	0	0
98.264	0.00597378	0	0
98.298	0.00580172	0	0
98.331	0.00597912	0	0
98.364	0.00612684	0	0
98.398	0.00612839	0	0
98.431	0.00621937	0	0
98.465	0.00639262	0	0
98.498	0.00628123	0	0
98.531	0.00610072	0	0
98.565	0.00606458	0	0
98.598	0.00596063	0	0
98.631	0.00589177	0	0
98.665	0.00584649	0	0
98.698	0.00585177	0	0
98.731	0.00590371	0	0
98.765	0.0059717	0	0
98.798	0.00593227	0	0
98.832	0.00594011	0	0
98.865	0.00590072	0	0
98.898	0.00579956	0	0
98.932	0.00572383	0	0
98.965	0.00583884	0	0
98.998	0.00588035	0	0
99.032	0.00600848	0	0
99.065	0.00598742	0	0
99.099	0.00592446	0	0
99.132	0.00571477	0	0
99.165	0.0057315	0	0
99.199	0.00565665	0	0
99.232	0.00574983	0	0
99.265	0.00579308	0	0
99.299	0.00591362	0	0
99.332	0.00579816	0	0
99.365	0.00577837	0	0
99.399	0.0056991	0	0
99.432	0.00574808	0	0
99.466	0.00577051	0	0
99.499	0.00583659	0	0
99.532	0.00597347	0	0
99.566	0.00606292	0	0
99.599	0.00614542	0	0
99.632	0.00633129	0	0
99.666	0.00634467	0	0
99.699	0.0063931	0	0
99.732	0.00646289	0	0
99.766	0.00643978	0	0
99.799	0.00623726	0	0
99.833	0.00778576	0	0
99.866	0.0104819	0	0
99.899	0.0129922	0	0
99.933	0.0154399	0	0
99.966	0.0177886	0	0
99.999	0.0182463	0	0
100.033	0.0173862	0	0
100.066	0.016133	0	0
100.1	0.0145073	0	0
100.133	0.0127193	0	0
100.166	0.0108045	0	0
100.2	0.00885819	0	0
100.233	0.00742584	0	0
100.266	0.00659053	0	0
100.3	0.00605234	0	0
100.333	0.00607638	0	0
100.366	0.00622126	0	0
100.4	0.00627993	0	0
100.433	0.00623252	0	0
100.467	0.00630898	0	0
100.5	0.00627016	0	0
100.533	0.00620016	0	0
100.567	0.00644145	0	0
100.6	0.00664993	0	0
100.633	0.00698309	0	0
100.667	0.00709283	0	0
100.7	0.00724599	0	0
100.733	0.00696363	0	0
100.767	0.00691808	0	0
100.8	0.00666588	0	0
100.834	0.00654767	0	0
100.867	0.00626159	0	0
100.9	0.00630871	0	0
100.934	0.00624097	0	0
100.967	0.00627315	0	0
101	0.00626478	0	0
101.034	0.00631134	0	0
101.067	0.00647788	0	0
101.101	0.00646452	0	0
101.134	0.0062083	0	0
101.167	0.0061933	0	0
101.201	0.00628631	0	0
101.234	0.00614664	0	0
101.267	0.00607645	0	0
101.301	0.00641217	0	0
101.334	0.00651149	0	0
101.367	0.00662309	0	0
101.401	0.00665369	0	0
101.434	0.00665942	0	0
101.468	0.0065315	0	0
101.501	0.00650873	0	0
101.534	0.00638114	0	0
101.568	0.00651549	0	0
101.601	0.00647149	0	0
101.634	0.00645022	0	0
101.668	0.006426	0	0
101.701	0.00661107	0	0
101.734	0.00643264	0	0
101.768	0.00628088	0	0
101.801	0.00632375	0	0
101.835	0.00627944	0	0
101.868	0.00613898	0	0
101.901	0.00652797	0	0
101.935	0.0069014	0	0
101.968	0.00675758	0	0
102.001	0.0066668	0	0
102.035	0.00670179	0	0
102.068	0.00645521	0	0
102.102	0.00637199	0	0
102.135	0.00644439	0	0
102.168	0.00652785	0	0
102.202	0.00647868	0	0
102.235	0.00636871	0	0
102.268	0.00630893	0	0
102.302	0.00628067	0	0
102.335	0.00628732	0	0
102.368	0.00621837	0	0
102.402	0.00618757	0	0
102.435	0.0062797	0	0
102.469	0.00636528	0	0
102.502	0.0064181	0	0
102.535	0.00656281	0	0
102.569	0.00658089	0	0
102.602	0.00652022	0	0
102.635	0.0065323	0	0
102.669	0.00655011	0	0
102.702	0.00654494	0	0
102.735	0.0065886	0	0
102.769	0.00653165	0	0
102.802	0.00658288	0	0
102.836	0.006537	0	0
102.869	0.00649014	0	0
102.902	0.00651297	0	0
102.936	0.00646164	0	0
102.969	0.00637851	0	0
103.002	0.00622898	0	0
103.036	0.00621171	0	0
103.069	0.00603059	0	0
103.103	0.00591599	0	0
103.136	0.00589072	0	0
103.169	0.00602027	0	0
103.203	0.00592729	0	0
103.236	0.00596833	0	0
103.269	0.00606708	0	0
103.303	0.00603315	0	0
103.336	0.00585873	0	0
103.369	0.00585034	0	0
103.403	0.00597281	0	0
103.436	0.00597112	0	0
103.47	0.00598228	0	0
103.503	0.00599691	0	0
103.536	0.00736775	0	0
103.57	0.00903765	0	0
103.603	0.0104333	0	0
103.636	0.0112844	0	0
103.67	0.0117097	0	0
103.703	0.0106167	0	0
103.736	0.00904499	0	0
103.77	0.00937017	0	0
103.803	0.0111132	0	0
103.837	0.01331	0	0
103.87	0.0157071	0	0
103.903	0.0183159	0	0
103.937	0.0194784	0	0
103.97	0.0199145	0	0
104.003	0.020418	0	0
104.037	0.020379	0	0
104.07	0.0195182	0	0
104.104	0.0184014	0	0
104.137	0.0169156	0	0
104.17	0.0150407	0	0
104.204	0.0130956	0	0
104.237	0.0112934	0	0
104.27	0.00968041	0	0
104.304	0.00814007	0	0
104.337	0.00700347	0	0
104.37	0.00638701	0	0
104.404	0.00641649	0	0
104.437	0.00639579	0	0
104.471	0.00634379	0	0
104.504	0.00617296	0	0
104.537	0.0061215	0	0
104.571	0.005972	0	0
104.604	0.0058193	0	0
104.637	0.00590126	0	0
104.671	0.00619915	0	0
104.704	0.00618343	0	0
104.737	0.00611051	0	0
104.771	0.00623039	0	0
104.804	0.00616728	0	0
104.838	0.006008	0	0
104.871	0.00600752	0	0
104.904	0.00605455	0	0
104.938	0.00603098	0	0
104.971	0.00619129	0	0
105.004	0.00631936	0	0
105.038	0.00632291	0	0
105.071	0.00632147	0	0
105.105	0.00624098	0	0
105.138	0.00613692	0	0
105.171	0.00599647	0	0
105.205	0.00601008	0	0
105.238	0.00605817	0	0
105.271	0.00604334	0	0
105.305	0.00597917	0	0
105.338	0.00601235	0	0
105.371	0.00593852	0	0
105.405	0.00581429	0	0
105.438	0.00577718	0	0
105.472	0.00583306	0	0
105.505	0.00587032	0	0
105.538	0.00574789	0	0
105.572	0.0058272	0	0
105.605	0.00603969	0	0
105.638	0.00600046	0	0
105.672	0.0059587	0	0
105.705	0.00617397	0	0
105.738	0.00618288	0	0
105.772	0.00604415	0	0
105.805	0.00606786	0	0
105.839	0.00613538	0	0
105.872	0.00602318	0	0
105.905	0.00615471	0	0
105.939	0.00611496	0	0
105.972	0.00593243	0	0
106.005	0.00593437	0	0
106.039	0.00603233	0	0
106.072	0.00584993	0	0
106.106	0.0057072	0	0
106.139	0.0057716	0	0
106.172	0.00575337	0	0
106.206	0.00571287	0	0
106.239	0.00577409	0	0
106.272	0.00582788	0	0
106.306	0.00588582	0	0
106.339	0.00574509	0	0
106.372	0.00574559	0	0
106.406	0.00587863	0	0
106.439	0.00599545	0	0
106.473	0.00606167	0	0
106.506	0.00617455	0	0
106.539	0.00611829	0	0
106.573	0.00603786	0	0
106.606	0.00601089	0	0
106.639	0.00592168	0	0
106.673	0.00721304	0	0
106.706	0.00980347	0	0
106.739	0.0122223	0	0
106.773	0.0145659	0	0
106.806	0.0170236	0	0
106.84	0.0181466	0	0
106.873	0.0186517	0	0
106.906	0.0194874	0	0
106.94	0.0205725	0	0
106.973	0.0217695	0	0
107.006	0.0228982	0	0
107.04	0.0234571	0	0
107.073	0.0234491	0	0
107.107	0.0226811	0	0
107.14	0.0210502	0	0
107.173	0.0191675	0	0
107.207	0.0173636	0	0
107.24	0.015293	0	0
107.273	0.0133361	0	0
107.307	0.0114929	0	0
107.34	0.00994235	0	0
107.373	0.00820034	0	0
107.407	0.00695601	0	0
107.44	0.00608991	0	0
107.474	0.00586882	0	0
107.507	0.00570932	0	0
107.54	0.00548516	0	0
107.574	0.00542669	0	0
107.607	0.00552561	0	0
107.64	0.0055927	0	0
107.674	0.0056239	0	0
107.707	0.00571305	0	0
107.74	0.00578718	0	0
107.774	0.00588524	0	0
107.807	0.00584842	0	0
107.841	0.00579941	0	0
107.874	0.00588976	0	0
107.907	0.00580274	0	0
107.941	0.00572536	0	0
107.974	0.00583792	0	0
108.007	0.00591801	0	0
108.041	0.00596968	0	0
108.074	0.00609388	0	0
108.108	0.00611125	0	0
108.141	0.00611576	0	0
108.174	0.00603851	0	0
108.208	0.00597802	0	0
108.241	0.00603545	0	0
108.274	0.00608344	0	0
108.308	0.00597801	0	0
108.341	0.00597343	0	0
108.374	0.00597032	0	0
108.408	0.00587937	0	0
108.441	0.00590702	0	0
108.475	0.00593272	0	0
108.508	0.00612748	0	0
108.541	0.00618906	0	0
108.575	0.00624811	0	0
108.608	0.00629376	0	0
108.641	0.00639531	0	0
108.675	0.00649027	0	0
108.708	0.00642922	0	0
108.741	0.00640113	0	0
108.775	0.00636567	0	0
108.808	0.00640626	0	0
108.842	0.00615044	0	0
108.875	0.00624859	0	0
108.908	0.00630159	0	0
108.942	0.00621672	0	0
108.975	0.00604625	0	0
109.008	0.00589463	0	0
109.042	0.00581642	0	0
109.075	0.00577717	0	0
109.109	0.00583999	0	0
109.142	0.00592429	0	0
109.175	0.00619051	0	0
109.209	0.00632286	0	0
109.242	0.00630862	0	0
109.275	0.00637837	0	0
109.309	0.0064763	0	0
109.342	0.0064438	0	0
109.375	0.00638317	0	0
109.409	0.00625999	0	0
109.442	0.00618291	0	0
109.476	0.00604036	0	0
109.509	0.00615824	0	0
109.542	0.006142	0	0
109.576	0.00640149	0	0
109.609	0.00638797	0	0
109.642	0.00646209	0	0
109.676	0.00630591	0	0
109.709	0.00639067	0	0
109.742	0.00624031	0	0
109.776	0.00645947	0	0
109.809	0.00642069	0	0
109.843	0.00641757	0	0
109.876	0.00630413	0	0
109.909	0.00628463	0	0
109.943	0.00605904	0	0
109.976	0.00613867	0	0
110.009	0.00615048	0	0
110.043	0.00630788	0	0
110.076	0.00632974	0	0
110.11	0.00640532	0	0
110.143	0.00633535	0	0
110.176	0.00632514	0	0
110.21	0.00617878	0	0
110.243	0.00618587	0	0
110.276	0.00605453	0	0
110.31	0.00607431	0	0
110.343	0.00612413	0	0
110.376	0.00624122	0	0
110.41	0.00798716	0	0
110.443	0.010719	0	0
110.477	0.013417	0	0
110.51	0.016359	0	0
110.543	0.0194819	0	0
110.577	0.0210421	0	0
110.61	0.0216045	0	0
110.643	0.0217215	0	0
110.677	0.020987	0	0
110.71	0.0195854	0	0
110.743	0.0180593	0	0
110.777	0.0163653	0	0
110.81	0.0146559	0	0
110.844	0.0129914	0	0
110.877	0.0114651	0	0
110.91	0.00980324	0	0
110.944	0.00832467	0	0
110.977	0.00721025	0	0
111.01	0.00665849	0	0
111.044	0.00636881	0	0
111.077	0.00628662	0	0
111.111	0.00623046	0	0
111.144	0.00620422	0	0
111.177	0.00614783	0	0
111.211	0.00621654	0	0
111.244	0.00629801	0	0
111.277	0.00640261	0	0
111.311	0.00649238	0	0
111.344	0.0066198	0	0
111.377	0.00646202	0	0
111.411	0.00644119	0	0
111.444	0.00633255	0	0
111.478	0.00624207	0	0
111.511	0.00611999	0	0
111.544	0.00632203	0	0
111.578	0.00631783	0	0
111.611	0.00651309	0	0
111.644	0.00662813	0	0
111.678	0.0065262	0	0
111.711	0.00648875	0	0
111.744	0.00652484	0	0
111.778	0.00634484	0	0
111.811	0.006216	0	0
111.845	0.00636179	0	0
111.878	0.00611753	0	0
111.911	0.00599217	0	0
111.945	0.00598299	0	0
111.978	0.00598827	0	0
112.011	0.00602594	0	0
112.045	0.00609155	0	0
112.078	0.00600134	0	0
112.112	0.00589635	0	0
112.145	0.00583942	0	0
112.178	0.00566733	0	0
112.212	0.00573658	0	0
112.245	0.00565505	0	0
112.278	0.00570491	0	0
112.312	0.00563336	0	0
112.345	0.00574478	0	0
112.378	0.00580253	0	0
112.412	0.00603417	0	0
112.445	0.00609794	0	0
112.479	0.00617862	0	0
112.512	0.00598793	0	0
112.545	0.00588442	0	0
112.579	0.00575492	0	0
112.612	0.00573105	0	0
112.645	0.00578807	0	0
112.679	0.00595	0	0
112.712	0.005953	0	0
112.745	0.00586967	0	0
112.779	0.00600499	0	0
112.812	0.0059295	0	0
112.846	0.00592004	0	0
112.879	0.00594582	0	0
112.912	0.00603155	0	0
112.946	0.00594596	0	0
112.979	0.00596962	0	0
113.012	0.00589415	0	0
113.046	0.00583488	0	0
113.079	0.00587223	0	0
113.113	0.00580426	0	0
113.146	0.00584669	0	0
113.179	0.00591254	0	0
113.213	0.00594559	0	0
113.246	0.00589264	0	0
113.279	0.00596497	0	0
113.313	0.00593544	0	0
113.346	0.00588703	0	0
113.379	0.00588982	0	0
113.413	0.0060162	0	0
113.446	0.00593315	0	0
113.48	0.00593894	0	0
113.513	0.005989	0	0
113.546	0.00592059	0	0
113.58	0.00578592	0	0
113.613	0.00576547	0	0
113.646	0.00577128	0	0
113.68	0.00580369	0	0
113.713	0.00590273	0	0
113.746	0.00599113	0	0
113.78	0.00599921	0	0
113.813	0.00608182	0	0
113.847	0.00602622	0	0
113.88	0.00602745	0	0
113.913	0.00583134	0	0
113.947	0.00585691	0	0
113.98	0.00582955	0	0
114.013	0.00576403	0	0
114.047	0.00570819	0	0
114.08	0.00589185	0	0
114.114	0.00586602	0	0
114.147	0.00583676	0	0
114.18	0.00592405	0	0
114.214	0.00591949	0	0
114.247	0.00583775	0	0
114.28	0.00582266	0	0
114.314	0.00565196	0	0
114.347	0.00558604	0	0
114.38	0.00557296	0	0
114.414	0.00557438	0	0
114.447	0.00574838	0	0
114.481	0.00575355	0	0
114.514	0.00588163	0	0
114.547	0.0060806	0	0
114.581	0.00624655	0	0
114.614	0.0062176	0	0
114.647	0.00630963	0	0
114.681	0.00616684	0	0
114.714	0.00591177	0	0
114.747	0.00584391	0	0
114.781	0.00577029	0	0
114.814	0.00594466	0	0
114.848	0.0061859	0	0
114.881	0.00621866	0	0
114.914	0.0061078	0	0
114.948	0.00602334	0	0
114.981	0.00579712	0	0
115.014	0.00552098	0	0
115.048	0.00566937	0	0
115.081	0.00577647	0	0
115.115	0.00583881	0	0
115.148	0.0061902	0	0
115.181	0.00795362	0	0
115.215	0.0104661	0	0
115.248	0.0129286	0	0
115.281	0.0158597	0	0
115.315	0.0185749	0	0
115.348	0.0198198	0	0
115.381	0.0197284	0	0
115.415	0.019272	0	0
115.448	0.0181509	0	0
115.482	0.0167965	0	0
115.515	0.0150808	0	0
115.548	0.0135888	0	0
115.582	0.0121393	0	0
115.615	0.010772	0	0
115.648	0.00943396	0	0
115.682	0.00845311	0	0
115.715	0.00767675	0	0
115.748	0.00708641	0	0
115.782	0.00675468	0	0
115.815	0.0064153	0	0
115.849	0.00623691	0	0
115.882	0.00611685	0	0
115.915	0.00614408	0	0
115.949	0.00608846	0	0
115.982	0.00633748	0	0
116.015	0.00626624	0	0
116.049	0.00623078	0	0
116.082	0.00617369	0	0
116.116	0.00618348	0	0
116.149	0.0059831	0	0
116.182	0.00587236	0	0
116.216	0.00589008	0	0
116.249	0.00583015	0	0
116.282	0.00581769	0	0
116.316	0.00577502	0	0
116.349	0.00591738	0	0
116.382	0.00582485	0	0
116.416	0.00588412	0	0
116.449	0.00583926	0	0
116.483	0.00594786	0	0
116.516	0.00603753	0	0
116.549	0.00606677	0	0
116.583	0.00589307	0	0
116.616	0.00580478	0	0
116.649	0.00574261	0	0
116.683	0.00570581	0	0
116.716	0.0056668	0	0
116.749	0.00580887	0	0
116.783	0.00586368	0	0
116.816	0.005876	0	0
116.85	0.00575802	0	0
116.883	0.00569162	0	0
116.916	0.0058711	0	0
116.95	0.00587675	0	0
116.983	0.00592438	0	0
117.016	0.00593934	0	0
117.05	0.00595727	0	0
117.083	0.00585028	0	0
117.117	0.00590893	0	0
117.15	0.00587506	0	0
117.183	0.00591796	0	0
117.217	0.00601769	0	0
117.25	0.00602798	0	0
117.283	0.00604774	0	0
117.317	0.00607804	0	0
117.35	0.00616572	0	0
117.383	0.00616203	0	0
117.417	0.00626015	0	0
117.45	0.00633458	0	0
117.484	0.00650799	0	0
117.517	0.00655234	0	0
117.55	0.00657321	0	0
117.584	0.00642913	0	0
117.617	0.00609962	0	0
117.65	0.00587739	0	0
117.684	0.00581293	0	0
117.717	0.00584209	0	0
117.75	0.00588434	0	0
117.784	0.00630799	0	0
117.817	0.00645278	0	0
117.851	0.00629183	0	0
117.884	0.0061486	0	0
117.917	0.00627404	0	0
117.951	0.00612769	0	0
117.984	0.00594938	0	0
118.017	0.00611838	0	0
118.051	0.00623279	0	0
118.084	0.00610383	0	0
118.118	0.00619398	0	0
118.151	0.00631687	0	0
118.184	0.00629821	0	0
118.218	0.0062596	0	0
118.251	0.00625661	0	0
118.284	0.00611219	0	0
118.318	0.00603853	0	0
118.351	0.0060746	0	0
118.384	0.00613366	0	0
118.418	0.00611647	0	0
118.451	0.00617452	0	0
118.485	0.00618055	0	0
118.518	0.00615894	0	0
118.551	0.00615889	0	0
118.585	0.00625778	0	0
118.618	0.00616626	0	0
118.651	0.00612834	0	0
118.685	0.00630697	0	0
118.718	0.00642132	0	0
118.751	0.00640109	0	0
118.785	0.00651837	0	0
118.818	0.00653159	0	0
118.852	0.00648447	0	0
118.885	0.00640411	0	0
118.918	0.00655312	0	0
118.952	0.00654114	0	0
118.985	0.00659432	0	0
119.018	0.00639318	0	0
119.052	0.00642595	0	0
119.085	0.00627211	0	0
119.119	0.00636225	0	0
119.152	0.00639336	0	0
119.185	0.00636496	0	0
119.219	0.00619413	0	0
119.252	0.00611726	0	0
119.285	0.00590632	0	0
119.319	0.00590443	0	0
119.352	0.00607966	0	0
119.385	0.00760089	0	0
119.419	0.0101868	0	0
119.452	0.012653	0	0
119.486	0.0153318	0	0
119.519	0.0181855	0	0
119.552	0.0198558	0	0
119.586	0.0206442	0	0
119.619	0.0216188	0	0
119.652	0.0216063	0	0
119.686	0.0206423	0	0
119.719	0.0192966	0	0
119.752	0.0177171	0	0
119.786	0.0156147	0	0
119.819	0.0139784	0	0
119.853	0.0126979	0	0
119.886	0.0113152	0	0
119.919	0.00987261	0	0
119.953	0.00878634	0	0
119.986	0.00782512	0	0
120.019	0.00726486	0	0
120.053	0.00702122	0	0
120.086	0.00679687	0	0
120.12	0.00670859	0	0
120.153	0.0068247	0	0
120.186	0.00679764	0	0
120.22	0.00675561	0	0
120.253	0.00681792	0	0
120.286	0.00675893	0	0
120.32	0.00658422	0	0
120.353	0.00658374	0	0
120.386	0.00651898	0	0
120.42	0.00648679	0	0
120.453	0.0064955	0	0
120.487	0.00659753	0	0
120.52	0.00646684	0	0
120.553	0.00646712	0	0
120.587	0.00634357	0	0
120.62	0.00632571	0	0
120.653	0.00616613	0	0
120.687	0.00629669	0	0
120.72	0.00627733	0	0
120.753	0.00614389	0	0
120.787	0.00619552	0	0
120.82	0.00628641	0	0
120.854	0.00621208	0	0
120.887	0.00630172	0	0
120.92	0.00657588	0	0
120.954	0.00661508	0	0
120.987	0.00656415	0	0
121.02	0.00655561	0	0
121.054	0.00637919	0	0
121.087	0.00623264	0	0
121.121	0.00619255	0	0
121.154	0.00605146	0	0
121.187	0.00617582	0	0
121.221	0.00617834	0	0
121.254	0.00618857	0	0
121.287	0.00602349	0	0
121.321	0.00608026	0	0
121.354	0.00595471	0	0
121.387	0.00606759	0	0
121.421	0.0061746	0	0
121.454	0.00635109	0	0
121.488	0.00627592	0	0
121.521	0.0062877	0	0
121.554	0.00619501	0	0
121.588	0.00601546	0	0
121.621	0.00594799	0	0
121.654	0.0060421	0	0
121.688	0.00600034	0	0
121.721	0.00602975	0	0
121.754	0.0061162	0	0
121.788	0.00615843	0	0
121.821	0.00624548	0	0
121.855	0.00626236	0	0
121.888	0.0063452	0	0
121.921	0.00638074	0	0
121.955	0.00633088	0	0
121.988	0.00628047	0	0
122.021	0.00623443	0	0
122.055	0.00605786	0	0
122.088	0.00589433	0	0
122.122	0.00587651	0	0
122.155	0.00575353	0	0
122.188	0.00573238	0	0
122.222	0.00585048	0	0
122.255	0.0058311	0	0
122.288	0.00583504	0	0
122.322	0.00592441	0	0
122.355	0.00584037	0	0
122.388	0.00568978	0	0
122.422	0.0057404	0	0
122.455	0.00566109	0	0
122.489	0.00564342	0	0
122.522	0.00573158	0	0
122.555	0.00587194	0	0
122.589	0.00596019	0	0
122.622	0.00611259	0	0
122.655	0.0061016	0	0
122.689	0.006054	0	0
122.722	0.00604112	0	0
122.755	0.00613635	0	0
122.789	0.00599496	0	0
122.822	0.00591756	0	0
122.856	0.0060453	0	0
122.889	0.00601704	0	0
122.922	0.00594477	0	0
122.956	0.00607506	0	0
122.989	0.00623646	0	0
123.022	0.00616972	0	0
123.056	0.00610402	0	0
123.089	0.00602652	0	0
123.123	0.00586754	0	0
123.156	0.00566325	0	0
123.189	0.0056653	0	0
123.223	0.00576519	0	0
123.256	0.00583032	0	0
123.289	0.00590591	0	0
123.323	0.00598156	0	0
123.356	0.00691858	0	0
123.389	0.00910222	0	0
123.423	0.0117678	0	0
123.456	0.0146265	0	0
123.49	0.0182783	0	0
123.523	0.021027	0	0
123.556	0.0226739	0	0
123.59	0.0240589	0	0
123.623	0.0252943	0	0
123.656	0.0256752	0	0
123.69	0.0261105	0	0
123.723	0.0264065	0	0
123.756	0.0262517	0	0
123.79	0.0258237	0	0
123.823	0.0241041	0	0
123.857	0.0217343	0	0
123.89	0.0190989	0	0
123.923	0.0162733	0	0
123.957	0.0131656	0	0
123.99	0.0112683	0	0
124.023	0.00974568	0	0
124.057	0.00839167	0	0
124.09	0.00736964	0	0
124.124	0.00688259	0	0
124.157	0.00652181	0	0
124.19	0.00619614	0	0
124.224	0.00623988	0	0
124.257	0.00659521	0	0
124.29	0.0068658	0	0
124.324	0.0072329	0	0
124.357	0.00774246	0	0
124.39	0.00787344	0	0
124.424	0.00784975	0	0
124.457	0.00795913	0	0
124.491	0.00807369	0	0
124.524	0.00814128	0	0
124.557	0.00823197	0	0
124.591	0.00849822	0	0
124.624	0.00857503	0	0
124.657	0.00866697	0	0
124.691	0.0087696	0	0
124.724	0.00882763	0	0
124.757	0.00861542	0	0
124.791	0.0085291	0	0
124.824	0.00844564	0	0
124.858	0.00842208	0	0
124.891	0.00825509	0	0
124.924	0.00831412	0	0
124.958	0.0083397	0	0
124.991	0.00845837	0	0
125.024	0.00856645	0	0
125.058	0.00879982	0	0
125.091	0.00884664	0	0
125.125	0.00903712	0	0
125.158	0.0103163	0	0
125.191	0.0115285	0	0
125.225	0.0125589	0	0
125.258	0.0126906	0	0
125.291	0.0121889	0	0
125.325	0.0104869	0	0
125.358	0.0085266	0	0
125.391	0.00712324	0	0
125.425	0.00657835	0	0
125.458	0.00660493	0	0
125.492	0.00656276	0	0
125.525	0.0068958	0	0
125.558	0.00727577	0	0
125.592	0.00766922	0	0
125.625	0.00811562	0	0
125.658	0.0086604	0	0
125.692	0.00915572	0	0
125.725	0.00918675	0	0
125.758	0.00916266	0	0
125.792	0.00906466	0	0
125.825	0.00892139	0	0
125.859	0.00879179	0	0
125.892	0.00889986	0	0
125.925	0.00900034	0	0
125.959	0.00943932	0	0
125.992	0.00985423	0	0
126.025	0.00992011	0	0
126.059	0.00950765	0	0
126.092	0.00898536	0	0
126.126	0.00815373	0	0
126.159	0.00734254	0	0
126.192	0.00669923	0	0
126.226	0.00649582	0	0
126.259	0.00670461	0	0
126.292	0.00723395	0	0
126.326	0.00783776	0	0
126.359	0.00883291	0	0
126.392	0.010295	0	0
126.426	0.0122416	0	0
126.459	0.0139935	0	0
126.493	0.0160474	0	0
126.526	0.0177645	0	0
126.559	0.0189317	0	0
126.593	0.0193368	0	0
126.626	0.0194393	0	0
126.659	0.0191384	0	0
126.693	0.0189396	0	0
126.726	0.0186301	0	0
126.759	0.0181817	0	0
126.793	0.0176028	0	0
126.826	0.0167534	0	0
126.86	0.0159018	0	0
126.893	0.0148917	0	0
126.926	0.0139409	0	0
126.96	0.0132723	0	0
126.993	0.0130179	0	0
127.026	0.0128193	0	0
127.06	0.0131772	0	0
127.093	0.0130046	0	0
127.127	0.0122789	0	0
127.16	0.0113231	0	0
127.193	0.010055	0	0
127.227	0.00839353	0	0
127.26	0.00753704	0	0
127.293	0.00729704	0	0
127.327	0.00697383	0	0
127.36	0.00699503	0	0
127.393	0.00721691	0	0
127.427	0.00734941	0	0
127.46	0.00776673	0	0
127.494	0.00825756	0	0
127.527	0.00867732	0	0
127.56	0.00884854	0	0
127.594	0.00884854	0	0
127.627	0.00884854	0	0