time	rmse	false positive	false negative
4.971	0.00782312	0	0
5.005	0.00782312	0	0
5.038	0.00782312	0	0
5.071	0.00771356	0	0
5.105	0.00809934	0	0
5.138	0.00790469	0	0
5.171	0.00794653	0	0
5.205	0.00815181	0	0
5.238	0.00818952	0	0
5.271	0.00818156	0	0
5.305	0.00825415	0	0
5.338	0.0077557	0	0
5.372	0.00772147	0	0
5.405	0.00743254	0	0
5.438	0.00743026	0	0
5.472	0.00739159	0	0
5.505	0.00767443	0	0
5.538	0.00814145	0	0
5.572	0.00860609	0	0
5.605	0.00879451	0	0
5.638	0.00878554	0	0
5.672	0.00908302	0	0
5.705	0.00873228	0	0
5.739	0.00885651	0	0
5.772	0.00903291	0	0
5.805	0.0093693	0	0
5.839	0.00938307	0	0
5.872	0.00944436	0	0
5.905	0.00962451	0	0
5.939	0.00994371	0	0
5.972	0.0102452	0	0
6.006	0.0101849	0	0
6.039	0.0104846	0	0
6.072	0.0105643	0	0
6.106	0.0106794	0	0
6.139	0.0110378	0	0
6.172	0.0113931	0	0
6.206	0.0113982	0	0
6.239	0.011242	0	0
6.272	0.0108588	0	0
6.306	0.0101347	0	0
6.339	0.0100098	0	0
6.373	0.00955822	0	0
6.406	0.00959216	0	0
6.439	0.00994047	0	0
6.473	0.0097999	0	0
6.506	0.00931651	0	0
6.539	0.00975516	0	0
6.573	0.00951997	0	0
6.606	0.00910571	0	0
6.639	0.00973573	0	0
6.673	0.0100836	0	0
6.706	0.0125724	0	0
6.74	0.0227089	0	0
6.773	0.0334458	0	1
6.806	0.0448552	0	0
6.84	0.0548859	0	0
6.873	0.060963	0	0
6.906	0.0597597	0	0
6.94	0.0562456	0	0
6.973	0.0490231	1	0
7.007	0.0416921	1	0
7.04	0.0349232	0	0
7.073	0.0278918	0	0
7.107	0.0219155	0	0
7.14	0.0183628	0	0
7.173	0.0165917	0	0
7.207	0.015663	0	0
7.24	0.0150858	0	0
7.273	0.0146479	0	0
7.307	0.0144518	0	0
7.34	0.0141848	0	0
7.374	0.014356	0	0
7.407	0.0138936	0	0
7.44	0.014017	0	0
7.474	0.0138996	0	0
7.507	0.0139928	0	0
7.54	0.0134148	0	0
7.574	0.0136733	0	0
7.607	0.0138409	0	0
7.64	0.0142373	0	0
7.674	0.0142073	0	0
7.707	0.014966	0	0
7.741	0.0150427	0	0
7.774	0.0149455	0	0
7.807	0.0148163	0	0
7.841	0.0151678	0	0
7.874	0.0149306	0	0
7.907	0.0146658	0	0
7.941	0.0144674	0	0
7.974	0.014257	0	0
8.008	0.0139074	0	0
8.041	0.013605	0	0
8.074	0.0137106	0	0
8.108	0.0140056	0	0
8.141	0.0141443	0	0
8.174	0.0142302	0	0
8.208	0.0140133	0	0
8.241	0.0137554	0	0
8.274	0.0133685	0	0
8.308	0.0124009	0	0
8.341	0.0111814	0	0
8.375	0.0104985	0	0
8.408	0.00997974	0	0
8.441	0.00925195	0	0
8.475	0.00897288	0	0
8.508	0.0089199	0	0
8.541	0.00899824	0	0
8.575	0.00907354	0	0
8.608	0.00906601	0	0
8.641	0.00960693	0	0
8.675	0.0101606	0	0
8.708	0.0174069	0	0
8.742	0.0275692	0	0
8.775	0.0388831	0	0
8.808	0.0483602	0	0
8.842	0.0569465	0	0
8.875	0.0576117	0	0
8.908	0.0515105	0	0
8.942	0.0419435	1	0
8.975	0.0332275	0	0
9.009	0.0253094	0	0
9.042	0.0183122	0	0
9.075	0.0144059	0	0
9.109	0.0129358	0	0
9.142	0.0122317	0	0
9.175	0.0117514	0	0
9.209	0.0109684	0	0
9.242	0.0105891	0	0
9.275	0.0105634	0	0
9.309	0.0102753	0	0
9.342	0.0100866	0	0
9.376	0.0100393	0	0
9.409	0.0102713	0	0
9.442	0.0101399	0	0
9.476	0.00993892	0	0
9.509	0.00954425	0	0
9.542	0.0096267	0	0
9.576	0.00940662	0	0
9.609	0.00946605	0	0
9.642	0.00960885	0	0
9.676	0.00992925	0	0
9.709	0.00953982	0	0
9.743	0.00968657	0	0
9.776	0.00961291	0	0
9.809	0.00967204	0	0
9.843	0.00982546	0	0
9.876	0.0102819	0	0
9.909	0.0100185	0	0
9.943	0.0101051	0	0
9.976	0.0105973	0	0
10.01	0.0108249	0	0
10.043	0.0105043	0	0
10.076	0.0110202	0	0
10.11	0.0112872	0	0
10.143	0.0112132	0	0
10.176	0.0108296	0	0
10.21	0.0107146	0	0
10.243	0.00993511	0	0
10.276	0.00929362	0	0
10.31	0.00870817	0	0
10.343	0.00862255	0	0
10.377	0.00893164	0	0
10.41	0.00925339	0	0
10.443	0.00961333	0	0
10.477	0.00956508	0	0
10.51	0.00917719	0	0
10.543	0.00916135	0	0
10.577	0.00866167	0	0
10.61	0.00820713	0	0
10.643	0.00823808	0	0
10.677	0.00847466	0	0
10.71	0.0081606	0	0
10.744	0.00879814	0	0
10.777	0.008932	0	0
10.81	0.00913578	0	0
10.844	0.00929453	0	0
10.877	0.00954675	0	0
10.91	0.00928644	0	0
10.944	0.0091887	0	0
10.977	0.00923838	0	0
11.011	0.00930674	0	0
11.044	0.00929486	0	0
11.077	0.00923554	0	0
11.111	0.00928984	0	0
11.144	0.00955099	0	0
11.177	0.00927774	0	0
11.211	0.0090395	0	0
11.244	0.00934858	0	0
11.277	0.00985195	0	0
11.311	0.00962967	0	0
11.344	0.00963175	0	0
11.378	0.0097263	0	0
11.411	0.00993558	0	0
11.444	0.00952896	0	0
11.478	0.00921709	0	0
11.511	0.00957676	0	0
11.544	0.00982224	0	0
11.578	0.00939902	0	0
11.611	0.0102297	0	0
11.644	0.0188958	0	0
11.678	0.0290453	0	1
11.711	0.0404078	0	0
11.745	0.0506157	0	0
11.778	0.0589352	0	0
11.811	0.0593449	0	0
11.845	0.0576002	0	0
11.878	0.0518212	0	0
11.911	0.0447726	1	0
11.945	0.0375193	1	0
11.978	0.0298092	0	0
12.012	0.0222046	0	0
12.045	0.0171886	0	0
12.078	0.015002	0	0
12.112	0.0136011	0	0
12.145	0.0129557	0	0
12.178	0.0125182	0	0
12.212	0.0118905	0	0
12.245	0.0112307	0	0
12.278	0.0108831	0	0
12.312	0.0104675	0	0
12.345	0.00994906	0	0
12.379	0.00973775	0	0
12.412	0.00967815	0	0
12.445	0.00943716	0	0
12.479	0.00915899	0	0
12.512	0.00906876	0	0
12.545	0.00941284	0	0
12.579	0.00938588	0	0
12.612	0.00957588	0	0
12.645	0.00952838	0	0
12.679	0.00972945	0	0
12.712	0.00980945	0	0
12.746	0.00965758	0	0
12.779	0.00953621	0	0
12.812	0.00944364	0	0
12.846	0.00890342	0	0
12.879	0.00813423	0	0
12.912	0.00766335	0	0
12.946	0.00759785	0	0
12.979	0.00769147	0	0
13.013	0.00796218	0	0
13.046	0.00855064	0	0
13.079	0.00863054	0	0
13.113	0.00868395	0	0
13.146	0.00846467	0	0
13.179	0.00851157	0	0
13.213	0.00801972	0	0
13.246	0.00835107	0	0
13.279	0.00843599	0	0
13.313	0.00890747	0	0
13.346	0.00909293	0	0
13.38	0.00940556	0	0
13.413	0.0092092	0	0
13.446	0.00918297	0	0
13.48	0.00874828	0	0
13.513	0.00823441	0	0
13.546	0.00806255	0	0
13.58	0.00828511	0	0
13.613	0.00861843	0	0
13.646	0.00888862	0	0
13.68	0.00916811	0	0
13.713	0.00918408	0	0
13.747	0.00891481	0	0
13.78	0.00831303	0	0
13.813	0.0084684	0	0
13.847	0.00828347	0	0
13.88	0.00859997	0	0
13.913	0.00898598	0	0
13.947	0.00940746	0	0
13.98	0.00910906	0	0
14.014	0.00935959	0	0
14.047	0.00929622	0	0
14.08	0.0093348	0	0
14.114	0.00939959	0	0
14.147	0.00945804	0	0
14.18	0.00928701	0	0
14.214	0.00958347	0	0
14.247	0.00983977	0	0
14.28	0.00990341	0	0
14.314	0.010245	0	0
14.347	0.0107027	0	0
14.381	0.0103785	0	0
14.414	0.00997167	0	0
14.447	0.00979389	0	0
14.481	0.00941429	0	0
14.514	0.00893266	0	0
14.547	0.00936361	0	0
14.581	0.0101025	0	0
14.614	0.0101938	0	0
14.647	0.0106233	0	0
14.681	0.0109834	0	0
14.714	0.0106454	0	0
14.748	0.0103561	0	0
14.781	0.0102759	0	0
14.814	0.0102477	0	0
14.848	0.0102061	0	0
14.881	0.0102458	0	0
14.914	0.0100471	0	0
14.948	0.0101874	0	0
14.981	0.0104753	0	0
15.015	0.0108108	0	0
15.048	0.0110692	0	0
15.081	0.0111185	0	0
15.115	0.0108099	0	0
15.148	0.0104908	0	0
15.181	0.0102472	0	0
15.215	0.00982037	0	0
15.248	0.00985561	0	0
15.281	0.010024	0	0
15.315	0.0123008	0	0
15.348	0.0213815	0	0
15.382	0.033067	0	1
15.415	0.0451131	0	0
15.448	0.0546006	0	0
15.482	0.0605119	0	0
15.515	0.0599327	0	0
15.548	0.0547654	1	0
15.582	0.0470061	1	0
15.615	0.0392307	1	0
15.648	0.0324574	0	0
15.682	0.0246857	0	0
15.715	0.0190763	0	0
15.749	0.0151811	0	0
15.782	0.0139647	0	0
15.815	0.0126883	0	0
15.849	0.0119931	0	0
15.882	0.0112866	0	0
15.915	0.0106677	0	0
15.949	0.0103955	0	0
15.982	0.0102226	0	0
16.016	0.0103321	0	0
16.049	0.0103754	0	0
16.082	0.0102661	0	0
16.116	0.0101605	0	0
16.149	0.0100918	0	0
16.182	0.00983007	0	0
16.216	0.00962877	0	0
16.249	0.0100709	0	0
16.282	0.0100447	0	0
16.316	0.0100456	0	0
16.349	0.0101058	0	0
16.383	0.0101859	0	0
16.416	0.00987202	0	0
16.449	0.00976463	0	0
16.483	0.00981815	0	0
16.516	0.00968627	0	0
16.549	0.0101416	0	0
16.583	0.0101308	0	0
16.616	0.0100943	0	0
16.649	0.0102335	0	0
16.683	0.0102706	0	0
16.716	0.0097407	0	0
16.75	0.00941866	0	0
16.783	0.00935025	0	0
16.816	0.0090681	0	0
16.85	0.00923425	0	0
16.883	0.00904405	0	0
16.916	0.00932683	0	0
16.95	0.0093229	0	0
16.983	0.00892357	0	0
17.017	0.00829125	0	0
17.05	0.00831578	0	0
17.083	0.00806726	0	0
17.117	0.00770766	0	0
17.15	0.00801397	0	0
17.183	0.00821425	0	0
17.217	0.00841118	0	0
17.25	0.00875861	0	0
17.283	0.00922985	0	0
17.317	0.00948012	0	0
17.35	0.00982542	0	0
17.384	0.00997302	0	0
17.417	0.00992329	0	0
17.45	0.00986113	0	0
17.484	0.00988761	0	0
17.517	0.00994645	0	0
17.55	0.00954308	0	0
17.584	0.00943869	0	0
17.617	0.00920898	0	0
17.65	0.00940068	0	0
17.684	0.00955302	0	0
17.717	0.00979414	0	0
17.751	0.00987501	0	0
17.784	0.0101954	0	0
17.817	0.00999754	0	0
17.851	0.00994882	0	0
17.884	0.0101296	0	0
17.917	0.00981686	0	0
17.951	0.00991132	0	0
17.984	0.00963563	0	0
18.018	0.00951967	0	0
18.051	0.00966661	0	0
18.084	0.0101038	0	0
18.118	0.0097128	0	0
18.151	0.00982819	0	0
18.184	0.00970605	0	0
18.218	0.00935983	0	0
18.251	0.00918006	0	0
18.284	0.00960039	0	0
18.318	0.0099927	0	0
18.351	0.0102325	0	0
18.385	0.0102855	0	0
18.418	0.0103409	0	0
18.451	0.0103993	0	0
18.485	0.00997715	0	0
18.518	0.00979028	0	0
18.551	0.0101262	0	0
18.585	0.0100987	0	0
18.618	0.0099767	0	0
18.651	0.0103862	0	0
18.685	0.0102943	0	0
18.718	0.00991828	0	0
18.752	0.0100889	0	0
18.785	0.00993226	0	0
18.818	0.00963395	0	0
18.852	0.00980917	0	0
18.885	0.00983571	0	0
18.918	0.00966694	0	0
18.952	0.00987946	0	0
18.985	0.00962258	0	0
19.019	0.0092167	0	0
19.052	0.00906145	0	0
19.085	0.00899002	0	0
19.119	0.00874748	0	0
19.152	0.00900984	0	0
19.185	0.00900765	0	0
19.219	0.00894226	0	0
19.252	0.00885091	0	0
19.285	0.0089819	0	0
19.319	0.00905712	0	0
19.352	0.00941274	0	0
19.386	0.00978559	0	0
19.419	0.0100821	0	0
19.452	0.0100629	0	0
19.486	0.00996006	0	0
19.519	0.00975371	0	0
19.552	0.0157436	0	0
19.586	0.0259604	0	0
19.619	0.0370321	0	0
19.652	0.0479499	0	0
19.686	0.0572837	0	0
19.719	0.0599076	0	0
19.753	0.0570811	0	0
19.786	0.0510748	0	0
19.819	0.0420159	1	0
19.853	0.0339831	0	0
19.886	0.0260992	0	0
19.919	0.0191246	0	0
19.953	0.0146374	0	0
19.986	0.0129832	0	0
20.02	0.0117231	0	0
20.053	0.0106898	0	0
20.086	0.0104714	0	0
20.12	0.00976677	0	0
20.153	0.00974407	0	0
20.186	0.00977141	0	0
20.22	0.00984575	0	0
20.253	0.00969349	0	0
20.286	0.00983646	0	0
20.32	0.00975278	0	0
20.353	0.00981191	0	0
20.387	0.00999677	0	0
20.42	0.00999001	0	0
20.453	0.0097353	0	0
20.487	0.00964521	0	0
20.52	0.00945438	0	0
20.553	0.00940734	0	0
20.587	0.00911227	0	0
20.62	0.00939685	0	0
20.653	0.00943066	0	0
20.687	0.00981696	0	0
20.72	0.00979123	0	0
20.754	0.0100453	0	0
20.787	0.01014	0	0
20.82	0.0100213	0	0
20.854	0.00999045	0	0
20.887	0.0096837	0	0
20.92	0.00952659	0	0
20.954	0.00931812	0	0
20.987	0.0095589	0	0
21.021	0.0097762	0	0
21.054	0.010395	0	0
21.087	0.0106458	0	0
21.121	0.0106985	0	0
21.154	0.0106475	0	0
21.187	0.0103573	0	0
21.221	0.0101941	0	0
21.254	0.0102767	0	0
21.287	0.0106124	0	0
21.321	0.0106625	0	0
21.354	0.0105988	0	0
21.388	0.0102792	0	0
21.421	0.00999558	0	0
21.454	0.00972728	0	0
21.488	0.00941954	0	0
21.521	0.00924202	0	0
21.554	0.00931199	0	0
21.588	0.00919456	0	0
21.621	0.00909633	0	0
21.654	0.00937139	0	0
21.688	0.00932802	0	0
21.721	0.00936804	0	0
21.755	0.00953939	0	0
21.788	0.0099796	0	0
21.821	0.0100794	0	0
21.855	0.0105488	0	0
21.888	0.0105442	0	0
21.921	0.010625	0	0
21.955	0.0103194	0	0
21.988	0.01014	0	0
22.022	0.00982565	0	0
22.055	0.00989012	0	0
22.088	0.00984096	0	0
22.122	0.0096702	0	0
22.155	0.00970241	0	0
22.188	0.00967247	0	0
22.222	0.00965452	0	0
22.255	0.00955981	0	0
22.288	0.00990175	0	0
22.322	0.0149243	0	0
22.355	0.0253445	0	0
22.389	0.0361876	0	0
22.422	0.0460804	0	0
22.455	0.054641	0	0
22.489	0.058027	0	0
22.522	0.0531213	0	0
22.555	0.0451771	0	0
22.589	0.0368781	1	0
22.622	0.0294023	0	0
22.655	0.0222198	0	0
22.689	0.0174212	0	0
22.722	0.0149801	0	0
22.756	0.014289	0	0
22.789	0.0134196	0	0
22.822	0.0126135	0	0
22.856	0.0124503	0	0
22.889	0.0124305	0	0
22.922	0.0117022	0	0
22.956	0.0115966	0	0
22.989	0.0108691	0	0
23.023	0.0105113	0	0
23.056	0.00996677	0	0
23.089	0.00971207	0	0
23.123	0.00976921	0	0
23.156	0.0100919	0	0
23.189	0.0102849	0	0
23.223	0.0105096	0	0
23.256	0.0108922	0	0
23.289	0.0104335	0	0
23.323	0.0103682	0	0
23.356	0.0103625	0	0
23.39	0.0101877	0	0
23.423	0.00974977	0	0
23.456	0.00980416	0	0
23.49	0.00956147	0	0
23.523	0.00914265	0	0
23.556	0.00908612	0	0
23.59	0.00914425	0	0
23.623	0.00916594	0	0
23.656	0.00930579	0	0
23.69	0.00922236	0	0
23.723	0.00910173	0	0
23.757	0.00916916	0	0
23.79	0.00892375	0	0
23.823	0.00880663	0	0
23.857	0.00877931	0	0
23.89	0.00871997	0	0
23.923	0.00826982	0	0
23.957	0.0085358	0	0
23.99	0.0084974	0	0
24.024	0.00853719	0	0
24.057	0.00852443	0	0
24.09	0.0090424	0	0
24.124	0.00905658	0	0
24.157	0.00946903	0	0
24.19	0.00977142	0	0
24.224	0.0100123	0	0
24.257	0.00968392	0	0
24.29	0.00939346	0	0
24.324	0.00905395	0	0
24.357	0.00890603	0	0
24.391	0.00917098	0	0
24.424	0.00922027	0	0
24.457	0.00973176	0	0
24.491	0.00977548	0	0
24.524	0.00950645	0	0
24.557	0.00901443	0	0
24.591	0.0089329	0	0
24.624	0.00816581	0	0
24.657	0.00832021	0	0
24.691	0.00863426	0	0
24.724	0.0089345	0	0
24.758	0.00930841	0	0
24.791	0.00995782	0	0
24.824	0.00983167	0	0
24.858	0.00989189	0	0
24.891	0.00966318	0	0
24.924	0.00925971	0	0
24.958	0.00930707	0	0
24.991	0.00900819	0	0
25.025	0.00867876	0	0
25.058	0.00852473	0	0
25.091	0.00887087	0	0
25.125	0.00866554	0	0
25.158	0.00879199	0	0
25.191	0.00915616	0	0
25.225	0.00940027	0	0
25.258	0.0094576	0	0
25.291	0.00948286	0	0
25.325	0.00963878	0	0
25.358	0.0096255	0	0
25.392	0.00946389	0	0
25.425	0.00918182	0	0
25.458	0.00901228	0	0
25.492	0.00902395	0	0
25.525	0.00883057	0	0
25.558	0.00908264	0	0
25.592	0.009253	0	0
25.625	0.00936523	0	0
25.658	0.00979766	0	0
25.692	0.00992046	0	0
25.725	0.00975509	0	0
25.759	0.00985529	0	0
25.792	0.0100114	0	0
25.825	0.0149657	0	0
25.859	0.0259875	0	0
25.892	0.0374433	0	0
25.925	0.0489137	0	0
25.959	0.0579558	0	0
25.992	0.061064	0	0
26.026	0.0568208	0	0
26.059	0.0499185	1	0
26.092	0.0406161	1	0
26.126	0.0322853	0	0
26.159	0.0247809	0	0
26.192	0.0186936	0	0
26.226	0.0148832	0	0
26.259	0.0130714	0	0
26.292	0.0123073	0	0
26.326	0.011489	0	0
26.359	0.0109365	0	0
26.393	0.0100714	0	0
26.426	0.00962147	0	0
26.459	0.00972983	0	0
26.493	0.00930579	0	0
26.526	0.00885515	0	0
26.559	0.00902582	0	0
26.593	0.00906273	0	0
26.626	0.00868398	0	0
26.659	0.00860323	0	0
26.693	0.00893802	0	0
26.726	0.00905382	0	0
26.76	0.00913529	0	0
26.793	0.00912209	0	0
26.826	0.00929989	0	0
26.86	0.00900744	0	0
26.893	0.00894949	0	0
26.926	0.00859888	0	0
26.96	0.00848292	0	0
26.993	0.00888639	0	0
27.027	0.00925125	0	0
27.06	0.00927202	0	0
27.093	0.00940474	0	0
27.127	0.00966453	0	0
27.16	0.00900665	0	0
27.193	0.00894152	0	0
27.227	0.00879502	0	0
27.26	0.00914211	0	0
27.293	0.00917846	0	0
27.327	0.00975453	0	0
27.36	0.00964052	0	0
27.394	0.00992907	0	0
27.427	0.0094714	0	0
27.46	0.00971369	0	0
27.494	0.00952836	0	0
27.527	0.00957404	0	0
27.56	0.0096035	0	0
27.594	0.00973461	0	0
27.627	0.00936432	0	0
27.66	0.00930155	0	0
27.694	0.00918413	0	0
27.727	0.00872282	0	0
27.761	0.0085525	0	0
27.794	0.0082864	0	0
27.827	0.00837058	0	0
27.861	0.00869139	0	0
27.894	0.009186	0	0
27.927	0.0091817	0	0
27.961	0.00990409	0	0
27.994	0.00983907	0	0
28.028	0.00970764	0	0
28.061	0.00945048	0	0
28.094	0.00961437	0	0
28.128	0.00954551	0	0
28.161	0.0100101	0	0
28.194	0.0101227	0	0
28.228	0.0100817	0	0
28.261	0.0102401	0	0
28.294	0.0098177	0	0
28.328	0.0091566	0	0
28.361	0.00899904	0	0
28.395	0.00892441	0	0
28.428	0.00888535	0	0
28.461	0.00898541	0	0
28.495	0.00940109	0	0
28.528	0.00932641	0	0
28.561	0.00931815	0	0
28.595	0.0089736	0	0
28.628	0.00914774	0	0
28.661	0.00904231	0	0
28.695	0.00921195	0	0
28.728	0.00942724	0	0
28.762	0.00944059	0	0
28.795	0.00924242	0	0
28.828	0.0131073	0	0
28.862	0.0231568	0	0
28.895	0.0343996	0	1
28.928	0.0455906	0	0
28.962	0.0551509	0	0
28.995	0.060224	0	0
29.029	0.0571237	0	0
29.062	0.0507965	1	0
29.095	0.0428636	1	0
29.129	0.0348127	0	0
29.162	0.0267998	0	0
29.195	0.0202921	0	0
29.229	0.0156784	0	0
29.262	0.0131477	0	0
29.295	0.0120463	0	0
29.329	0.0116205	0	0
29.362	0.0112756	0	0
29.396	0.0114256	0	0
29.429	0.0112565	0	0
29.462	0.0114701	0	0
29.496	0.0111883	0	0
29.529	0.011456	0	0
29.562	0.0109414	0	0
29.596	0.011222	0	0
29.629	0.0107418	0	0
29.662	0.0105682	0	0
29.696	0.00998346	0	0
29.729	0.0100127	0	0
29.763	0.00968058	0	0
29.796	0.00967248	0	0
29.829	0.00951197	0	0
29.863	0.00945655	0	0
29.896	0.00988913	0	0
29.929	0.00943578	0	0
29.963	0.00944387	0	0
29.996	0.00932209	0	0
30.03	0.00946466	0	0
30.063	0.00925316	0	0
30.096	0.00952547	0	0
30.13	0.00939455	0	0
30.163	0.00955116	0	0
30.196	0.00954358	0	0
30.23	0.00937694	0	0
30.263	0.00914905	0	0
30.296	0.00913747	0	0
30.33	0.00908039	0	0
30.363	0.00907373	0	0
30.397	0.008991	0	0
30.43	0.00862614	0	0
30.463	0.00829886	0	0
30.497	0.00828763	0	0
30.53	0.00821868	0	0
30.563	0.00816469	0	0
30.597	0.00842843	0	0
30.63	0.00897482	0	0
30.663	0.00927896	0	0
30.697	0.00929669	0	0
30.73	0.00977548	0	0
30.764	0.0102128	0	0
30.797	0.00987777	0	0
30.83	0.00955406	0	0
30.864	0.00947182	0	0
30.897	0.00901829	0	0
30.93	0.00898579	0	0
30.964	0.0092352	0	0
30.997	0.00942561	0	0
31.031	0.00925834	0	0
31.064	0.00922327	0	0
31.097	0.00920905	0	0
31.131	0.0089231	0	0
31.164	0.00924059	0	0
31.197	0.00944845	0	0
31.231	0.00937923	0	0
31.264	0.0093523	0	0
31.297	0.00966424	0	0
31.331	0.00900454	0	0
31.364	0.00894536	0	0
31.398	0.00886363	0	0
31.431	0.00862389	0	0
31.464	0.00853746	0	0
31.498	0.00856003	0	0
31.531	0.00842494	0	0
31.564	0.008568	0	0
31.598	0.00903257	0	0
31.631	0.017475	0	0
31.664	0.0287278	0	1
31.698	0.0403304	0	0
31.731	0.0500121	0	0
31.765	0.0586414	0	0
31.798	0.0589917	0	0
31.831	0.05406	0	0
31.865	0.0460338	1	0
31.898	0.0385652	1	0
31.931	0.0306386	0	0
31.965	0.0231001	0	0
31.998	0.0179404	0	0
32.032	0.0154816	0	0
32.065	0.0140146	0	0
32.098	0.0138426	0	0
32.132	0.0134846	0	0
32.165	0.0131961	0	0
32.198	0.0122868	0	0
32.232	0.0115438	0	0
32.265	0.0106349	0	0
32.298	0.00972462	0	0
32.332	0.00898395	0	0
32.365	0.00882233	0	0
32.399	0.00887867	0	0
32.432	0.00873253	0	0
32.465	0.00856376	0	0
32.499	0.00844594	0	0
32.532	0.00853854	0	0
32.565	0.00815915	0	0
32.599	0.00818561	0	0
32.632	0.00838136	0	0
32.665	0.00859477	0	0
32.699	0.00856973	0	0
32.732	0.00888686	0	0
32.766	0.00900556	0	0
32.799	0.00884142	0	0
32.832	0.00831247	0	0
32.866	0.00821173	0	0
32.899	0.00787401	0	0
32.932	0.00808886	0	0
32.966	0.00811495	0	0
32.999	0.00841262	0	0
33.033	0.00852279	0	0
33.066	0.0085954	0	0
33.099	0.00850664	0	0
33.133	0.00820884	0	0
33.166	0.00853089	0	0
33.199	0.00859349	0	0
33.233	0.00855584	0	0
33.266	0.00834741	0	0
33.299	0.00833178	0	0
33.333	0.00799845	0	0
33.366	0.00759549	0	0
33.4	0.00782551	0	0
33.433	0.0076258	0	0
33.466	0.00755646	0	0
33.5	0.0076164	0	0
33.533	0.00769271	0	0
33.566	0.00767716	0	0
33.6	0.00787378	0	0
33.633	0.00824757	0	0
33.666	0.00878356	0	0
33.7	0.00909706	0	0
33.733	0.00893758	0	0
33.767	0.00901316	0	0
33.8	0.00896341	0	0
33.833	0.00886101	0	0
33.867	0.0087863	0	0
33.9	0.0089132	0	0
33.933	0.00881481	0	0
33.967	0.00885754	0	0
34	0.00854273	0	0
34.034	0.0090477	0	0
34.067	0.00946308	0	0
34.1	0.00993907	0	0
34.134	0.0101657	0	0
34.167	0.010324	0	0
34.2	0.0100725	0	0
34.234	0.00977796	0	0
34.267	0.00935944	0	0
34.3	0.00913884	0	0
34.334	0.00885627	0	0
34.367	0.00896466	0	0
34.401	0.00890323	0	0
34.434	0.00850982	0	0
34.467	0.00845281	0	0
34.501	0.00866036	0	0
34.534	0.00806225	0	0
34.567	0.00794666	0	0
34.601	0.00836712	0	0
34.634	0.00852538	0	0
34.667	0.00849213	0	0
34.701	0.00890862	0	0
34.734	0.00901702	0	0
34.768	0.00964357	0	0
34.801	0.00998873	0	0
34.834	0.00997685	0	0
34.868	0.0104497	0	0
34.901	0.0107225	0	0
34.934	0.0106742	0	0
34.968	0.010659	0	0
35.001	0.011334	0	0
35.035	0.0113719	0	0
35.068	0.0111972	0	0
35.101	0.0108319	0	0
35.135	0.0107364	0	0
35.168	0.0103915	0	0
35.201	0.0101004	0	0
35.235	0.010326	0	0
35.268	0.0107681	0	0
35.301	0.0107998	0	0
35.335	0.0108082	0	0
35.368	0.0106992	0	0
35.402	0.010914	0	0
35.435	0.015477	0	0
35.468	0.025177	0	0
35.502	0.0364222	0	0
35.535	0.0463547	0	0
35.568	0.0545779	0	0
35.602	0.0575418	0	0
35.635	0.0534308	0	0
35.668	0.0457264	1	0
35.702	0.037204	1	0
35.735	0.0295653	0	0
35.769	0.0221914	0	0
35.802	0.0170243	0	0
35.835	0.0140361	0	0
35.869	0.0132289	0	0
35.902	0.012653	0	0
35.935	0.0119736	0	0
35.969	0.0114235	0	0
36.002	0.0106516	0	0
36.036	0.00972566	0	0
36.069	0.00920413	0	0
36.102	0.00926797	0	0
36.136	0.0090723	0	0
36.169	0.00945093	0	0
36.202	0.00966323	0	0
36.236	0.00988091	0	0
36.269	0.00997641	0	0
36.302	0.0103519	0	0
36.336	0.009864	0	0
36.369	0.00977973	0	0
36.403	0.00995995	0	0
36.436	0.00960514	0	0
36.469	0.00913115	0	0
36.503	0.00898163	0	0
36.536	0.00871347	0	0
36.569	0.00818273	0	0
36.603	0.00817132	0	0
36.636	0.00827272	0	0
36.669	0.00846231	0	0
36.703	0.00856855	0	0
36.736	0.00858276	0	0
36.77	0.00835665	0	0
36.803	0.00785232	0	0
36.836	0.00747643	0	0
36.87	0.00774262	0	0
36.903	0.00771408	0	0
36.936	0.00797621	0	0
36.97	0.00824914	0	0
37.003	0.00846852	0	0
37.037	0.00835318	0	0
37.07	0.00852953	0	0
37.103	0.00873621	0	0
37.137	0.00892314	0	0
37.17	0.00903859	0	0
37.203	0.00886773	0	0
37.237	0.00875545	0	0
37.27	0.00881992	0	0
37.303	0.00880182	0	0
37.337	0.00886402	0	0
37.37	0.00912734	0	0
37.404	0.00911344	0	0
37.437	0.00866864	0	0
37.47	0.00843938	0	0
37.504	0.00844986	0	0
37.537	0.00821426	0	0
37.57	0.00856204	0	0
37.604	0.00873467	0	0
37.637	0.00891681	0	0
37.67	0.00891205	0	0
37.704	0.0090882	0	0
37.737	0.00912074	0	0
37.771	0.00936629	0	0
37.804	0.00936733	0	0
37.837	0.0093004	0	0
37.871	0.00923581	0	0
37.904	0.0087035	0	0
37.937	0.00809887	0	0
37.971	0.0081236	0	0
38.004	0.0080313	0	0
38.038	0.00792961	0	0
38.071	0.00820877	0	0
38.104	0.00878644	0	0
38.138	0.00883984	0	0
38.171	0.00878046	0	0
38.204	0.00877827	0	0
38.238	0.0119808	0	0
38.271	0.0207902	0	0
38.304	0.0322783	0	1
38.338	0.0442405	0	0
38.371	0.0563212	0	0
38.405	0.0624608	0	0
38.438	0.0620195	0	0
38.471	0.0589309	0	0
38.505	0.0537395	0	0
38.538	0.0464976	1	0
38.571	0.0393733	1	0
38.605	0.0322882	0	0
38.638	0.0251232	0	0
38.671	0.0193345	0	0
38.705	0.0154318	0	0
38.738	0.0137723	0	0
38.772	0.0133133	0	0
38.805	0.0126155	0	0
38.838	0.012194	0	0
38.872	0.0117774	0	0
38.905	0.0115068	0	0
38.938	0.0110226	0	0
38.972	0.0109035	0	0
39.005	0.0107553	0	0
39.039	0.0105564	0	0
39.072	0.0106198	0	0
39.105	0.0102998	0	0
39.139	0.0102153	0	0
39.172	0.0104223	0	0
39.205	0.0100742	0	0
39.239	0.00997268	0	0
39.272	0.00992461	0	0
39.305	0.00996685	0	0
39.339	0.00984193	0	0
39.372	0.0103328	0	0
39.406	0.0103896	0	0
39.439	0.0103933	0	0
39.472	0.0101491	0	0
39.506	0.00985313	0	0
39.539	0.00963784	0	0
39.572	0.00957746	0	0
39.606	0.0096819	0	0
39.639	0.00946219	0	0
39.672	0.00921437	0	0
39.706	0.00909378	0	0
39.739	0.008918	0	0
39.773	0.00894992	0	0
39.806	0.00904738	0	0
39.839	0.00902497	0	0
39.873	0.00927396	0	0
39.906	0.00932504	0	0
39.939	0.00925182	0	0
39.973	0.00932917	0	0
40.006	0.00981931	0	0
40.04	0.00973404	0	0
40.073	0.00979738	0	0
40.106	0.0094578	0	0
40.14	0.00948132	0	0
40.173	0.00938803	0	0
40.206	0.00951633	0	0
40.24	0.00950274	0	0
40.273	0.00967751	0	0
40.306	0.00969055	0	0
40.34	0.0097245	0	0
40.373	0.0097044	0	0
40.407	0.00974757	0	0
40.44	0.00996668	0	0
40.473	0.0104071	0	0
40.507	0.0109707	0	0
40.54	0.0186084	0	0
40.573	0.0291829	0	0
40.607	0.0400043	0	0
40.64	0.0503026	0	0
40.673	0.058421	0	0
40.707	0.0588156	0	0
40.74	0.0562485	0	0
40.774	0.0514264	0	0
40.807	0.0449204	1	0
40.84	0.0381429	1	0
40.874	0.0314093	0	0
40.907	0.0243347	0	0
40.94	0.0194675	0	0
40.974	0.0163589	0	0
41.007	0.0152316	0	0
41.041	0.0145542	0	0
41.074	0.0141075	0	0
41.107	0.013657	0	0
41.141	0.0136418	0	0
41.174	0.013954	0	0
41.207	0.0145596	0	0
41.241	0.0154437	0	0
41.274	0.016086	0	0
41.307	0.016522	0	0
41.341	0.016604	0	0
41.374	0.0168749	0	0
41.408	0.0169152	0	0
41.441	0.0168989	0	0
41.474	0.0169235	0	0
41.508	0.0170333	0	0
41.541	0.0164583	0	0
41.574	0.0166503	0	0
41.608	0.016858	0	0
41.641	0.0168361	0	0
41.674	0.0163719	0	0
41.708	0.0163361	0	0
41.741	0.0161154	0	0
41.775	0.0157025	0	0
41.808	0.015056	0	0
41.841	0.0151863	0	0
41.875	0.0149272	0	0
41.908	0.0144306	0	0
41.941	0.0143653	0	0
41.975	0.0149051	0	0
42.008	0.0146938	0	0
42.042	0.0148435	0	0
42.075	0.0150284	0	0
42.108	0.0146264	0	0
42.142	0.0140157	0	0
42.175	0.0141398	0	0
42.208	0.0142061	0	0
42.242	0.0139177	0	0
42.275	0.0139078	0	0
42.308	0.0137257	0	0
42.342	0.0134097	0	0
42.375	0.0132493	0	0
42.409	0.0133423	0	0
42.442	0.0133043	0	0
42.475	0.0133788	0	0
42.509	0.0133961	0	0
42.542	0.0131176	0	0
42.575	0.0131114	0	0
42.609	0.0131447	0	0
42.642	0.0131006	0	0
42.675	0.01353	0	0
42.709	0.0138886	0	0
42.742	0.0137858	0	0
42.776	0.0141133	0	0
42.809	0.0143872	0	0
42.842	0.0141408	0	0
42.876	0.0141094	0	0
42.909	0.0139588	0	0
42.942	0.0136293	0	0
42.976	0.0136435	0	0
43.009	0.0137211	0	0
43.043	0.0135531	0	0
43.076	0.0136328	0	0
43.109	0.0137369	0	0
43.143	0.0135071	0	0
43.176	0.0131728	0	0
43.209	0.013383	0	0
43.243	0.0135313	0	0
43.276	0.0135396	0	0
43.309	0.013644	0	0
43.343	0.0135733	0	0
43.376	0.0134227	0	0
43.41	0.0130189	0	0
43.443	0.0125593	0	0
43.476	0.0125625	0	0
43.51	0.0128186	0	0
43.543	0.012826	0	0
43.576	0.0136991	0	0
43.61	0.0142279	0	0
43.643	0.0144489	0	0
43.676	0.0149583	0	0
43.71	0.015153	0	0
43.743	0.0148975	0	0
43.777	0.0149155	0	0
43.81	0.0146458	0	0
43.843	0.0140282	0	0
43.877	0.0140007	0	0
43.91	0.0136027	0	0
43.943	0.0133515	0	0
43.977	0.0135579	0	0
44.01	0.014076	0	0
44.044	0.0146543	0	0
44.077	0.0153609	0	0
44.11	0.0160074	0	0
44.144	0.0163337	0	0
44.177	0.0166029	0	0
44.21	0.0164888	0	0
44.244	0.0163004	0	0
44.277	0.0164825	0	0
44.31	0.0166166	0	0
44.344	0.0162273	0	0
44.377	0.0161953	0	0
44.411	0.0220273	0	0
44.444	0.0300568	0	0
44.477	0.0378474	0	0
44.511	0.044387	0	0
44.544	0.0466356	0	0
44.577	0.0417304	0	0
44.611	0.0334491	0	0
44.644	0.0249125	0	0
44.677	0.0179722	0	0
44.711	0.0148514	0	0
44.744	0.0129963	0	0
44.778	0.0120762	0	0
44.811	0.0117685	0	0
44.844	0.0111082	0	0
44.878	0.0110684	0	0
44.911	0.0108973	0	0
44.944	0.0107978	0	0
44.978	0.0105368	0	0
45.011	0.0104235	0	0
45.045	0.00987978	0	0
45.078	0.00971851	0	0
45.111	0.00939163	0	0
45.145	0.00965337	0	0
45.178	0.00998676	0	0
45.211	0.0102824	0	0
45.245	0.010321	0	0
45.278	0.0107668	0	0
45.311	0.0105688	0	0
45.345	0.0107125	0	0
45.378	0.0108678	0	0
45.412	0.0113277	0	0
45.445	0.0111282	0	0
45.478	0.0111688	0	0
45.512	0.0108853	0	0
45.545	0.0105612	0	0
45.578	0.0102705	0	0
45.612	0.0104677	0	0
45.645	0.0105796	0	0
45.678	0.0109483	0	0
45.712	0.0112157	0	0
45.745	0.0113567	0	0
45.779	0.0116372	0	0
45.812	0.0114696	0	0
45.845	0.011386	0	0
45.879	0.011306	0	0
45.912	0.011175	0	0
45.945	0.0107647	0	0
45.979	0.0111383	0	0
46.012	0.0113041	0	0
46.046	0.0111856	0	0
46.079	0.0113648	0	0
46.112	0.0114712	0	0
46.146	0.0111996	0	0
46.179	0.0111264	0	0
46.212	0.0112599	0	0
46.246	0.0113747	0	0
46.279	0.0113257	0	0
46.312	0.0112439	0	0
46.346	0.0111269	0	0
46.379	0.0110348	0	0
46.413	0.010974	0	0
46.446	0.011132	0	0
46.479	0.0112346	0	0
46.513	0.0109568	0	0
46.546	0.0107741	0	0
46.579	0.0106483	0	0
46.613	0.0103441	0	0
46.646	0.0101625	0	0
46.679	0.0103656	0	0
46.713	0.0107061	0	0
46.746	0.010807	0	0
46.78	0.0107638	0	0
46.813	0.0109896	0	0
46.846	0.0108178	0	0
46.88	0.0108579	0	0
46.913	0.0107752	0	0
46.946	0.0108098	0	0
46.98	0.0108759	0	0
47.013	0.0107861	0	0
47.047	0.0105449	0	0
47.08	0.0106779	0	0
47.113	0.0108948	0	0
47.147	0.0106236	0	0
47.18	0.0108097	0	0
47.213	0.0105575	0	0
47.247	0.0102662	0	0
47.28	0.0100842	0	0
47.313	0.0100073	0	0
47.347	0.0100434	0	0
47.38	0.0101446	0	0
47.414	0.00997976	0	0
47.447	0.00967581	0	0
47.48	0.00964076	0	0
47.514	0.00913236	0	0
47.547	0.00925192	0	0
47.58	0.00943357	0	0
47.614	0.00979498	0	0
47.647	0.00995777	0	0
47.68	0.0103899	0	0
47.714	0.0104276	0	0
47.747	0.0104082	0	0
47.781	0.0102882	0	0
47.814	0.010187	0	0
47.847	0.00988516	0	0
47.881	0.00963794	0	0
47.914	0.0097853	0	0
47.947	0.00964753	0	0
47.981	0.00988497	0	0
48.014	0.010221	0	0
48.048	0.0105347	0	0
48.081	0.0103711	0	0
48.114	0.0103325	0	0
48.148	0.0101971	0	0
48.181	0.00996039	0	0
48.214	0.00989929	0	0
48.248	0.00988299	0	0
48.281	0.0100243	0	0
48.314	0.0100075	0	0
48.348	0.0101082	0	0
48.381	0.0100175	0	0
48.415	0.00987484	0	0
48.448	0.0098499	0	0
48.481	0.00946555	0	0
48.515	0.00975469	0	0
48.548	0.0098427	0	0
48.581	0.00983343	0	0
48.615	0.00984059	0	0
48.648	0.0100266	0	0
48.681	0.00964256	0	0
48.715	0.00989933	0	0
48.748	0.00990119	0	0
48.782	0.00979094	0	0
48.815	0.00983877	0	0
48.848	0.0100372	0	0
48.882	0.00975004	0	0
48.915	0.00987329	0	0
48.948	0.00989211	0	0
48.982	0.0100476	0	0
49.015	0.010199	0	0
49.049	0.0102008	0	0
49.082	0.0102181	0	0
49.115	0.0106032	0	0
49.149	0.0106489	0	0
49.182	0.0105369	0	0
49.215	0.0109342	0	0
49.249	0.0111651	0	0
49.282	0.0110763	0	0
49.315	0.0111162	0	0
49.349	0.011469	0	0
49.382	0.011268	0	0
49.416	0.0111417	0	0
49.449	0.0110363	0	0
49.482	0.0106526	0	0
49.516	0.00993052	0	0
49.549	0.00951795	0	0
49.582	0.00965589	0	0
49.616	0.00967283	0	0
49.649	0.00975618	0	0
49.682	0.00987343	0	0
49.716	0.00987949	0	0
49.749	0.00967893	0	0
49.783	0.00958309	0	0
49.816	0.00954045	0	0
49.849	0.00939105	0	0
49.883	0.00934613	0	0
49.916	0.00923467	0	0
49.949	0.00892727	0	0
49.983	0.00913939	0	0
50.016	0.00960013	0	0
50.05	0.00979116	0	0
50.083	0.00982137	0	0
50.116	0.0103203	0	0
50.15	0.0101732	0	0
50.183	0.0100539	0	0
50.216	0.0106201	0	0
50.25	0.018287	0	0
50.283	0.0278888	0	0
50.316	0.0393204	0	0
50.35	0.0504884	0	0
50.383	0.0589508	0	0
50.417	0.0592245	0	0
50.45	0.0570277	0	0
50.483	0.0510254	0	0
50.517	0.0437709	1	0
50.55	0.0366668	1	0
50.583	0.0294977	0	0
50.617	0.0225422	0	0
50.65	0.0178181	0	0
50.683	0.0145977	0	0
50.717	0.0132256	0	0
50.75	0.012866	0	0
50.784	0.012303	0	0
50.817	0.0120454	0	0
50.85	0.0114849	0	0
50.884	0.011173	0	0
50.917	0.0106533	0	0
50.95	0.010806	0	0
50.984	0.010674	0	0
51.017	0.0109398	0	0
51.051	0.0110384	0	0
51.084	0.0113179	0	0
51.117	0.0114518	0	0
51.151	0.0113174	0	0
51.184	0.0113485	0	0
51.217	0.0112673	0	0
51.251	0.0111219	0	0
51.284	0.0109729	0	0
51.317	0.0110271	0	0
51.351	0.010693	0	0
51.384	0.0108427	0	0
51.418	0.0111403	0	0
51.451	0.011208	0	0
51.484	0.0112178	0	0
51.518	0.0112386	0	0
51.551	0.0106828	0	0
51.584	0.0103589	0	0
51.618	0.00998609	0	0
51.651	0.00995551	0	0
51.684	0.00988085	0	0
51.718	0.0101083	0	0
51.751	0.0100236	0	0
51.785	0.0101766	0	0
51.818	0.0100399	0	0
51.851	0.00995268	0	0
51.885	0.010146	0	0
51.918	0.0103762	0	0
51.951	0.0102689	0	0
51.985	0.010433	0	0
52.018	0.0102771	0	0
52.052	0.0100703	0	0
52.085	0.00973897	0	0
52.118	0.00945541	0	0
52.152	0.00889407	0	0
52.185	0.0090094	0	0
52.218	0.00891731	0	0
52.252	0.00898316	0	0
52.285	0.00891631	0	0
52.318	0.00924386	0	0
52.352	0.009303	0	0
52.385	0.00934314	0	0
52.419	0.00945074	0	0
52.452	0.00976189	0	0
52.485	0.00971428	0	0
52.519	0.00963318	0	0
52.552	0.00962299	0	0
52.585	0.00979318	0	0
52.619	0.00976156	0	0
52.652	0.00975588	0	0
52.685	0.00968654	0	0
52.719	0.00985806	0	0
52.752	0.00936655	0	0
52.786	0.0093277	0	0
52.819	0.00936246	0	0
52.852	0.009767	0	0
52.886	0.0170816	0	0
52.919	0.0276821	0	0
52.952	0.0382617	0	0
52.986	0.0482741	0	0
53.019	0.0570379	0	0
53.053	0.058117	0	0
53.086	0.056025	0	0
53.119	0.0525216	1	0
53.153	0.0471925	1	0
53.186	0.042128	1	0
53.219	0.0365712	1	0
53.253	0.0300451	0	0
53.286	0.0239969	0	0
53.319	0.0198388	0	0
53.353	0.0165531	0	0
53.386	0.0138691	0	0
53.42	0.0124506	0	0
53.453	0.0118663	0	0
53.486	0.0118924	0	0
53.52	0.0113472	0	0
53.553	0.0111162	0	0
53.586	0.0108558	0	0
53.62	0.0107604	0	0
53.653	0.0103741	0	0
53.686	0.010421	0	0
53.72	0.0105844	0	0
53.753	0.0110037	0	0
53.787	0.0107027	0	0
53.82	0.0104529	0	0
53.853	0.0102922	0	0
53.887	0.00999519	0	0
53.92	0.00964625	0	0
53.953	0.00981604	0	0
53.987	0.0100006	0	0
54.02	0.0105422	0	0
54.054	0.0110641	0	0
54.087	0.0112287	0	0
54.12	0.0114692	0	0
54.154	0.0118303	0	0
54.187	0.0115519	0	0
54.22	0.0112865	0	0
54.254	0.0111833	0	0
54.287	0.0110964	0	0
54.32	0.0106467	0	0
54.354	0.0108219	0	0
54.387	0.0108673	0	0
54.421	0.0106627	0	0
54.454	0.0104124	0	0
54.487	0.0105222	0	0
54.521	0.00988591	0	0
54.554	0.0100044	0	0
54.587	0.0102645	0	0
54.621	0.0105132	0	0
54.654	0.0105079	0	0
54.687	0.0107561	0	0
54.721	0.0103612	0	0
54.754	0.0102006	0	0
54.788	0.0100825	0	0
54.821	0.0102421	0	0
54.854	0.0101283	0	0
54.888	0.0100962	0	0
54.921	0.00998443	0	0
54.954	0.0102508	0	0
54.988	0.00972017	0	0
55.021	0.00969826	0	0
55.055	0.00984394	0	0
55.088	0.0100549	0	0
55.121	0.00972425	0	0
55.155	0.0100492	0	0
55.188	0.00996857	0	0
55.221	0.00964805	0	0
55.255	0.00944181	0	0
55.288	0.00919658	0	0
55.321	0.00927235	0	0
55.355	0.00930653	0	0
55.388	0.00967934	0	0
55.422	0.00963401	0	0
55.455	0.00979215	0	0
55.488	0.00962724	0	0
55.522	0.00977042	0	0
55.555	0.00952226	0	0
55.588	0.00971319	0	0
55.622	0.00974026	0	0
55.655	0.00972515	0	0
55.688	0.0095071	0	0
55.722	0.00949236	0	0
55.755	0.00932895	0	0
55.789	0.00922402	0	0
55.822	0.00906972	0	0
55.855	0.00917073	0	0
55.889	0.00928545	0	0
55.922	0.00902645	0	0
55.955	0.00894024	0	0
55.989	0.00922022	0	0
56.022	0.00938305	0	0
56.056	0.00929963	0	0
56.089	0.00950608	0	0
56.122	0.00942383	0	0
56.156	0.00926466	0	0
56.189	0.00902321	0	0
56.222	0.00881554	0	0
56.256	0.00871181	0	0
56.289	0.00888593	0	0
56.322	0.00884788	0	0
56.356	0.00898588	0	0
56.389	0.00929268	0	0
56.423	0.0092458	0	0
56.456	0.00903701	0	0
56.489	0.00903602	0	0
56.523	0.00864548	0	0
56.556	0.00849222	0	0
56.589	0.0089685	0	0
56.623	0.00899274	0	0
56.656	0.00944015	0	0
56.689	0.00968882	0	0
56.723	0.00996594	0	0
56.756	0.00973012	0	0
56.79	0.0101144	0	0
56.823	0.00989083	0	0
56.856	0.0100228	0	0
56.89	0.00987206	0	0
56.923	0.00997462	0	0
56.956	0.00970664	0	0
56.99	0.00957235	0	0
57.023	0.00963115	0	0
57.057	0.00956469	0	0
57.09	0.00952126	0	0
57.123	0.00978585	0	0
57.157	0.00968047	0	0
57.19	0.00962439	0	0
57.223	0.0097757	0	0
57.257	0.00985477	0	0
57.29	0.00972879	0	0
57.323	0.00987323	0	0
57.357	0.0114601	0	0
57.39	0.0187467	0	0
57.424	0.0279062	0	0
57.457	0.0386744	0	0
57.49	0.0485668	0	0
57.524	0.0560526	0	0
57.557	0.0569967	0	0
57.59	0.0555727	0	0
57.624	0.0506229	0	0
57.657	0.0451609	1	0
57.69	0.0389332	1	0
57.724	0.0319028	0	0
57.757	0.0246416	0	0
57.791	0.0196512	0	0
57.824	0.0159425	0	0
57.857	0.0138811	0	0
57.891	0.0130598	0	0
57.924	0.012831	0	0
57.957	0.0124375	0	0
57.991	0.0120456	0	0
58.024	0.0114074	0	0
58.058	0.0115621	0	0
58.091	0.0116236	0	0
58.124	0.011686	0	0
58.158	0.0119091	0	0
58.191	0.0119049	0	0
58.224	0.0117511	0	0
58.258	0.0113969	0	0
58.291	0.010901	0	0
58.324	0.0104935	0	0
58.358	0.010425	0	0
58.391	0.0101983	0	0
58.425	0.0103065	0	0
58.458	0.0103691	0	0
58.491	0.0101628	0	0
58.525	0.0101197	0	0
58.558	0.0097464	0	0
58.591	0.00933489	0	0
58.625	0.00914056	0	0
58.658	0.00910601	0	0
58.691	0.0091535	0	0
58.725	0.00955397	0	0
58.758	0.00996716	0	0
58.792	0.0103346	0	0
58.825	0.0104844	0	0
58.858	0.0102775	0	0
58.892	0.0101265	0	0
58.925	0.00963903	0	0
58.958	0.00953265	0	0
58.992	0.00962964	0	0
59.025	0.00927885	0	0
59.059	0.00886942	0	0
59.092	0.00886071	0	0
59.125	0.00843315	0	0
59.159	0.00793573	0	0
59.192	0.00828846	0	0
59.225	0.00840258	0	0
59.259	0.00844462	0	0
59.292	0.00845638	0	0
59.325	0.00878383	0	0
59.359	0.00860188	0	0
59.392	0.00895787	0	0
59.426	0.00914143	0	0
59.459	0.00937632	0	0
59.492	0.00923137	0	0
59.526	0.00937624	0	0
59.559	0.00882337	0	0
59.592	0.00870657	0	0
59.626	0.00847169	0	0
59.659	0.00821563	0	0
59.692	0.00823134	0	0
59.726	0.00865824	0	0
59.759	0.00843748	0	0
59.793	0.0086126	0	0
59.826	0.00900335	0	0
59.859	0.00916253	0	0
59.893	0.00928422	0	0
59.926	0.0097289	0	0
59.959	0.00961242	0	0
59.993	0.00953026	0	0
60.026	0.00909493	0	0
60.06	0.00888293	0	0
60.093	0.00891617	0	0
60.126	0.00928353	0	0
60.16	0.00932028	0	0
60.193	0.00970094	0	0
60.226	0.00930253	0	0
60.26	0.00897434	0	0
60.293	0.00860389	0	0
60.326	0.00843218	0	0
60.36	0.00813132	0	0
60.393	0.00875367	0	0
60.427	0.00907919	0	0
60.46	0.00930556	0	0
60.493	0.00957521	0	0
60.527	0.00936031	0	0
60.56	0.00901002	0	0
60.593	0.00922417	0	0
60.627	0.00951016	0	0
60.66	0.009392	0	0
60.693	0.00989385	0	0
60.727	0.00992528	0	0
60.76	0.00971648	0	0
60.794	0.00930333	0	0
60.827	0.00913593	0	0
60.86	0.00901875	0	0
60.894	0.00923197	0	0
60.927	0.00918971	0	0
60.96	0.00921488	0	0
60.994	0.00981747	0	0
61.027	0.010022	0	0
61.061	0.00992929	0	0
61.094	0.00998574	0	0
61.127	0.0101113	0	0
61.161	0.00958981	0	0
61.194	0.00925663	0	0
61.227	0.00920417	0	0
61.261	0.00927961	0	0
61.294	0.00931264	0	0
61.327	0.00963704	0	0
61.361	0.0095184	0	0
61.394	0.00943422	0	0
61.428	0.00929596	0	0
61.461	0.00908572	0	0
61.494	0.00887544	0	0
61.528	0.00926302	0	0
61.561	0.00923954	0	0
61.594	0.00921475	0	0
61.628	0.00916764	0	0
61.661	0.00948154	0	0
61.694	0.00946026	0	0
61.728	0.00969058	0	0
61.761	0.0096915	0	0
61.795	0.0102239	0	0
61.828	0.0101727	0	0
61.861	0.0104935	0	0
61.895	0.0104735	0	0
61.928	0.0101576	0	0
61.961	0.00952691	0	0
61.995	0.00915005	0	0
62.028	0.00876491	0	0
62.062	0.00866812	0	0
62.095	0.00895426	0	0
62.128	0.00920908	0	0
62.162	0.00963384	0	0
62.195	0.0106443	0	0
62.228	0.0173041	0	0
62.262	0.0272982	0	1
62.295	0.0387743	0	0
62.328	0.0484187	0	0
62.362	0.0562099	0	0
62.395	0.0578631	0	0
62.429	0.0552231	0	0
62.462	0.0491747	1	0
62.495	0.0432336	1	0
62.529	0.0369337	1	0
62.562	0.0300934	0	0
62.595	0.0236964	0	0
62.629	0.0192175	0	0
62.662	0.0161162	0	0
62.695	0.0143916	0	0
62.729	0.0134212	0	0
62.762	0.0129674	0	0
62.796	0.0124137	0	0
62.829	0.0117904	0	0
62.862	0.0112806	0	0
62.896	0.0108051	0	0
62.929	0.010629	0	0
62.962	0.0106283	0	0
62.996	0.0105925	0	0
63.029	0.0105128	0	0
63.063	0.0104302	0	0
63.096	0.0100984	0	0
63.129	0.00990663	0	0
63.163	0.00962137	0	0
63.196	0.00949423	0	0
63.229	0.00965873	0	0
63.263	0.00976035	0	0
63.296	0.00956231	0	0
63.329	0.00954673	0	0
63.363	0.00937394	0	0
63.396	0.00926912	0	0
63.43	0.00921118	0	0
63.463	0.00911775	0	0
63.496	0.00917933	0	0
63.53	0.00920376	0	0
63.563	0.0090595	0	0
63.596	0.00898835	0	0
63.63	0.00899713	0	0
63.663	0.00886062	0	0
63.696	0.00924333	0	0
63.73	0.00933387	0	0
63.763	0.00939396	0	0
63.797	0.00927836	0	0
63.83	0.00949002	0	0
63.863	0.00907466	0	0
63.897	0.00926123	0	0
63.93	0.00913904	0	0
63.963	0.00873594	0	0
63.997	0.00860605	0	0
64.03	0.00883218	0	0
64.064	0.00873744	0	0
64.097	0.0089062	0	0
64.13	0.00932791	0	0
64.164	0.00931715	0	0
64.197	0.00936392	0	0
64.23	0.00962906	0	0
64.264	0.00944643	0	0
64.297	0.0096475	0	0
64.33	0.00995059	0	0
64.364	0.0100401	0	0
64.397	0.01029	0	0
64.431	0.0106288	0	0
64.464	0.010745	0	0
64.497	0.010647	0	0
64.531	0.0103982	0	0
64.564	0.0100381	0	0
64.597	0.00985003	0	0
64.631	0.00986475	0	0
64.664	0.00981481	0	0
64.697	0.00999528	0	0
64.731	0.00961467	0	0
64.764	0.00988226	0	0
64.798	0.00982633	0	0
64.831	0.00963453	0	0
64.864	0.00956927	0	0
64.898	0.00995856	0	0
64.931	0.00959214	0	0
64.964	0.00937971	0	0
64.998	0.0095488	0	0
65.031	0.00933736	0	0
65.065	0.00929263	0	0
65.098	0.00956607	0	0
65.131	0.00969617	0	0
65.165	0.00956766	0	0
65.198	0.00988356	0	0
65.231	0.00994385	0	0
65.265	0.00994805	0	0
65.298	0.0103396	0	0
65.331	0.0107731	0	0
65.365	0.0168672	0	0
65.398	0.027274	0	0
65.432	0.0386058	0	0
65.465	0.0485082	0	0
65.498	0.0569053	0	0
65.532	0.0585714	0	0
65.565	0.0535133	0	0
65.598	0.04505	1	0
65.632	0.0355779	1	0
65.665	0.0276906	0	0
65.698	0.0203691	0	0
65.732	0.0153615	0	0
65.765	0.0127374	0	0
65.799	0.0125547	0	0
65.832	0.0120895	0	0
65.865	0.0116764	0	0
65.899	0.0112348	0	0
65.932	0.0109195	0	0
65.965	0.0102711	0	0
65.999	0.00989395	0	0
66.032	0.00932779	0	0
66.066	0.00936722	0	0
66.099	0.0089773	0	0
66.132	0.00887422	0	0
66.166	0.00861469	0	0
66.199	0.00887056	0	0
66.232	0.00864585	0	0
66.266	0.00889731	0	0
66.299	0.00904989	0	0
66.332	0.00910163	0	0
66.366	0.0092772	0	0
66.399	0.00948408	0	0
66.433	0.00944834	0	0
66.466	0.00915264	0	0
66.499	0.00931825	0	0
66.533	0.00922107	0	0
66.566	0.00906252	0	0
66.599	0.00925574	0	0
66.633	0.0095891	0	0
66.666	0.00984209	0	0
66.699	0.00997538	0	0
66.733	0.0101808	0	0
66.766	0.00995985	0	0
66.8	0.0099447	0	0
66.833	0.0094571	0	0
66.866	0.00938513	0	0
66.9	0.00910516	0	0
66.933	0.00910613	0	0
66.966	0.00861111	0	0
67	0.00886927	0	0
67.033	0.00887019	0	0
67.067	0.00907168	0	0
67.1	0.00932667	0	0
67.133	0.00947335	0	0
67.167	0.00927062	0	0
67.2	0.00927895	0	0
67.233	0.00925515	0	0
67.267	0.00919593	0	0
67.3	0.00988458	0	0
67.333	0.010149	0	0
67.367	0.0102516	0	0
67.4	0.0102826	0	0
67.434	0.0101099	0	0
67.467	0.00939161	0	0
67.5	0.00947503	0	0
67.534	0.00920032	0	0
67.567	0.00892643	0	0
67.6	0.00924141	0	0
67.634	0.00974677	0	0
67.667	0.00982441	0	0
67.7	0.0104433	0	0
67.734	0.0109304	0	0
67.767	0.0108287	0	0
67.801	0.0108949	0	0
67.834	0.0104205	0	0
67.867	0.00986537	0	0
67.901	0.00959331	0	0
67.934	0.00955975	0	0
67.967	0.00934811	0	0
68.001	0.00952042	0	0
68.034	0.0106143	0	0
68.068	0.0157401	0	0
68.101	0.0216485	0	0
68.134	0.0300699	0	1
68.168	0.039041	0	0
68.201	0.0455469	0	0
68.234	0.0466785	0	0
68.268	0.0442931	0	0
68.301	0.0377763	1	0
68.334	0.0299472	0	0
68.368	0.0233262	0	0
68.401	0.0179268	0	0
68.435	0.0147753	0	0
68.468	0.0134062	0	0
68.501	0.0127792	0	0
68.535	0.0121357	0	0
68.568	0.01149	0	0
68.601	0.0112724	0	0
68.635	0.0110543	0	0
68.668	0.0114158	0	0
68.701	0.0117233	0	0
68.735	0.0120826	0	0
68.768	0.0121027	0	0
68.802	0.012105	0	0
68.835	0.0114918	0	0
68.868	0.0111876	0	0
68.902	0.0107284	0	0
68.935	0.0104244	0	0
68.968	0.0100774	0	0
69.002	0.00972807	0	0
69.035	0.00964909	0	0
69.069	0.00982491	0	0
69.102	0.00971517	0	0
69.135	0.00986419	0	0
69.169	0.00990875	0	0
69.202	0.00985847	0	0
69.235	0.00966493	0	0
69.269	0.00967865	0	0
69.302	0.00990833	0	0
69.335	0.009699	0	0
69.369	0.00948001	0	0
69.402	0.00980581	0	0
69.436	0.00990646	0	0
69.469	0.00963036	0	0
69.502	0.0101161	0	0
69.536	0.0104218	0	0
69.569	0.00970409	0	0
69.602	0.00960148	0	0
69.636	0.00919038	0	0
69.669	0.00886636	0	0
69.702	0.00868708	0	0
69.736	0.00904582	0	0
69.769	0.00936295	0	0
69.803	0.00953278	0	0
69.836	0.00949958	0	0
69.869	0.00934232	0	0
69.903	0.00921702	0	0
69.936	0.00915884	0	0
69.969	0.00897038	0	0
70.003	0.00908292	0	0
70.036	0.00964392	0	0
70.07	0.00970293	0	0
70.103	0.00965625	0	0
70.136	0.0101102	0	0
70.17	0.0102746	0	0
70.203	0.00994839	0	0
70.236	0.00978383	0	0
70.27	0.00972436	0	0
70.303	0.00966152	0	0
70.336	0.00932051	0	0
70.37	0.00930096	0	0
70.403	0.00956146	0	0
70.437	0.00920253	0	0
70.47	0.00910531	0	0
70.503	0.00946424	0	0
70.537	0.00931004	0	0
70.57	0.00919715	0	0
70.603	0.00971457	0	0
70.637	0.00977602	0	0
70.67	0.00989384	0	0
70.703	0.00995479	0	0
70.737	0.00982757	0	0
70.77	0.0096003	0	0
70.804	0.00936915	0	0
70.837	0.00919614	0	0
70.87	0.00944325	0	0
70.904	0.00968424	0	0
70.937	0.00980899	0	0
70.97	0.00996843	0	0
71.004	0.00990973	0	0
71.037	0.00959973	0	0
71.071	0.00941268	0	0
71.104	0.009287	0	0
71.137	0.00940245	0	0
71.171	0.00951097	0	0
71.204	0.00952353	0	0
71.237	0.00948474	0	0
71.271	0.00943265	0	0
71.304	0.00947891	0	0
71.337	0.00933504	0	0
71.371	0.00946069	0	0
71.404	0.00967222	0	0
71.438	0.00977228	0	0
71.471	0.00964215	0	0
71.504	0.00972239	0	0
71.538	0.00937663	0	0
71.571	0.00915805	0	0
71.604	0.00895727	0	0
71.638	0.00877237	0	0
71.671	0.00873786	0	0
71.704	0.00914047	0	0
71.738	0.0091804	0	0
71.771	0.0092511	0	0
71.805	0.00930432	0	0
71.838	0.00920177	0	0
71.871	0.00908917	0	0
71.905	0.00928035	0	0
71.938	0.00915284	0	0
71.971	0.00921698	0	0
72.005	0.00931859	0	0
72.038	0.00923129	0	0
72.072	0.00911172	0	0
72.105	0.00935559	0	0
72.138	0.00938872	0	0
72.172	0.00951269	0	0
72.205	0.00974214	0	0
72.238	0.00968821	0	0
72.272	0.00996396	0	0
72.305	0.00984178	0	0
72.338	0.0099426	0	0
72.372	0.00965389	0	0
72.405	0.00993678	0	0
72.439	0.00949516	0	0
72.472	0.00939607	0	0
72.505	0.00915521	0	0
72.539	0.00895503	0	0
72.572	0.00879504	0	0
72.605	0.00876976	0	0
72.639	0.00884461	0	0
72.672	0.00871575	0	0
72.705	0.00900316	0	0
72.739	0.00874205	0	0
72.772	0.00867984	0	0
72.806	0.00864179	0	0
72.839	0.00848022	0	0
72.872	0.00799572	0	0
72.906	0.00799889	0	0
72.939	0.00832253	0	0
72.972	0.00822511	0	0
73.006	0.00831905	0	0
73.039	0.00876682	0	0
73.073	0.00881575	0	0
73.106	0.00880777	0	0
73.139	0.00914878	0	0
73.173	0.0094649	0	0
73.206	0.00958218	0	0
73.239	0.00962776	0	0
73.273	0.00942451	0	0
73.306	0.00931305	0	0
73.339	0.00902952	0	0
73.373	0.00880249	0	0
73.406	0.00913519	0	0
73.44	0.0089854	0	0
73.473	0.00897379	0	0
73.506	0.00919935	0	0
73.54	0.0150049	0	0
73.573	0.025491	0	0
73.606	0.0378893	0	0
73.64	0.0492742	0	0
73.673	0.0586308	0	0
73.706	0.0615779	0	0
73.74	0.0583364	0	0
73.773	0.0514209	0	0
73.807	0.0429439	1	0
73.84	0.0348026	0	0
73.873	0.0271889	0	0
73.907	0.0203356	0	0
73.94	0.0158013	0	0
73.973	0.0136371	0	0
74.007	0.0125369	0	0
74.04	0.0118561	0	0
74.074	0.0117517	0	0
74.107	0.0114478	0	0
74.14	0.0106766	0	0
74.174	0.0111864	0	0
74.207	0.0111732	0	0
74.24	0.0105244	0	0
74.274	0.0101053	0	0
74.307	0.0102484	0	0
74.34	0.00974994	0	0
74.374	0.00977452	0	0
74.407	0.00985209	0	0
74.441	0.00980788	0	0
74.474	0.00974476	0	0
74.507	0.00937815	0	0
74.541	0.0088299	0	0
74.574	0.00892753	0	0
74.607	0.0091641	0	0
74.641	0.00923452	0	0
74.674	0.00964297	0	0
74.707	0.00981476	0	0
74.741	0.00970051	0	0
74.774	0.00969707	0	0
74.808	0.00992158	0	0
74.841	0.00963379	0	0
74.874	0.00991699	0	0
74.908	0.0101408	0	0
74.941	0.00991155	0	0
74.974	0.00954051	0	0
75.008	0.00946237	0	0
75.041	0.00918213	0	0
75.075	0.0087653	0	0
75.108	0.00880182	0	0
75.141	0.00884844	0	0
75.175	0.00915606	0	0
75.208	0.00939588	0	0
75.241	0.00951572	0	0
75.275	0.00943995	0	0
75.308	0.00939136	0	0
75.341	0.00922355	0	0
75.375	0.00872624	0	0
75.408	0.00866156	0	0
75.442	0.00872108	0	0
75.475	0.00874456	0	0
75.508	0.00848043	0	0
75.542	0.00856316	0	0
75.575	0.00868426	0	0
75.608	0.00867753	0	0
75.642	0.00916079	0	0
75.675	0.0095147	0	0
75.708	0.0098854	0	0
75.742	0.00992366	0	0
75.775	0.0100772	0	0
75.809	0.00982263	0	0
75.842	0.00972621	0	0
75.875	0.00989232	0	0
75.909	0.00995999	0	0
75.942	0.00990224	0	0
75.975	0.00976644	0	0
76.009	0.00945049	0	0
76.042	0.009188	0	0
76.076	0.00919081	0	0
76.109	0.00893484	0	0
76.142	0.00899854	0	0
76.176	0.00919052	0	0
76.209	0.00917742	0	0
76.242	0.0116054	0	0
76.276	0.0209453	0	0
76.309	0.0324539	0	1
76.342	0.0424516	0	0
76.376	0.0521218	0	0
76.409	0.0582998	0	0
76.443	0.0574456	0	0
76.476	0.0517418	1	0
76.509	0.0462339	1	0
76.543	0.0392198	1	0
76.576	0.031965	0	0
76.609	0.0249764	0	0
76.643	0.0200151	0	0
76.676	0.0167433	0	0
76.709	0.0147373	0	0
76.743	0.0139012	0	0
76.776	0.012957	0	0
76.81	0.0125446	0	0
76.843	0.0116163	0	0
76.876	0.0111819	0	0
76.91	0.0111892	0	0
76.943	0.0112239	0	0
76.976	0.0111749	0	0
77.01	0.0108016	0	0
77.043	0.0106194	0	0
77.077	0.0104907	0	0
77.11	0.0101963	0	0
77.143	0.00954321	0	0
77.177	0.00979396	0	0
77.21	0.00989901	0	0
77.243	0.00947991	0	0
77.277	0.00939825	0	0
77.31	0.00944835	0	0
77.343	0.00934516	0	0
77.377	0.00948874	0	0
77.41	0.00940641	0	0
77.444	0.00950418	0	0
77.477	0.00973582	0	0
77.51	0.0100047	0	0
77.544	0.00971881	0	0
77.577	0.0096573	0	0
77.61	0.00947908	0	0
77.644	0.00938422	0	0
77.677	0.00893645	0	0
77.71	0.00907787	0	0
77.744	0.0093455	0	0
77.777	0.00952639	0	0
77.811	0.0095385	0	0
77.844	0.00979344	0	0
77.877	0.0098875	0	0
77.911	0.00979937	0	0
77.944	0.0099102	0	0
77.977	0.00992224	0	0
78.011	0.00966949	0	0
78.044	0.0092882	0	0
78.078	0.00901156	0	0
78.111	0.00889895	0	0
78.144	0.00861585	0	0
78.178	0.00905716	0	0
78.211	0.00947903	0	0
78.244	0.010074	0	0
78.278	0.00989973	0	0
78.311	0.0101782	0	0
78.344	0.0101235	0	0
78.378	0.00980462	0	0
78.411	0.00960708	0	0
78.445	0.00973625	0	0
78.478	0.00953399	0	0
78.511	0.0092621	0	0
78.545	0.00894856	0	0
78.578	0.00888008	0	0
78.611	0.00872831	0	0
78.645	0.00902542	0	0
78.678	0.00884395	0	0
78.711	0.00935221	0	0
78.745	0.00929715	0	0
78.778	0.00934207	0	0
78.812	0.00905116	0	0
78.845	0.00947704	0	0
78.878	0.00933452	0	0
78.912	0.00939048	0	0
78.945	0.00908658	0	0
78.978	0.00900526	0	0
79.012	0.00867315	0	0
79.045	0.00887739	0	0
79.079	0.0090078	0	0
79.112	0.00968392	0	0
79.145	0.0099779	0	0
79.179	0.00997682	0	0
79.212	0.00992378	0	0
79.245	0.00966432	0	0
79.279	0.00924917	0	0
79.312	0.0092093	0	0
79.345	0.0089787	0	0
79.379	0.00865696	0	0
79.412	0.00860789	0	0
79.446	0.00847667	0	0
79.479	0.00854478	0	0
79.512	0.00902468	0	0
79.546	0.00878355	0	0
79.579	0.00879545	0	0
79.612	0.00908827	0	0
79.646	0.00909729	0	0
79.679	0.00929145	0	0
79.712	0.00981407	0	0
79.746	0.0100774	0	0
79.779	0.00989289	0	0
79.813	0.00984828	0	0
79.846	0.00967543	0	0
79.879	0.00966301	0	0
79.913	0.00964135	0	0
79.946	0.00961717	0	0
79.979	0.00945263	0	0
80.013	0.00949636	0	0
80.046	0.00954731	0	0
80.08	0.00960315	0	0
80.113	0.00994242	0	0
80.146	0.0103389	0	0
80.18	0.0103958	0	0
80.213	0.0103421	0	0
80.246	0.0102	0	0
80.28	0.00964103	0	0
80.313	0.00942102	0	0
80.346	0.00917585	0	0
80.38	0.00923552	0	0
80.413	0.00924731	0	0
80.447	0.00933527	0	0
80.48	0.00910665	0	0
80.513	0.00921683	0	0
80.547	0.00896725	0	0
80.58	0.00863218	0	0
80.613	0.00899419	0	0
80.647	0.00926716	0	0
80.68	0.00955651	0	0
80.713	0.00981473	0	0
80.747	0.00994574	0	0
80.78	0.00972861	0	0
80.814	0.00964169	0	0
80.847	0.00956381	0	0
80.88	0.00936087	0	0
80.914	0.00982036	0	0
80.947	0.00990202	0	0
80.98	0.00975498	0	0
81.014	0.00961352	0	0
81.047	0.00950322	0	0
81.081	0.00905078	0	0
81.114	0.00915918	0	0
81.147	0.00923759	0	0
81.181	0.00937905	0	0
81.214	0.00978988	0	0
81.247	0.00998689	0	0
81.281	0.00996037	0	0
81.314	0.0102817	0	0
81.347	0.0104189	0	0
81.381	0.0103715	0	0
81.414	0.0103715	0	0
81.448	0.0105628	0	0
81.481	0.0102121	0	0
81.514	0.0102568	0	0
81.548	0.00983765	0	0
81.581	0.00979746	0	0
81.614	0.00973452	0	0
81.648	0.00981938	0	0
81.681	0.010504	0	0
81.714	0.0184873	0	0
81.748	0.0302208	0	1
81.781	0.0429174	0	0
81.815	0.0545142	0	0
81.848	0.0625234	0	0
81.881	0.0629142	0	0
81.915	0.0598536	0	0
81.948	0.0538016	0	0
81.981	0.0470029	1	0
82.015	0.0411893	1	0
82.048	0.0350864	1	0
82.082	0.0275482	0	0
82.115	0.0216382	0	0
82.148	0.0176935	0	0
82.182	0.0151549	0	0
82.215	0.0137986	0	0
82.248	0.0131884	0	0
82.282	0.0126712	0	0
82.315	0.0122041	0	0
82.348	0.0119161	0	0
82.382	0.0113616	0	0
82.415	0.011202	0	0
82.449	0.0111346	0	0
82.482	0.0111015	0	0
82.515	0.0108692	0	0
82.549	0.0108744	0	0
82.582	0.0105891	0	0
82.615	0.0102614	0	0
82.649	0.0100384	0	0
82.682	0.00994711	0	0
82.715	0.0100374	0	0
82.749	0.0102123	0	0
82.782	0.0101914	0	0
82.816	0.0102028	0	0
82.849	0.0102558	0	0
82.882	0.0102292	0	0
82.916	0.0103971	0	0
82.949	0.0107223	0	0
82.982	0.0106771	0	0
83.016	0.0104664	0	0
83.049	0.0104361	0	0
83.083	0.0101986	0	0
83.116	0.0100557	0	0
83.149	0.0102068	0	0
83.183	0.0107137	0	0
83.216	0.0108446	0	0
83.249	0.0108166	0	0
83.283	0.011048	0	0
83.316	0.0113395	0	0
83.349	0.011243	0	0
83.383	0.0108131	0	0
83.416	0.0108054	0	0
83.45	0.0104501	0	0
83.483	0.0100262	0	0
83.516	0.00965557	0	0
83.55	0.00972555	0	0
83.583	0.00937264	0	0
83.616	0.0095843	0	0
83.65	0.00985068	0	0
83.683	0.00988774	0	0
83.716	0.0100626	0	0
83.75	0.0103538	0	0
83.783	0.0103488	0	0
83.817	0.0101574	0	0
83.85	0.0105089	0	0
83.883	0.0106739	0	0
83.917	0.0107813	0	0
83.95	0.0105154	0	0
83.983	0.0105222	0	0
84.017	0.0101624	0	0
84.05	0.0101809	0	0
84.084	0.0100962	0	0
84.117	0.0104257	0	0
84.15	0.0103438	0	0
84.184	0.0108291	0	0
84.217	0.010994	0	0
84.25	0.0110122	0	0
84.284	0.0110951	0	0
84.317	0.0116201	0	0
84.35	0.011385	0	0
84.384	0.0111203	0	0
84.417	0.0111064	0	0
84.451	0.0109118	0	0
84.484	0.0104489	0	0
84.517	0.0104415	0	0
84.551	0.0102039	0	0
84.584	0.00994436	0	0
84.617	0.00961723	0	0
84.651	0.00929175	0	0
84.684	0.00878805	0	0
84.717	0.00865002	0	0
84.751	0.00882595	0	0
84.784	0.00916673	0	0
84.818	0.00927776	0	0
84.851	0.00943943	0	0
84.884	0.0098819	0	0
84.918	0.0100815	0	0
84.951	0.00982506	0	0
84.984	0.00995419	0	0
85.018	0.0101854	0	0
85.051	0.00995402	0	0
85.085	0.00991662	0	0
85.118	0.0102678	0	0
85.151	0.0102178	0	0
85.185	0.00992327	0	0
85.218	0.010239	0	0
85.251	0.0101915	0	0
85.285	0.0102254	0	0
85.318	0.0104411	0	0
85.351	0.0108853	0	0
85.385	0.0106496	0	0
85.418	0.0110057	0	0
85.452	0.0111075	0	0
85.485	0.0111944	0	0
85.518	0.0111887	0	0
85.552	0.01118	0	0
85.585	0.01073	0	0
85.618	0.0109937	0	0
85.652	0.0107741	0	0
85.685	0.0103476	0	0
85.718	0.010365	0	0
85.752	0.0103122	0	0
85.785	0.0100661	0	0
85.819	0.0102421	0	0
85.852	0.0104836	0	0
85.885	0.0108398	0	0
85.919	0.0111114	0	0
85.952	0.0105297	0	0
85.985	0.0106468	0	0
86.019	0.0108639	0	0
86.052	0.010592	0	0
86.086	0.0105003	0	0
86.119	0.0109312	0	0
86.152	0.0107296	0	0
86.186	0.010875	0	0
86.219	0.0108658	0	0
86.252	0.0108959	0	0
86.286	0.0109073	0	0
86.319	0.0110802	0	0
86.352	0.0106296	0	0
86.386	0.0103546	0	0
86.419	0.0103966	0	0
86.453	0.0104768	0	0
86.486	0.0124507	0	0
86.519	0.0212683	0	0
86.553	0.0328269	0	1
86.586	0.043864	0	0
86.619	0.0530741	0	0
86.653	0.0596826	0	0
86.686	0.0591927	0	0
86.719	0.0553244	0	0
86.753	0.049829	1	0
86.786	0.0439217	1	0
86.82	0.0375131	1	0
86.853	0.0309434	0	0
86.886	0.0244958	0	0
86.92	0.0196279	0	0
86.953	0.0168785	0	0
86.986	0.0151977	0	0
87.02	0.0140503	0	0
87.053	0.0136178	0	0
87.087	0.0133983	0	0
87.12	0.0129813	0	0
87.153	0.0123942	0	0
87.187	0.0121452	0	0
87.22	0.0115061	0	0
87.253	0.0109352	0	0
87.287	0.0106813	0	0
87.32	0.0105572	0	0
87.353	0.010488	0	0
87.387	0.0107586	0	0
87.42	0.010853	0	0
87.454	0.0107259	0	0
87.487	0.010832	0	0
87.52	0.0105913	0	0
87.554	0.0104103	0	0
87.587	0.00987758	0	0
87.62	0.0102556	0	0
87.654	0.0100595	0	0
87.687	0.0100879	0	0
87.72	0.0100471	0	0
87.754	0.0101655	0	0
87.787	0.00974863	0	0
87.821	0.00968713	0	0
87.854	0.0095763	0	0
87.887	0.00926672	0	0
87.921	0.00921066	0	0
87.954	0.0089194	0	0
87.987	0.00864165	0	0
88.021	0.00859335	0	0
88.054	0.00905149	0	0
88.088	0.00941614	0	0
88.121	0.00987659	0	0
88.154	0.0103128	0	0
88.188	0.0104904	0	0
88.221	0.0103953	0	0
88.254	0.0104263	0	0
88.288	0.0101753	0	0
88.321	0.0101881	0	0
88.354	0.0102289	0	0
88.388	0.0105094	0	0
88.421	0.0104204	0	0
88.455	0.0104462	0	0
88.488	0.0102749	0	0
88.521	0.0102245	0	0
88.555	0.00952953	0	0
88.588	0.0093657	0	0
88.621	0.00952419	0	0
88.655	0.00994644	0	0
88.688	0.00987206	0	0
88.721	0.0100247	0	0
88.755	0.0101796	0	0
88.788	0.00987634	0	0
88.822	0.00955938	0	0
88.855	0.00955389	0	0
88.888	0.00949162	0	0
88.922	0.00962685	0	0
88.955	0.00970444	0	0
88.988	0.00965704	0	0
89.022	0.010054	0	0
89.055	0.0102069	0	0
89.089	0.0100143	0	0
89.122	0.0102695	0	0
89.155	0.0105091	0	0
89.189	0.010169	0	0
89.222	0.0101944	0	0
89.255	0.0105407	0	0
89.289	0.010596	0	0
89.322	0.0105412	0	0
89.355	0.010377	0	0
89.389	0.0105253	0	0
89.422	0.0104131	0	0
89.456	0.0106684	0	0
89.489	0.0110164	0	0
89.522	0.0114631	0	0
89.556	0.0112976	0	0
89.589	0.0108379	0	0
89.622	0.0108299	0	0
89.656	0.0103992	0	0
89.689	0.0103352	0	0
89.722	0.0108038	0	0
89.756	0.0114352	0	0
89.789	0.0112259	0	0
89.823	0.0112413	0	0
89.856	0.0114104	0	0
89.889	0.0107985	0	0
89.923	0.0105343	0	0
89.956	0.0104643	0	0
89.989	0.0108242	0	0
90.023	0.0105776	0	0
90.056	0.0109717	0	0
90.09	0.0107413	0	0
90.123	0.0105834	0	0
90.156	0.0103065	0	0
90.19	0.010052	0	0
90.223	0.00990203	0	0
90.256	0.00983497	0	0
90.29	0.00964181	0	0
90.323	0.00968409	0	0
90.356	0.00997399	0	0
90.39	0.0100353	0	0
90.423	0.0105732	0	0
90.457	0.0107376	0	0
90.49	0.010678	0	0
90.523	0.0105647	0	0
90.557	0.0102904	0	0
90.59	0.0101176	0	0
90.623	0.0100911	0	0
90.657	0.00984529	0	0
90.69	0.0096809	0	0
90.723	0.00993334	0	0
90.757	0.00994992	0	0
90.79	0.00995908	0	0
90.824	0.00993366	0	0
90.857	0.0100323	0	0
90.89	0.00990023	0	0
90.924	0.00978827	0	0
90.957	0.0098819	0	0
90.99	0.0100182	0	0
91.024	0.0103904	0	0
91.057	0.0104254	0	0
91.091	0.0103938	0	0
91.124	0.0103065	0	0
91.157	0.0101712	0	0
91.191	0.009516	0	0
91.224	0.00954424	0	0
91.257	0.00967206	0	0
91.291	0.00979471	0	0
91.324	0.0100089	0	0
91.357	0.0124288	0	0
91.391	0.0204527	0	0
91.424	0.0327703	0	1
91.458	0.0448133	0	0
91.491	0.0540407	0	0
91.524	0.060481	0	0
91.558	0.060751	0	0
91.591	0.0567237	0	0
91.624	0.0511408	0	0
91.658	0.0465314	1	0
91.691	0.0413742	1	0
91.724	0.0353065	1	0
91.758	0.0282052	0	0
91.791	0.0226537	0	0
91.825	0.0189372	0	0
91.858	0.0162821	0	0
91.891	0.0151198	0	0
91.925	0.0149336	0	0
91.958	0.0148072	0	0
91.991	0.0144875	0	0
92.025	0.0147255	0	0
92.058	0.0142395	0	0
92.092	0.014002	0	0
92.125	0.0135118	0	0
92.158	0.0138634	0	0
92.192	0.0136599	0	0
92.225	0.0134252	0	0
92.258	0.0132795	0	0
92.292	0.0133866	0	0
92.325	0.0131188	0	0
92.358	0.0126704	0	0
92.392	0.0126711	0	0
92.425	0.0125001	0	0
92.459	0.0123658	0	0
92.492	0.0117763	0	0
92.525	0.0118618	0	0
92.559	0.0117857	0	0
92.592	0.0113536	0	0
92.625	0.0115726	0	0
92.659	0.0118839	0	0
92.692	0.0115078	0	0
92.725	0.0116922	0	0
92.759	0.0117828	0	0
92.792	0.0113364	0	0
92.826	0.0112503	0	0
92.859	0.0114966	0	0
92.892	0.0115194	0	0
92.926	0.0114567	0	0
92.959	0.0117939	0	0
92.992	0.0115273	0	0
93.026	0.0115633	0	0
93.059	0.0112693	0	0
93.093	0.0114703	0	0
93.126	0.0115113	0	0
93.159	0.0120143	0	0
93.193	0.0121957	0	0
93.226	0.0125171	0	0
93.259	0.0124879	0	0
93.293	0.0123004	0	0
93.326	0.0122194	0	0
93.359	0.0121515	0	0
93.393	0.0117144	0	0
93.426	0.0120154	0	0
93.46	0.0120392	0	0
93.493	0.0120552	0	0
93.526	0.0122307	0	0
93.56	0.0123917	0	0
93.593	0.0121629	0	0
93.626	0.0124142	0	0
93.66	0.0121443	0	0
93.693	0.0120471	0	0
93.726	0.0126076	0	0
93.76	0.012867	0	0
93.793	0.0128099	0	0
93.827	0.0130491	0	0
93.86	0.0130066	0	0
93.893	0.0124081	0	0
93.927	0.0120491	0	0
93.96	0.0121336	0	0
93.993	0.0121678	0	0
94.027	0.0119078	0	0
94.06	0.0119118	0	0
94.094	0.011911	0	0
94.127	0.0116551	0	0
94.16	0.0112796	0	0
94.194	0.0112716	0	0
94.227	0.0110501	0	0
94.26	0.0107606	0	0
94.294	0.0106837	0	0
94.327	0.0105679	0	0
94.36	0.0104621	0	0
94.394	0.0105156	0	0
94.427	0.0105614	0	0
94.461	0.0104916	0	0
94.494	0.0104501	0	0
94.527	0.0105495	0	0
94.561	0.0107326	0	0
94.594	0.0105642	0	0
94.627	0.0104618	0	0
94.661	0.0106102	0	0
94.694	0.0104109	0	0
94.727	0.0102261	0	0
94.761	0.0105092	0	0
94.794	0.0105168	0	0
94.828	0.0104648	0	0
94.861	0.0105145	0	0
94.894	0.0107481	0	0
94.928	0.010903	0	0
94.961	0.0109222	0	0
94.994	0.011126	0	0
95.028	0.0113583	0	0
95.061	0.0115522	0	0
95.095	0.0116098	0	0
95.128	0.0119707	0	0
95.161	0.011902	0	0
95.195	0.0117869	0	0
95.228	0.01163	0	0
95.261	0.0114289	0	0
95.295	0.0110087	0	0
95.328	0.0111509	0	0
95.361	0.0109029	0	0
95.395	0.0106288	0	0
95.428	0.01047	0	0
95.462	0.010458	0	0
95.495	0.0101699	0	0
95.528	0.0103576	0	0
95.562	0.0103937	0	0
95.595	0.0101986	0	0
95.628	0.0102616	0	0
95.662	0.0105804	0	0
95.695	0.0103826	0	0
95.728	0.0102884	0	0
95.762	0.0104669	0	0
95.795	0.0105708	0	0
95.829	0.0104491	0	0
95.862	0.0107323	0	0
95.895	0.0108713	0	0
95.929	0.0110802	0	0
95.962	0.011073	0	0
95.995	0.010991	0	0
96.029	0.0107114	0	0
96.062	0.0108117	0	0
96.096	0.0107806	0	0
96.129	0.01081	0	0
96.162	0.0103973	0	0
96.196	0.0107128	0	0
96.229	0.0107295	0	0
96.262	0.011115	0	0
96.296	0.0110179	0	0
96.329	0.0116562	0	0
96.362	0.0118286	0	0
96.396	0.0117167	0	0
96.429	0.0116118	0	0
96.463	0.0113189	0	0
96.496	0.0111069	0	0
96.529	0.0110314	0	0
96.563	0.0108266	0	0
96.596	0.0105772	0	0
96.629	0.0110001	0	0
96.663	0.010786	0	0
96.696	0.0104539	0	0
96.729	0.010695	0	0
96.763	0.0105643	0	0
96.796	0.0103857	0	0
96.83	0.0105095	0	0
96.863	0.0103257	0	0
96.896	0.0102684	0	0
96.93	0.0103135	0	0
96.963	0.0104415	0	0
96.996	0.01042	0	0
97.03	0.0105699	0	0
97.063	0.0107529	0	0
97.097	0.0105648	0	0
97.13	0.0105197	0	0
97.163	0.010305	0	0
97.197	0.0104602	0	0
97.23	0.0106238	0	0
97.263	0.0106093	0	0
97.297	0.0104514	0	0
97.33	0.0109586	0	0
97.363	0.0107505	0	0
97.397	0.0101611	0	0
97.43	0.0102813	0	0
97.464	0.0106711	0	0
97.497	0.0100998	0	0
97.53	0.0106668	0	0
97.564	0.0108202	0	0
97.597	0.0109117	0	0
97.63	0.0105765	0	0
97.664	0.010819	0	0
97.697	0.0105203	0	0
97.73	0.0103933	0	0
97.764	0.0105625	0	0
97.797	0.0107466	0	0
97.831	0.0108937	0	0
97.864	0.0107923	0	0
97.897	0.0110871	0	0
97.931	0.0109834	0	0
97.964	0.0111094	0	0
97.997	0.0110428	0	0
98.031	0.0111972	0	0
98.064	0.0114948	0	0
98.098	0.0117296	0	0
98.131	0.0181197	0	0
98.164	0.02723	0	0
98.198	0.0383579	0	0
98.231	0.0487982	0	0
98.264	0.0578825	0	0
98.298	0.0597669	0	0
98.331	0.0586453	0	0
98.364	0.0555957	0	0
98.398	0.0511891	0	0
98.431	0.0464714	1	0
98.465	0.0415922	1	0
98.498	0.0352774	1	0
98.531	0.0279998	0	0
98.565	0.022051	0	0
98.598	0.0177903	0	0
98.631	0.0145518	0	0
98.665	0.0133149	0	0
98.698	0.01271	0	0
98.731	0.0124788	0	0
98.765	0.0123923	0	0
98.798	0.0121858	0	0
98.832	0.0120111	0	0
98.865	0.0116658	0	0
98.898	0.0117711	0	0
98.932	0.01182	0	0
98.965	0.0114642	0	0
98.998	0.0113017	0	0
99.032	0.011385	0	0
99.065	0.0111122	0	0
99.099	0.0110112	0	0
99.132	0.0110494	0	0
99.165	0.0108531	0	0
99.199	0.0107825	0	0
99.232	0.0104975	0	0
99.265	0.0102576	0	0
99.299	0.010547	0	0
99.332	0.0105495	0	0
99.365	0.0108133	0	0
99.399	0.0112446	0	0
99.432	0.011197	0	0
99.466	0.0110795	0	0
99.499	0.0112825	0	0
99.532	0.011589	0	0
99.566	0.0115301	0	0
99.599	0.0117896	0	0
99.632	0.0120049	0	0
99.666	0.0119948	0	0
99.699	0.0117709	0	0
99.732	0.0117136	0	0
99.766	0.0116163	0	0
99.799	0.0115162	0	0
99.833	0.0113944	0	0
99.866	0.011014	0	0
99.899	0.0108378	0	0
99.933	0.010791	0	0
99.966	0.0102101	0	0
99.999	0.0102068	0	0
100.033	0.0102602	0	0
100.066	0.0102479	0	0
100.1	0.0100139	0	0
100.133	0.0100943	0	0
100.166	0.00982409	0	0
100.2	0.00960341	0	0
100.233	0.00971155	0	0
100.266	0.0096797	0	0
100.3	0.00974723	0	0
100.333	0.00969168	0	0
100.366	0.00965108	0	0
100.4	0.00955436	0	0
100.433	0.00929475	0	0
100.467	0.00941765	0	0
100.5	0.00961589	0	0
100.533	0.00990544	0	0
100.567	0.00976468	0	0
100.6	0.00992079	0	0
100.633	0.0104179	0	0
100.667	0.01026	0	0
100.7	0.0100083	0	0
100.733	0.0101674	0	0
100.767	0.0103996	0	0
100.8	0.00975482	0	0
100.834	0.0101417	0	0
100.867	0.0105147	0	0
100.9	0.0105906	0	0
100.934	0.0104131	0	0
100.967	0.0105969	0	0
101	0.0102533	0	0
101.034	0.0101477	0	0
101.067	0.0102177	0	0
101.101	0.0106645	0	0
101.134	0.0107833	0	0
101.167	0.0112043	0	0
101.201	0.0110113	0	0
101.234	0.0111165	0	0
101.267	0.0108952	0	0
101.301	0.0109353	0	0
101.334	0.0110921	0	0
101.367	0.0114737	0	0
101.401	0.011595	0	0
101.434	0.0116211	0	0
101.468	0.0115402	0	0
101.501	0.0109605	0	0
101.534	0.0107563	0	0
101.568	0.0101953	0	0
101.601	0.0099628	0	0
101.634	0.0103699	0	0
101.668	0.0102784	0	0
101.701	0.0101472	0	0
101.734	0.0103418	0	0
101.768	0.0105816	0	0
101.801	0.0102464	0	0
101.835	0.0104083	0	0
101.868	0.0104638	0	0
101.901	0.0105218	0	0
101.935	0.0103767	0	0
101.968	0.0101746	0	0
102.001	0.0103441	0	0
102.035	0.010389	0	0
102.068	0.0105737	0	0
102.102	0.0108694	0	0
102.135	0.0112473	0	0
102.168	0.0114448	0	0
102.202	0.0115051	0	0
102.235	0.0117039	0	0
102.268	0.0113406	0	0
102.302	0.0111696	0	0
102.335	0.0111338	0	0
102.368	0.0109214	0	0
102.402	0.0105218	0	0
102.435	0.0106799	0	0
102.469	0.0107976	0	0
102.502	0.0110042	0	0
102.535	0.0112505	0	0
102.569	0.0109762	0	0
102.602	0.0105344	0	0
102.635	0.0104377	0	0
102.669	0.00995996	0	0
102.702	0.00980624	0	0
102.735	0.0101824	0	0
102.769	0.0105043	0	0
102.802	0.0104006	0	0
102.836	0.0106313	0	0
102.869	0.0110189	0	0
102.902	0.0129977	0	0
102.936	0.0167596	0	0
102.969	0.0205997	0	0
103.002	0.0241942	0	0
103.036	0.0269695	0	0
103.069	0.0272203	0	0
103.103	0.0249252	0	0
103.136	0.0224312	0	0
103.169	0.0196772	0	0
103.203	0.0174235	0	0
103.236	0.0158972	0	0
103.269	0.0149914	0	0
103.303	0.0143349	0	0
103.336	0.0138335	0	0
103.369	0.0136452	0	0
103.403	0.0134645	0	0
103.436	0.0138393	0	0
103.47	0.0137776	0	0
103.503	0.0140306	0	0
103.536	0.0140159	0	0
103.57	0.0135485	0	0
103.603	0.0132003	0	0
103.636	0.0128185	0	0
103.67	0.0124861	0	0
103.703	0.0121761	0	0
103.736	0.0121611	0	0
103.77	0.0116959	0	0
103.803	0.0118323	0	0
103.837	0.011262	0	0
103.87	0.0106171	0	0
103.903	0.0105105	0	0
103.937	0.0108746	0	0
103.97	0.0106878	0	0
104.003	0.011018	0	0
104.037	0.0114656	0	0
104.07	0.011617	0	0
104.104	0.0112857	0	0
104.137	0.0113972	0	0
104.17	0.0116063	0	0
104.204	0.0114483	0	0
104.237	0.0114334	0	0
104.27	0.0116952	0	0
104.304	0.0115683	0	0
104.337	0.0115181	0	0
104.37	0.0119171	0	0
104.404	0.0120377	0	0
104.437	0.0118409	0	0
104.471	0.01163	0	0
104.504	0.0115654	0	0
104.537	0.0115611	0	0
104.571	0.0109815	0	0
104.604	0.0106541	0	0
104.637	0.0107559	0	0
104.671	0.0105316	0	0
104.704	0.0111332	0	0
104.737	0.0189724	0	0
104.771	0.0307942	0	1
104.804	0.0432952	0	0
104.838	0.0545386	0	0
104.871	0.0634157	0	0
104.904	0.0642095	0	0
104.938	0.0612707	0	0
104.971	0.0553131	0	0
105.004	0.0490071	1	0
105.038	0.0428629	1	0
105.071	0.0364306	1	0
105.105	0.0287459	0	0
105.138	0.0231697	0	0
105.171	0.0186269	0	0
105.205	0.015469	0	0
105.238	0.0142697	0	0
105.271	0.0138837	0	0
105.305	0.0132996	0	0
105.338	0.0133823	0	0
105.371	0.013253	0	0
105.405	0.0130619	0	0
105.438	0.0126561	0	0
105.472	0.0125391	0	0
105.505	0.012112	0	0
105.538	0.0119669	0	0
105.572	0.0113842	0	0
105.605	0.0112006	0	0
105.638	0.0111088	0	0
105.672	0.011261	0	0
105.705	0.0112617	0	0
105.738	0.0118206	0	0
105.772	0.0121276	0	0
105.805	0.0122447	0	0
105.839	0.012122	0	0
105.872	0.0118812	0	0
105.905	0.0115356	0	0
105.939	0.0111715	0	0
105.972	0.0109287	0	0
106.005	0.0108847	0	0
106.039	0.0107853	0	0
106.072	0.0105198	0	0
106.106	0.0105258	0	0
106.139	0.0101114	0	0
106.172	0.00974515	0	0
106.206	0.0094795	0	0
106.239	0.00963726	0	0
106.272	0.00976018	0	0
106.306	0.010014	0	0
106.339	0.0105007	0	0
106.372	0.010756	0	0
106.406	0.0107435	0	0
106.439	0.0108067	0	0
106.473	0.0110495	0	0
106.506	0.0105907	0	0
106.539	0.0108477	0	0
106.573	0.0106681	0	0
106.606	0.0102727	0	0
106.639	0.0103289	0	0
106.673	0.0106445	0	0
106.706	0.0100038	0	0
106.739	0.00975204	0	0
106.773	0.0093789	0	0
106.806	0.00889441	0	0
106.84	0.00840735	0	0
106.873	0.00831736	0	0
106.906	0.0086097	0	0
106.94	0.00934051	0	0
106.973	0.00954566	0	0
107.006	0.00967263	0	0
107.04	0.010257	0	0
107.073	0.0102372	0	0
107.107	0.0099095	0	0
107.14	0.0100368	0	0
107.173	0.0101332	0	0
107.207	0.00976037	0	0
107.24	0.00974041	0	0
107.273	0.010041	0	0
107.307	0.0101198	0	0
107.34	0.0104479	0	0
107.373	0.0107767	0	0
107.407	0.011005	0	0
107.44	0.0110114	0	0
107.474	0.0104371	0	0
107.507	0.0103214	0	0
107.54	0.0103547	0	0
107.574	0.00997362	0	0
107.607	0.00940315	0	0
107.64	0.0100701	0	0
107.674	0.0101344	0	0
107.707	0.0103576	0	0
107.74	0.0111474	0	0
107.774	0.0116396	0	0
107.807	0.0113169	0	0
107.841	0.0115232	0	0
107.874	0.0112422	0	0
107.907	0.0111364	0	0
107.941	0.0112424	0	0
107.974	0.0112372	0	0
108.007	0.0110886	0	0
108.041	0.0114156	0	0
108.074	0.0111881	0	0
108.108	0.0112094	0	0
108.141	0.0114624	0	0
108.174	0.0112654	0	0
108.208	0.0108231	0	0
108.241	0.0104422	0	0
108.274	0.0100391	0	0
108.308	0.00972647	0	0
108.341	0.00991159	0	0
108.374	0.0103064	0	0
108.408	0.0108413	0	0
108.441	0.0115481	0	0
108.475	0.0118321	0	0
108.508	0.0116976	0	0
108.541	0.0116758	0	0
108.575	0.0113461	0	0
108.608	0.0105753	0	0
108.641	0.0104766	0	0
108.675	0.0105678	0	0
108.708	0.0101502	0	0
108.741	0.0105931	0	0
108.775	0.0110175	0	0
108.808	0.0112742	0	0
108.842	0.0113772	0	0
108.875	0.0114899	0	0
108.908	0.0110843	0	0
108.942	0.0110335	0	0
108.975	0.0106398	0	0
109.008	0.0103591	0	0
109.042	0.0104216	0	0
109.075	0.0103774	0	0
109.109	0.0101426	0	0
109.142	0.0104038	0	0
109.175	0.010523	0	0
109.209	0.0106033	0	0
109.242	0.0111437	0	0
109.275	0.0118163	0	0
109.309	0.011926	0	0
109.342	0.0122822	0	0
109.375	0.0122887	0	0
109.409	0.0119512	0	0
109.442	0.0116466	0	0
109.476	0.011729	0	0
109.509	0.0114002	0	0
109.542	0.0117336	0	0
109.576	0.0113228	0	0
109.609	0.0110382	0	0
109.642	0.0109668	0	0
109.676	0.0111393	0	0
109.709	0.0107716	0	0
109.742	0.0114059	0	0
109.776	0.0115377	0	0
109.809	0.0113921	0	0
109.843	0.0112237	0	0
109.876	0.0113593	0	0
109.909	0.011212	0	0
109.943	0.0114942	0	0
109.976	0.0114191	0	0
110.009	0.0115814	0	0
110.043	0.0118191	0	0
110.076	0.0159583	0	0
110.11	0.0245675	0	0
110.143	0.0359002	0	0
110.176	0.0469777	0	0
110.21	0.0555432	0	0
110.243	0.0601376	0	0
110.276	0.0596795	0	0
110.31	0.056637	0	0
110.343	0.0524843	0	0
110.376	0.0490444	1	0
110.41	0.0442654	1	0
110.443	0.0389004	1	0
110.477	0.0317517	0	0
110.51	0.0253346	0	0
110.543	0.0207098	0	0
110.577	0.0173078	0	0
110.61	0.0148856	0	0
110.643	0.0139582	0	0
110.677	0.0134121	0	0
110.71	0.0128228	0	0
110.743	0.0122747	0	0
110.777	0.0117705	0	0
110.81	0.0119705	0	0
110.844	0.0125409	0	0
110.877	0.0129287	0	0
110.91	0.0131138	0	0
110.944	0.013273	0	0
110.977	0.0129946	0	0
111.01	0.0124719	0	0
111.044	0.0116118	0	0
111.077	0.0114906	0	0
111.111	0.0113857	0	0
111.144	0.0114286	0	0
111.177	0.0113948	0	0
111.211	0.0115121	0	0
111.244	0.0112062	0	0
111.277	0.0109336	0	0
111.311	0.0107469	0	0
111.344	0.0108695	0	0
111.377	0.0112224	0	0
111.411	0.0114559	0	0
111.444	0.0114336	0	0
111.478	0.0114847	0	0
111.511	0.0110127	0	0
111.544	0.0106868	0	0
111.578	0.0102227	0	0
111.611	0.00993469	0	0
111.644	0.00964614	0	0
111.678	0.00993373	0	0
111.711	0.00980288	0	0
111.744	0.0100767	0	0
111.778	0.010436	0	0
111.811	0.010393	0	0
111.845	0.0101927	0	0
111.878	0.0103561	0	0
111.911	0.0102574	0	0
111.945	0.0104042	0	0
111.978	0.0103846	0	0
112.011	0.0103432	0	0
112.045	0.0101319	0	0
112.078	0.0103273	0	0
112.112	0.0103491	0	0
112.145	0.0105844	0	0
112.178	0.0103937	0	0
112.212	0.0103678	0	0
112.245	0.0101348	0	0
112.278	0.0102064	0	0
112.312	0.0101023	0	0
112.345	0.0106552	0	0
112.378	0.0107672	0	0
112.412	0.0109451	0	0
112.445	0.011085	0	0
112.479	0.0113285	0	0
112.512	0.011333	0	0
112.545	0.0115664	0	0
112.579	0.011385	0	0
112.612	0.0108272	0	0
112.645	0.0108843	0	0
112.679	0.0108272	0	0
112.712	0.01071	0	0
112.745	0.0108098	0	0
112.779	0.0108735	0	0
112.812	0.0105259	0	0
112.846	0.0104203	0	0
112.879	0.0105703	0	0
112.912	0.0104114	0	0
112.946	0.0105071	0	0
112.979	0.0104498	0	0
113.012	0.010508	0	0
113.046	0.0101186	0	0
113.079	0.0106078	0	0
113.113	0.0105218	0	0
113.146	0.0110142	0	0
113.179	0.0104527	0	0
113.213	0.0104787	0	0
113.246	0.0101559	0	0
113.279	0.0103131	0	0
113.313	0.0101614	0	0
113.346	0.0105487	0	0
113.379	0.0107628	0	0
113.413	0.0109365	0	0
113.446	0.0109012	0	0
113.48	0.0107336	0	0
113.513	0.0108351	0	0
113.546	0.0110013	0	0
113.58	0.010457	0	0
113.613	0.0102407	0	0
113.646	0.0100602	0	0
113.68	0.00998246	0	0
113.713	0.00943722	0	0
113.746	0.00986811	0	0
113.78	0.00976592	0	0
113.813	0.00977239	0	0
113.847	0.00960014	0	0
113.88	0.00959306	0	0
113.913	0.00945694	0	0
113.947	0.00974286	0	0
113.98	0.00961981	0	0
114.013	0.00981884	0	0
114.047	0.0100265	0	0
114.08	0.0102061	0	0
114.114	0.0100607	0	0
114.147	0.0105948	0	0
114.18	0.0109022	0	0
114.214	0.0111931	0	0
114.247	0.0111755	0	0
114.28	0.011269	0	0
114.314	0.0111351	0	0
114.347	0.0108427	0	0
114.38	0.0106713	0	0
114.414	0.0107766	0	0
114.447	0.0105494	0	0
114.481	0.0105902	0	0
114.514	0.0106025	0	0
114.547	0.0105897	0	0
114.581	0.010514	0	0
114.614	0.0105208	0	0
114.647	0.0107911	0	0
114.681	0.010971	0	0
114.714	0.0109502	0	0
114.747	0.0108883	0	0
114.781	0.0113535	0	0
114.814	0.0110311	0	0
114.848	0.0109303	0	0
114.881	0.0111455	0	0
114.914	0.0110648	0	0
114.948	0.0115107	0	0
114.981	0.0114862	0	0
115.014	0.0116044	0	0
115.048	0.0120026	0	0
115.081	0.0123282	0	0
115.115	0.0118931	0	0
115.148	0.0122897	0	0
115.181	0.0123017	0	0
115.215	0.0120569	0	0
115.248	0.011974	0	0
115.281	0.0122263	0	0
115.315	0.0119189	0	0
115.348	0.0119023	0	0
115.381	0.0115708	0	0
115.415	0.0112972	0	0
115.448	0.0111337	0	0
115.482	0.0112369	0	0
115.515	0.0112354	0	0
115.548	0.0118555	0	0
115.582	0.0117276	0	0
115.615	0.0112897	0	0
115.648	0.0109452	0	0
115.682	0.0108708	0	0
115.715	0.0100912	0	0
115.748	0.0105966	0	0
115.782	0.0144536	0	0
115.815	0.0228442	0	0
115.849	0.0329605	0	1
115.882	0.0426072	0	0
115.915	0.0503701	0	0
115.949	0.0548756	0	0
115.982	0.0526931	0	0
116.015	0.046547	1	0
116.049	0.0390557	1	0
116.082	0.0320896	0	0
116.116	0.0247708	0	0
116.149	0.0194634	0	0
116.182	0.0158448	0	0
116.216	0.0142939	0	0
116.249	0.0135496	0	0
116.282	0.0128064	0	0
116.316	0.0122418	0	0
116.349	0.0119419	0	0
116.382	0.0115457	0	0
116.416	0.0114171	0	0
116.449	0.0112597	0	0
116.483	0.0109402	0	0
116.516	0.0108564	0	0
116.549	0.0111914	0	0
116.583	0.011049	0	0
116.616	0.0114081	0	0
116.649	0.0119807	0	0
116.683	0.0117986	0	0
116.716	0.0114519	0	0
116.749	0.0113193	0	0
116.783	0.0108978	0	0
116.816	0.0104016	0	0
116.85	0.010451	0	0
116.883	0.0103872	0	0
116.916	0.010192	0	0
116.95	0.0104297	0	0
116.983	0.0104457	0	0
117.016	0.0103921	0	0
117.05	0.0104891	0	0
117.083	0.0107667	0	0
117.117	0.0108106	0	0
117.15	0.011067	0	0
117.183	0.011424	0	0
117.217	0.0117533	0	0
117.25	0.0121591	0	0
117.283	0.0120942	0	0
117.317	0.0122954	0	0
117.35	0.0125281	0	0
117.383	0.0122892	0	0
117.417	0.0124221	0	0
117.45	0.012576	0	0
117.484	0.0119818	0	0
117.517	0.0115119	0	0
117.55	0.011722	0	0
117.584	0.0113227	0	0
117.617	0.0112261	0	0
117.65	0.0114098	0	0
117.684	0.0113679	0	0
117.717	0.010985	0	0
117.75	0.0110389	0	0
117.784	0.0108433	0	0
117.817	0.0107606	0	0
117.851	0.0109614	0	0
117.884	0.0110338	0	0
117.917	0.0109545	0	0
117.951	0.0111631	0	0
117.984	0.0113496	0	0
118.017	0.011342	0	0
118.051	0.0117307	0	0
118.084	0.0118325	0	0
118.118	0.0116438	0	0
118.151	0.01187	0	0
118.184	0.0117902	0	0
118.218	0.0113545	0	0
118.251	0.0112504	0	0
118.284	0.0116291	0	0
118.318	0.0113315	0	0
118.351	0.0113691	0	0
118.384	0.0113375	0	0
118.418	0.0111596	0	0
118.451	0.0109482	0	0
118.485	0.0109336	0	0
118.518	0.0107509	0	0
118.551	0.0107354	0	0
118.585	0.0104534	0	0
118.618	0.0101414	0	0
118.651	0.00998388	0	0
118.685	0.00993352	0	0
118.718	0.0100201	0	0
118.751	0.0106232	0	0
118.785	0.0106487	0	0
118.818	0.0106417	0	0
118.852	0.0109496	0	0
118.885	0.0108622	0	0
118.918	0.0106017	0	0
118.952	0.0104382	0	0
118.985	0.0101743	0	0
119.018	0.00944664	0	0
119.052	0.00968186	0	0
119.085	0.0104735	0	0
119.119	0.0125439	0	0
119.152	0.0205949	0	0
119.185	0.0327548	0	0
119.219	0.0458046	0	0
119.252	0.0562604	0	0
119.285	0.0637192	0	0
119.319	0.0641163	0	0
119.352	0.0603512	0	0
119.385	0.0537507	0	0
119.419	0.047094	1	0
119.452	0.0407247	1	0
119.486	0.0341375	0	0
119.519	0.027045	0	0
119.552	0.0213476	0	0
119.586	0.0172269	0	0
119.619	0.0149241	0	0
119.652	0.0140076	0	0
119.686	0.0136348	0	0
119.719	0.0132784	0	0
119.752	0.0133264	0	0
119.786	0.0131754	0	0
119.819	0.0128572	0	0
119.853	0.0125526	0	0
119.886	0.0120667	0	0
119.919	0.0114071	0	0
119.953	0.0108838	0	0
119.986	0.0106282	0	0
120.019	0.0106093	0	0
120.053	0.0106997	0	0
120.086	0.0108591	0	0
120.12	0.0110939	0	0
120.153	0.0112234	0	0
120.186	0.0111279	0	0
120.22	0.011013	0	0
120.253	0.0110033	0	0
120.286	0.0108759	0	0
120.32	0.0110206	0	0
120.353	0.0109872	0	0
120.386	0.0108132	0	0
120.42	0.0105359	0	0
120.453	0.0106422	0	0
120.487	0.0102505	0	0
120.52	0.0102648	0	0
120.553	0.0106338	0	0
120.587	0.0107902	0	0
120.62	0.0105076	0	0
120.653	0.0103323	0	0
120.687	0.00983901	0	0
120.72	0.00937706	0	0
120.753	0.00942912	0	0
120.787	0.00972811	0	0
120.82	0.0100516	0	0
120.854	0.0104692	0	0
120.887	0.0105755	0	0
120.92	0.0104548	0	0
120.954	0.0102854	0	0
120.987	0.010199	0	0
121.02	0.0101348	0	0
121.054	0.0103053	0	0
121.087	0.0103911	0	0
121.121	0.0105914	0	0
121.154	0.0106414	0	0
121.187	0.0107962	0	0
121.221	0.0107576	0	0
121.254	0.0108897	0	0
121.287	0.0105498	0	0
121.321	0.0106326	0	0
121.354	0.0105763	0	0
121.387	0.0106149	0	0
121.421	0.0105784	0	0
121.454	0.0108448	0	0
121.488	0.0109661	0	0
121.521	0.0107817	0	0
121.554	0.0108577	0	0
121.588	0.0105004	0	0
121.621	0.0103085	0	0
121.654	0.0100398	0	0
121.688	0.0102505	0	0
121.721	0.00987041	0	0
121.754	0.0101729	0	0
121.788	0.0105983	0	0
121.821	0.0107092	0	0
121.855	0.011267	0	0
121.888	0.0115742	0	0
121.921	0.0118174	0	0
121.955	0.0114848	0	0
121.988	0.0113171	0	0
122.021	0.0107568	0	0
122.055	0.0106483	0	0
122.088	0.0105498	0	0
122.122	0.010781	0	0
122.155	0.0110897	0	0
122.188	0.0113075	0	0
122.222	0.011161	0	0
122.255	0.0110605	0	0
122.288	0.0109834	0	0
122.322	0.0108901	0	0
122.355	0.011232	0	0
122.388	0.0123697	0	0
122.422	0.015063	0	0
122.455	0.0204255	0	0
122.489	0.0308619	0	0
122.522	0.0447815	1	0
122.555	0.0585026	1	0
122.589	0.071175	1	0
122.622	0.0820038	1	0
122.655	0.0886892	1	0
122.689	0.0918268	1	0
122.722	0.095165	1	0
122.755	0.0976038	1	0
122.789	0.0989056	1	0
122.822	0.099398	1	0
122.856	0.0994962	1	0
122.889	0.0992827	1	0
122.922	0.099123	1	0
122.956	0.0992519	1	0
122.989	0.100468	1	0
123.022	0.101912	0	0
123.056	0.103735	0	0
123.089	0.105567	0	0
123.123	0.106555	0	0
123.156	0.107044	0	0
123.189	0.106629	0	0
123.223	0.105339	0	0
123.256	0.10415	1	0
123.289	0.103454	1	0
123.323	0.101868	1	0
123.356	0.100923	1	0
123.389	0.100096	1	0
123.423	0.0990671	1	0
123.456	0.0981525	1	0
123.49	0.0976261	1	0
123.523	0.0973356	1	0
123.556	0.0975245	1	0
123.59	0.0978131	1	0
123.623	0.0982566	1	0
123.656	0.098184	1	0
123.69	0.0985559	1	0
123.723	0.0978735	1	0
123.756	0.0978909	1	0
123.79	0.0977277	1	0
123.823	0.0983722	1	0
123.857	0.0982995	1	0
123.89	0.0986855	1	0
123.923	0.0990977	1	0
123.957	0.0993955	1	0
123.99	0.0993077	1	0
124.023	0.0990149	1	0
124.057	0.099236	1	0
124.09	0.099236	1	0
124.124	0.099236	1	0