time	rmse	false positive	false negative
1.968	0.00816011	0	0
2.002	0.00816011	0	0
2.035	0.00816011	0	0
2.068	0.00828116	0	0
2.102	0.00813536	0	0
2.135	0.00804161	0	0
2.168	0.00820078	0	0
2.202	0.00788138	0	0
2.235	0.00795656	0	0
2.268	0.00833618	0	0
2.302	0.00856057	0	0
2.335	0.0084952	0	0
2.369	0.0086142	0	0
2.402	0.0083137	0	0
2.435	0.00787925	0	0
2.469	0.00745764	0	0
2.502	0.00733771	0	0
2.535	0.00722977	0	0
2.569	0.00730736	0	0
2.602	0.00730376	0	0
2.635	0.00758511	0	0
2.669	0.0078647	0	0
2.702	0.00834578	0	0
2.736	0.00858625	0	0
2.769	0.00902154	0	0
2.802	0.00902475	0	0
2.836	0.00923972	0	0
2.869	0.00942459	0	0
2.902	0.00962874	0	0
2.936	0.00975392	0	0
2.969	0.00987907	0	0
3.003	0.00985783	0	0
3.036	0.00993053	0	0
3.069	0.0100239	0	0
3.103	0.0098105	0	0
3.136	0.0103255	0	0
3.169	0.0101109	0	0
3.203	0.00992886	0	0
3.236	0.00986406	0	0
3.269	0.0101137	0	0
3.303	0.00978417	0	0
3.336	0.00997322	0	0
3.37	0.00981341	0	0
3.403	0.00991909	0	0
3.436	0.00983939	0	0
3.47	0.00979575	0	0
3.503	0.00977672	0	0
3.536	0.0101101	0	0
3.57	0.00982198	0	0
3.603	0.0099322	0	0
3.636	0.0101302	0	0
3.67	0.0102914	0	0
3.703	0.0102058	0	0
3.737	0.0104493	0	0
3.77	0.0105696	0	0
3.803	0.0106934	0	0
3.837	0.0108336	0	0
3.87	0.0109289	0	0
3.903	0.0109834	0	0
3.937	0.0108055	0	0
3.97	0.0106195	0	0
4.004	0.0104257	0	0
4.037	0.0104184	0	0
4.07	0.0103375	0	0
4.104	0.0101696	0	0
4.137	0.00969955	0	0
4.17	0.0107389	0	0
4.204	0.0179609	0	0
4.237	0.0301889	0	0
4.27	0.0454359	0	0
4.304	0.0616182	0	0
4.337	0.0757966	0	0
4.371	0.0833396	0	0
4.404	0.0859964	0	0
4.437	0.0859847	0	0
4.471	0.084599	0	0
4.504	0.0793851	0	0
4.537	0.0689299	0	0
4.571	0.0566775	0	0
4.604	0.0432583	0	0
4.637	0.0305668	0	0
4.671	0.0228495	0	0
4.704	0.0200808	0	0
4.738	0.0189986	0	0
4.771	0.0191031	0	0
4.804	0.0194851	0	0
4.838	0.0195874	0	0
4.871	0.0197918	0	0
4.904	0.0204862	0	0
4.938	0.0209231	0	0
4.971	0.020844	0	0
5.005	0.020476	0	0
5.038	0.0199215	0	0
5.071	0.0177822	0	0
5.105	0.0163344	0	0
5.138	0.0148125	0	0
5.171	0.0127916	0	0
5.205	0.0122268	0	0
5.238	0.0223568	0	0
5.271	0.0371214	0	0
5.305	0.0521111	0	0
5.338	0.0681015	0	0
5.372	0.0817915	0	0
5.405	0.0804609	0	0
5.438	0.0703907	0	0
5.472	0.0579579	0	0
5.505	0.0428124	0	0
5.538	0.0280736	0	0
5.572	0.0185977	0	0
5.605	0.0126862	0	0
5.638	0.00889324	0	0
5.672	0.00754148	0	0
5.705	0.00708043	0	0
5.739	0.00669418	0	0
5.772	0.00690091	0	0
5.805	0.00704132	0	0
5.839	0.00699051	0	0
5.872	0.0071869	0	0
5.905	0.00788876	0	0
5.939	0.00759116	0	0
5.972	0.00750342	0	0
6.006	0.00747098	0	0
6.039	0.00710296	0	0
6.072	0.00663599	0	0
6.106	0.00649593	0	0
6.139	0.00663669	0	0
6.172	0.00669211	0	0
6.206	0.00754889	0	0
6.239	0.00752728	0	0
6.272	0.0075762	0	0
6.306	0.0077228	0	0
6.339	0.00783119	0	0
6.373	0.00764443	0	0
6.406	0.00783829	0	0
6.439	0.00810934	0	0
6.473	0.00805625	0	0
6.506	0.00796531	0	0
6.539	0.00769327	0	0
6.573	0.00747944	0	0
6.606	0.00739379	0	0
6.639	0.00734598	0	0
6.673	0.00714935	0	0
6.706	0.00713885	0	0
6.74	0.00722832	0	0
6.773	0.00714125	0	0
6.806	0.00704639	0	0
6.84	0.00702225	0	0
6.873	0.00687829	0	0
6.906	0.00679685	0	0
6.94	0.0067587	0	0
6.973	0.00714186	0	0
7.007	0.00728427	0	0
7.04	0.00751031	0	0
7.073	0.00763257	0	0
7.107	0.00765087	0	0
7.14	0.00723656	0	0
7.173	0.00714785	0	0
7.207	0.00718082	0	0
7.24	0.00725047	0	0
7.273	0.00738756	0	0
7.307	0.00784933	0	0
7.34	0.00801465	0	0
7.374	0.00773211	0	0
7.407	0.0076588	0	0
7.44	0.00761502	0	0
7.474	0.00712137	0	0
7.507	0.0071472	0	0
7.54	0.00741169	0	0
7.574	0.00755991	0	0
7.607	0.00732113	0	0
7.64	0.00757993	0	0
7.674	0.00747749	0	0
7.707	0.00724621	0	0
7.741	0.00723453	0	0
7.774	0.00777929	0	0
7.807	0.00765481	0	0
7.841	0.00767479	0	0
7.874	0.00796121	0	0
7.907	0.0078822	0	0
7.941	0.00733339	0	0
7.974	0.00726019	0	0
8.008	0.00735625	0	0
8.041	0.00723023	0	0
8.074	0.00727368	0	0
8.108	0.00756359	0	0
8.141	0.00794416	0	0
8.174	0.00809586	0	0
8.208	0.0081317	0	0
8.241	0.00816559	0	0
8.274	0.00806639	0	0
8.308	0.00770496	0	0
8.341	0.00762441	0	0
8.375	0.00766603	0	0
8.408	0.00767272	0	0
8.441	0.00771111	0	0
8.475	0.00781197	0	0
8.508	0.00762843	0	0
8.541	0.00784541	0	0
8.575	0.00805659	0	0
8.608	0.0079476	0	0
8.641	0.00807826	0	0
8.675	0.0082488	0	0
8.708	0.00801031	0	0
8.742	0.00779077	0	0
8.775	0.00783822	0	0
8.808	0.00759141	0	0
8.842	0.0187708	0	0
8.875	0.0337574	0	0
8.908	0.049032	0	0
8.942	0.064407	0	0
8.975	0.0748833	0	0
9.009	0.0685953	0	0
9.042	0.0553279	0	0
9.075	0.0407307	0	0
9.109	0.025448	0	0
9.142	0.0181647	0	0
9.175	0.0163849	0	0
9.209	0.0171805	0	0
9.242	0.0192337	0	0
9.275	0.0216614	0	0
9.309	0.0216028	0	0
9.342	0.0210944	0	0
9.376	0.0215241	0	0
9.409	0.0220144	0	0
9.442	0.0233732	0	0
9.476	0.0236892	0	0
9.509	0.0238055	0	0
9.542	0.0238478	0	0
9.576	0.0230292	0	0
9.609	0.0206792	0	0
9.642	0.0190191	0	0
9.676	0.0179286	0	0
9.709	0.016826	0	0
9.743	0.0166443	0	0
9.776	0.0169716	0	0
9.809	0.0157399	0	0
9.843	0.0148004	0	0
9.876	0.012766	0	0
9.909	0.014302	0	0
9.943	0.027387	0	0
9.976	0.043138	0	1
10.01	0.0544432	0	0
10.043	0.0589043	0	0
10.076	0.0559191	0	0
10.11	0.0410257	0	0
10.143	0.0246711	0	0
10.176	0.0125186	0	0
10.21	0.00907763	0	0
10.243	0.00897767	0	0
10.276	0.010096	0	0
10.31	0.0114025	0	0
10.343	0.0114133	0	0
10.377	0.0242144	0	0
10.41	0.0404432	0	0
10.443	0.0548477	0	0
10.477	0.062996	0	0
10.51	0.066894	0	0
10.543	0.0541689	0	0
10.577	0.0372769	0	0
10.61	0.0214398	0	0
10.643	0.0119569	0	0
10.677	0.0079489	0	0
10.71	0.00735109	0	0
10.744	0.00781647	0	0
10.777	0.00845862	0	0
10.81	0.0091587	0	0
10.844	0.00997714	0	0
10.877	0.0103274	0	0
10.91	0.0104219	0	0
10.944	0.0107908	0	0
10.977	0.0109807	0	0
11.011	0.011172	0	0
11.044	0.0108447	0	0
11.077	0.0111385	0	0
11.111	0.0111938	0	0
11.144	0.0114625	0	0
11.177	0.0116476	0	0
11.211	0.011914	0	0
11.244	0.0136773	0	0
11.277	0.0266943	0	0
11.311	0.0432351	0	1
11.344	0.059286	0	0
11.378	0.0762343	0	0
11.411	0.0878261	0	0
11.444	0.0818477	0	0
11.478	0.0686028	0	0
11.511	0.0526341	0	0
11.544	0.0351121	0	0
11.578	0.0208916	0	0
11.611	0.0133381	0	0
11.644	0.00896791	0	0
11.678	0.00764945	0	0
11.711	0.00725246	0	0
11.745	0.00706843	0	0
11.778	0.00716212	0	0
11.811	0.0075513	0	0
11.845	0.00813597	0	0
11.878	0.00860195	0	0
11.911	0.00897921	0	0
11.945	0.00904233	0	0
11.978	0.00945141	0	0
12.012	0.00993224	0	0
12.045	0.010418	0	0
12.078	0.0108558	0	0
12.112	0.0109553	0	0
12.145	0.0109151	0	0
12.178	0.0106704	0	0
12.212	0.0105536	0	0
12.245	0.0105014	0	0
12.278	0.0105647	0	0
12.312	0.0103592	0	0
12.345	0.0104896	0	0
12.379	0.0104215	0	0
12.412	0.00994668	0	0
12.445	0.00976871	0	0
12.479	0.00976189	0	0
12.512	0.00974205	0	0
12.545	0.0104903	0	0
12.579	0.0110028	0	0
12.612	0.0107796	0	0
12.645	0.0128854	0	0
12.679	0.0273295	0	0
12.712	0.0426946	0	1
12.746	0.0585503	0	0
12.779	0.0747484	0	0
12.812	0.089154	0	0
12.846	0.0894145	0	0
12.879	0.084339	0	0
12.912	0.0731596	0	0
12.946	0.0583789	0	0
12.979	0.041858	0	0
13.013	0.0263298	0	0
13.046	0.0147063	0	0
13.079	0.00910345	0	0
13.113	0.00735132	0	0
13.146	0.00704555	0	0
13.179	0.00699468	0	0
13.213	0.00722336	0	0
13.246	0.0077795	0	0
13.279	0.00813146	0	0
13.313	0.00827829	0	0
13.346	0.00893735	0	0
13.38	0.00943092	0	0
13.413	0.00973515	0	0
13.446	0.0105114	0	0
13.48	0.0111354	0	0
13.513	0.0115397	0	0
13.546	0.0119975	0	0
13.58	0.0124256	0	0
13.613	0.0127104	0	0
13.646	0.0129989	0	0
13.68	0.0133307	0	0
13.713	0.0131736	0	0
13.747	0.0138826	0	0
13.78	0.0135817	0	0
13.813	0.0135679	0	0
13.847	0.0131859	0	0
13.88	0.0132189	0	0
13.913	0.0123761	0	0
13.947	0.0126199	0	0
13.98	0.0120572	0	0
14.014	0.0122513	0	0
14.047	0.0120641	0	0
14.08	0.0122155	0	0
14.114	0.0119162	0	0
14.147	0.012443	0	0
14.18	0.0128035	0	0
14.214	0.0133593	0	0
14.247	0.0138019	0	0
14.28	0.0140795	0	0
14.314	0.013952	0	0
14.347	0.0136629	0	0
14.381	0.0132878	0	0
14.414	0.0128982	0	0
14.447	0.0128018	0	0
14.481	0.0126961	0	0
14.514	0.0124051	0	0
14.547	0.0125183	0	0
14.581	0.0123988	0	0
14.614	0.0126837	0	0
14.647	0.0131551	0	0
14.681	0.0131949	0	0
14.714	0.0131165	0	0
14.748	0.0137256	0	0
14.781	0.0131467	0	0
14.814	0.0126798	0	0
14.848	0.0125755	0	0
14.881	0.0123861	0	0
14.914	0.0115319	0	0
14.948	0.0115674	0	0
14.981	0.0113093	0	0
15.015	0.0114935	0	0
15.048	0.0116618	0	0
15.081	0.0118644	0	0
15.115	0.0119371	0	0
15.148	0.0123185	0	0
15.181	0.0122972	0	0
15.215	0.0122319	0	0
15.248	0.0120363	0	0
15.281	0.0119738	0	0
15.315	0.0114054	0	0
15.348	0.0111904	0	0
15.382	0.0107383	0	0
15.415	0.0102146	0	0
15.448	0.0207871	0	0
15.482	0.0364378	0	0
15.515	0.0526022	0	0
15.548	0.0679053	0	0
15.582	0.0801917	0	0
15.615	0.0747024	0	0
15.648	0.0608511	0	0
15.682	0.0444967	0	0
15.715	0.028566	0	0
15.749	0.0160554	0	0
15.782	0.01055	0	0
15.815	0.00885081	0	0
15.849	0.00889017	0	0
15.882	0.00982696	0	0
15.915	0.0105073	0	0
15.949	0.0107918	0	0
15.982	0.0101388	0	0
16.016	0.0109236	0	0
16.049	0.0111728	0	0
16.082	0.0116733	0	0
16.116	0.0142143	0	0
16.149	0.0177783	0	0
16.182	0.0199582	0	0
16.216	0.0223789	0	0
16.249	0.0248306	0	0
16.282	0.0254789	0	0
16.316	0.0256628	0	0
16.349	0.0259165	0	0
16.383	0.0260919	0	0
16.416	0.0261565	0	0
16.449	0.0256469	0	0
16.483	0.0254279	0	0
16.516	0.0252166	0	0
16.549	0.0247066	0	0
16.583	0.0241678	0	0
16.616	0.0237887	0	0
16.649	0.023372	0	0
16.683	0.0232052	0	0
16.716	0.0237347	0	0
16.75	0.024499	0	0
16.783	0.0250512	0	0
16.816	0.0259098	0	0
16.85	0.026319	0	0
16.883	0.0265352	0	0
16.916	0.0269382	0	0
16.95	0.0274313	0	0
16.983	0.0274048	0	0
17.017	0.027876	0	0
17.05	0.0281243	0	0
17.083	0.0278006	0	0
17.117	0.0275116	0	0
17.15	0.0276746	0	0
17.183	0.0272802	0	0
17.217	0.0274864	0	0
17.25	0.0276704	0	0
17.283	0.0278514	0	0
17.317	0.0278605	0	0
17.35	0.027797	0	0
17.384	0.0270392	0	0
17.417	0.0266564	0	0
17.45	0.0262535	0	0
17.484	0.0264537	0	0
17.517	0.026736	0	0
17.55	0.0269757	0	0
17.584	0.0271439	0	0
17.617	0.0274873	0	0
17.65	0.0270883	0	0
17.684	0.0272202	0	0
17.717	0.0279252	0	0
17.751	0.0281895	0	0
17.784	0.0293786	0	0
17.817	0.0297757	0	0
17.851	0.0303288	0	0
17.884	0.030712	0	0
17.917	0.0310293	0	0
17.951	0.0267059	0	0
17.984	0.0226958	0	0
18.018	0.0180192	0	0
18.051	0.013328	0	0
18.084	0.00885982	0	0
18.118	0.00818245	0	0
18.151	0.00798685	0	0
18.184	0.0081072	0	0
18.218	0.00797827	0	0
18.251	0.00805409	0	0
18.284	0.00801287	0	0
18.318	0.00815496	0	0
18.351	0.00799085	0	0
18.385	0.00807739	0	0
18.418	0.00810087	0	0
18.451	0.00812676	0	0
18.485	0.00794205	0	0
18.518	0.00786286	0	0
18.551	0.00792988	0	0
18.585	0.00778023	0	0
18.618	0.0078845	0	0
18.651	0.0083885	0	0
18.685	0.00853211	0	0
18.718	0.00869831	0	0
18.752	0.00911189	0	0
18.785	0.00921747	0	0
18.818	0.00891569	0	0
18.852	0.00894854	0	0
18.885	0.00906742	0	0
18.918	0.00911131	0	0
18.952	0.0091647	0	0
18.985	0.00897147	0	0
19.019	0.00905758	0	0
19.052	0.00854503	0	0
19.085	0.0105134	0	0
19.119	0.019365	0	0
19.152	0.0342989	0	0
19.185	0.0504193	0	0
19.219	0.0672452	0	0
19.252	0.0813035	0	0
19.285	0.085533	0	0
19.319	0.0784656	0	0
19.352	0.0672568	0	0
19.386	0.0536727	0	0
19.419	0.0387602	0	0
19.452	0.0261121	0	0
19.486	0.0185505	0	0
19.519	0.013359	0	0
19.552	0.0098546	0	0
19.586	0.00795469	0	0
19.619	0.00681198	0	0
19.652	0.00608192	0	0
19.686	0.00595025	0	0
19.719	0.0061572	0	0
19.753	0.0064804	0	0
19.786	0.0067508	0	0
19.819	0.00729462	0	0
19.853	0.00733615	0	0
19.886	0.00739178	0	0
19.919	0.00707291	0	0
19.953	0.00694088	0	0
19.986	0.00666708	0	0
20.02	0.00641371	0	0
20.053	0.00600336	0	0
20.086	0.00628236	0	0
20.12	0.00619353	0	0
20.153	0.00614871	0	0
20.186	0.00618662	0	0
20.22	0.00639282	0	0
20.253	0.0059419	0	0
20.286	0.00613937	0	0
20.32	0.00607121	0	0
20.353	0.00607559	0	0
20.387	0.00624949	0	0
20.42	0.00645549	0	0
20.453	0.00641353	0	0
20.487	0.00642009	0	0
20.52	0.00628822	0	0
20.553	0.00609168	0	0
20.587	0.00621958	0	0
20.62	0.00617201	0	0
20.653	0.00615666	0	0
20.687	0.00642706	0	0
20.72	0.00634776	0	0
20.754	0.00613054	0	0
20.787	0.00636909	0	0
20.82	0.00685645	0	0
20.854	0.006929	0	0
20.887	0.00719583	0	0
20.92	0.00765487	0	0
20.954	0.00772572	0	0
20.987	0.00765206	0	0
21.021	0.0077387	0	0
21.054	0.00755532	0	0
21.087	0.00761581	0	0
21.121	0.00747798	0	0
21.154	0.00726384	0	0
21.187	0.00707892	0	0
21.221	0.00718806	0	0
21.254	0.00699041	0	0
21.287	0.00709582	0	0
21.321	0.0072067	0	0
21.354	0.00725191	0	0
21.388	0.0071633	0	0
21.421	0.00707191	0	0
21.454	0.00677153	0	0
21.488	0.00654218	0	0
21.521	0.0076569	0	0
21.554	0.00880033	0	0
21.588	0.00989001	0	0
21.621	0.0130074	0	0
21.654	0.016038	0	0
21.688	0.0169208	0	0
21.721	0.0180729	0	0
21.755	0.0193284	0	0
21.788	0.0184091	0	0
21.821	0.0172653	0	0
21.855	0.0174786	0	0
21.888	0.0171489	0	0
21.921	0.0171439	0	0
21.955	0.0173455	0	0
21.988	0.0178931	0	0
22.022	0.0178315	0	0
22.055	0.018178	0	0
22.088	0.0176134	0	0
22.122	0.0175133	0	0
22.155	0.0171798	0	0
22.188	0.0175349	0	0
22.222	0.0175502	0	0
22.255	0.0181826	0	0
22.288	0.0180942	0	0
22.322	0.0183655	0	0
22.355	0.018217	0	0
22.389	0.0181885	0	0
22.422	0.017729	0	0
22.455	0.0177435	0	0
22.489	0.0169205	0	0
22.522	0.0165116	0	0
22.555	0.016216	0	0
22.589	0.0159717	0	0
22.622	0.0152051	0	0
22.655	0.0153282	0	0
22.689	0.0154269	0	0
22.722	0.0153559	0	0
22.756	0.0157472	0	0
22.789	0.0163841	0	0
22.822	0.0167626	0	0
22.856	0.0166447	0	0
22.889	0.0171075	0	0
22.922	0.0174151	0	0
22.956	0.0178945	0	0
22.989	0.0179432	0	0
23.023	0.0177859	0	0
23.056	0.0174582	0	0
23.089	0.0175593	0	0
23.123	0.0169548	0	0
23.156	0.0171797	0	0
23.189	0.0177094	0	0
23.223	0.0180832	0	0
23.256	0.0177755	0	0
23.289	0.0186552	0	0
23.323	0.0179564	0	0
23.356	0.0170781	0	0
23.39	0.0165041	0	0
23.423	0.0157926	0	0
23.456	0.0148455	0	0
23.49	0.014314	0	0
23.523	0.0140605	0	0
23.556	0.0143434	0	0
23.59	0.0148513	0	0
23.623	0.0149879	0	0
23.656	0.0155796	0	0
23.69	0.0160732	0	0
23.723	0.0159232	0	0
23.757	0.0158127	0	0
23.79	0.0158175	0	0
23.823	0.0162031	0	0
23.857	0.0165487	0	0
23.89	0.0164108	0	0
23.923	0.0164846	0	0
23.957	0.0164458	0	0
23.99	0.0162556	0	0
24.024	0.0160041	0	0
24.057	0.016114	0	0
24.09	0.0159149	0	0
24.124	0.0161898	0	0
24.157	0.0165315	0	0
24.19	0.0167915	0	0
24.224	0.0170113	0	0
24.257	0.0174871	0	0
24.29	0.0176095	0	0
24.324	0.0176928	0	0
24.357	0.0177667	0	0
24.391	0.0178414	0	0
24.424	0.0175252	0	0
24.457	0.0174903	0	0
24.491	0.0173386	0	0
24.524	0.0173172	0	0
24.557	0.0172696	0	0
24.591	0.0175996	0	0
24.624	0.017724	0	0
24.657	0.0177401	0	0
24.691	0.0176774	0	0
24.724	0.0179473	0	0
24.758	0.0178809	0	0
24.791	0.0174249	0	0
24.824	0.0172949	0	0
24.858	0.0170476	0	0
24.891	0.016345	0	0
24.924	0.0165378	0	0
24.958	0.0165715	0	0
24.991	0.0164112	0	0
25.025	0.0166413	0	0
25.058	0.0168231	0	0
25.091	0.0163484	0	0
25.125	0.0162281	0	0
25.158	0.0162753	0	0
25.191	0.0162886	0	0
25.225	0.0162308	0	0
25.258	0.0163214	0	0
25.291	0.0164394	0	0
25.325	0.0163654	0	0
25.358	0.0159663	0	0
25.392	0.0155138	0	0
25.425	0.0147302	0	0
25.458	0.0140617	0	0
25.492	0.0131627	0	0
25.525	0.0124308	0	0
25.558	0.0124087	0	0
25.592	0.0120872	0	0
25.625	0.0123479	0	0
25.658	0.0124472	0	0
25.692	0.0130186	0	0
25.725	0.0127552	0	0
25.759	0.0133258	0	0
25.792	0.0127173	0	0
25.825	0.0126832	0	0
25.859	0.0136797	0	0
25.892	0.0260018	0	0
25.925	0.0418038	0	0
25.959	0.0586831	0	0
25.992	0.0739604	0	0
26.026	0.0828695	0	0
26.059	0.0748378	0	0
26.092	0.0596493	0	0
26.126	0.0426107	0	0
26.159	0.0264989	0	0
26.192	0.015202	0	0
26.226	0.0100118	0	0
26.259	0.00797156	0	0
26.292	0.0073015	0	0
26.326	0.00743602	0	0
26.359	0.007566	0	0
26.393	0.00761892	0	0
26.426	0.00780967	0	0
26.459	0.00803717	0	0
26.493	0.00800884	0	0
26.526	0.00807235	0	0
26.559	0.00837571	0	0
26.593	0.00873931	0	0
26.626	0.00889107	0	0
26.659	0.0092987	0	0
26.693	0.00955083	0	0
26.726	0.0095065	0	0
26.76	0.00964041	0	0
26.793	0.00969853	0	0
26.826	0.00969319	0	0
26.86	0.0100909	0	0
26.893	0.0102457	0	0
26.926	0.0101012	0	0
26.96	0.0104475	0	0
26.993	0.0104702	0	0
27.027	0.01053	0	0
27.06	0.0106286	0	0
27.093	0.0105028	0	0
27.127	0.0104236	0	0
27.16	0.0107305	0	0
27.193	0.0106032	0	0
27.227	0.0108037	0	0
27.26	0.0112211	0	0
27.293	0.0111766	0	0
27.327	0.0110493	0	0
27.36	0.0111891	0	0
27.394	0.0112105	0	0
27.427	0.0109652	0	0
27.46	0.0109974	0	0
27.494	0.010756	0	0
27.527	0.0101614	0	0
27.56	0.00993462	0	0
27.594	0.00962432	0	0
27.627	0.0089626	0	0
27.66	0.00810639	0	0
27.694	0.00794567	0	0
27.727	0.011663	0	0
27.761	0.0229281	0	0
27.794	0.0381089	0	0
27.827	0.0564191	0	0
27.861	0.0739587	0	0
27.894	0.0869394	0	0
27.927	0.0926781	0	0
27.961	0.0947949	0	0
27.994	0.0934977	0	0
28.028	0.0921079	0	0
28.061	0.0861095	0	0
28.094	0.0758147	0	0
28.128	0.0618608	1	0
28.161	0.0470172	1	0
28.194	0.0324804	0	0
28.228	0.0229624	0	0
28.261	0.0177608	0	0
28.294	0.0159719	0	0
28.328	0.0156714	0	0
28.361	0.015397	0	0
28.395	0.0151739	0	0
28.428	0.0145164	0	0
28.461	0.014137	0	0
28.495	0.0138541	0	0
28.528	0.0131762	0	0
28.561	0.0118111	0	0
28.595	0.0111805	0	0
28.628	0.0102952	0	0
28.661	0.00945591	0	0
28.695	0.00917972	0	0
28.728	0.00898842	0	0
28.762	0.00901562	0	0
28.795	0.00882201	0	0
28.828	0.00898142	0	0
28.862	0.00983814	0	0
28.895	0.0114713	0	0
28.928	0.0123699	0	0
28.962	0.0136614	0	0
28.995	0.0148047	0	0
29.029	0.014515	0	0
29.062	0.0143867	0	0
29.095	0.0138432	0	0
29.129	0.0126252	0	0
29.162	0.0108403	0	0
29.195	0.00962803	0	0
29.229	0.00799365	0	0
29.262	0.0073717	0	0
29.295	0.00692037	0	0
29.329	0.0069438	0	0
29.362	0.00686738	0	0
29.396	0.00674326	0	0
29.429	0.00651855	0	0
29.462	0.00681582	0	0
29.496	0.00722762	0	0
29.529	0.00765589	0	0
29.562	0.00788524	0	0
29.596	0.00809738	0	0
29.629	0.00818797	0	0
29.662	0.0078423	0	0
29.696	0.00904895	0	0
29.729	0.017613	0	0
29.763	0.0323197	0	0
29.796	0.0502309	0	0
29.829	0.0678289	0	0
29.863	0.0843095	0	0
29.896	0.0903778	0	0
29.929	0.0839726	0	0
29.963	0.0697652	0	0
29.996	0.053022	0	0
30.03	0.0354136	0	0
30.063	0.0207368	0	0
30.096	0.0122988	0	0
30.13	0.00867747	0	0
30.163	0.00807692	0	0
30.196	0.00803876	0	0
30.23	0.00844421	0	0
30.263	0.00873005	0	0
30.296	0.0090721	0	0
30.33	0.00948873	0	0
30.363	0.00967321	0	0
30.397	0.00962169	0	0
30.43	0.00971618	0	0
30.463	0.00961822	0	0
30.497	0.010795	0	0
30.53	0.0240706	0	0
30.563	0.0400134	0	0
30.597	0.0528507	0	0
30.63	0.0587478	0	0
30.663	0.0583463	0	0
30.697	0.0450651	0	0
30.73	0.028797	0	0
30.764	0.0155516	0	0
30.797	0.00906533	0	0
30.83	0.0074918	0	0
30.864	0.00720284	0	0
30.897	0.00723436	0	0
30.93	0.00729437	0	0
30.964	0.00752838	0	0
30.997	0.0076166	0	0
31.031	0.00756801	0	0
31.064	0.00743956	0	0
31.097	0.0073778	0	0
31.131	0.00724905	0	0
31.164	0.00727723	0	0
31.197	0.00697336	0	0
31.231	0.00712758	0	0
31.264	0.00709215	0	0
31.297	0.00742554	0	0
31.331	0.00731923	0	0
31.364	0.00751372	0	0
31.398	0.00735191	0	0
31.431	0.00739781	0	0
31.464	0.00710261	0	0
31.498	0.00761261	0	0
31.531	0.0077203	0	0
31.564	0.00804862	0	0
31.598	0.00789861	0	0
31.631	0.00799592	0	0
31.664	0.0096224	0	0
31.698	0.0142121	0	0
31.731	0.018619	0	0
31.765	0.022837	0	0
31.798	0.0269353	0	0
31.831	0.0288415	0	0
31.865	0.0282751	0	0
31.898	0.0275258	0	0
31.931	0.0275244	0	0
31.965	0.0272301	0	0
31.998	0.0272	0	0
32.032	0.0273123	0	0
32.065	0.0271501	0	0
32.098	0.0263333	0	0
32.132	0.0260742	0	0
32.165	0.0255032	0	0
32.198	0.0247728	0	0
32.232	0.0242555	0	0
32.265	0.0243273	0	0
32.298	0.0239415	0	0
32.332	0.0240097	0	0
32.365	0.0237829	0	0
32.399	0.0241872	0	0
32.432	0.0243467	0	0
32.465	0.0240565	0	0
32.499	0.0240126	0	0
32.532	0.0241553	0	0
32.565	0.0237509	0	0
32.599	0.0224195	0	0
32.632	0.0219355	0	0
32.665	0.0204071	0	0
32.699	0.0191287	0	0
32.732	0.0173314	0	0
32.766	0.0165691	0	0
32.799	0.0154187	0	0
32.832	0.0139022	0	0
32.866	0.0119731	0	0
32.899	0.0107767	0	0
32.932	0.00906617	0	0
32.966	0.00767956	0	0
32.999	0.00727256	0	0
33.033	0.00714548	0	0
33.066	0.00680569	0	0
33.099	0.00682325	0	0
33.133	0.00696361	0	0
33.166	0.00965398	0	0
33.199	0.0127326	0	0
33.233	0.0156567	0	0
33.266	0.0188474	0	0
33.299	0.0218081	0	0
33.333	0.0224969	0	0
33.366	0.0220621	0	0
33.4	0.0220584	0	0
33.433	0.0218646	0	0
33.466	0.0220552	0	0
33.5	0.0230397	0	0
33.533	0.0243788	0	0
33.566	0.025137	0	0
33.6	0.0262353	0	0
33.633	0.0264105	0	0
33.666	0.0258832	0	0
33.7	0.0254217	0	0
33.733	0.0255343	0	0
33.767	0.0234625	0	0
33.8	0.0205235	0	0
33.833	0.016916	0	0
33.867	0.0134586	0	0
33.9	0.00964584	0	0
33.933	0.00805008	0	0
33.967	0.00768447	0	0
34	0.00762744	0	0
34.034	0.00743798	0	0
34.067	0.00783917	0	0
34.1	0.00752402	0	0
34.134	0.00727914	0	0
34.167	0.00718458	0	0
34.2	0.00724507	0	0
34.234	0.00674559	0	0
34.267	0.00668019	0	0
34.3	0.00677396	0	0
34.334	0.00691534	0	0
34.367	0.00670448	0	0
34.401	0.00662756	0	0
34.434	0.00670487	0	0
34.467	0.00645086	0	0
34.501	0.00639344	0	0
34.534	0.00642859	0	0
34.567	0.00713506	0	0
34.601	0.00746543	0	0
34.634	0.00842755	0	0
34.667	0.00893623	0	0
34.701	0.00956856	0	0
34.734	0.0093434	0	0
34.768	0.00933229	0	0
34.801	0.00868398	0	0
34.834	0.00844667	0	0
34.868	0.00855191	0	0
34.901	0.00900565	0	0
34.934	0.0093051	0	0
34.968	0.00938801	0	0
35.001	0.00998618	0	0
35.035	0.0100247	0	0
35.068	0.0100435	0	0
35.101	0.0105592	0	0
35.135	0.0116352	0	0
35.168	0.0113911	0	0
35.201	0.0116758	0	0
35.235	0.0117505	0	0
35.268	0.0107442	0	0
35.301	0.00980822	0	0
35.335	0.00935065	0	0
35.368	0.00888623	0	0
35.402	0.0082602	0	0
35.435	0.00936888	0	0
35.468	0.0169698	0	0
35.502	0.0323674	0	0
35.535	0.0497616	0	0
35.568	0.0673765	0	0
35.602	0.0835859	0	0
35.635	0.0897949	0	0
35.668	0.084918	0	0
35.702	0.0752756	0	0
35.735	0.0629777	1	0
35.769	0.0500978	1	0
35.802	0.0403344	0	0
35.835	0.0353646	0	0
35.869	0.0326443	0	0
35.902	0.0329623	0	0
35.935	0.0342949	0	0
35.969	0.0355056	0	0
36.002	0.0347138	0	0
36.036	0.034347	0	0
36.069	0.0335656	0	0
36.102	0.0327249	0	0
36.136	0.0321861	0	0
36.169	0.0319682	0	0
36.202	0.0318405	0	0
36.236	0.0319857	0	0
36.269	0.031753	0	0
36.302	0.0315757	0	0
36.336	0.0315906	0	0
36.369	0.0309874	0	0
36.403	0.0304427	0	0
36.436	0.0303506	0	0
36.469	0.029829	0	0
36.503	0.0299332	0	0
36.536	0.0305886	0	0
36.569	0.0309692	0	0
36.603	0.0316826	0	0
36.636	0.0326314	0	0
36.669	0.0328372	0	0
36.703	0.0329977	0	0
36.736	0.0329199	0	0
36.77	0.0326653	0	0
36.803	0.0326142	0	0
36.836	0.0329306	0	0
36.87	0.0326855	0	0
36.903	0.0329553	0	0
36.936	0.0331307	0	0
36.97	0.0332796	0	0
37.003	0.0330043	0	0
37.037	0.0330694	0	0
37.07	0.0325155	0	0
37.103	0.0319245	0	0
37.137	0.0310088	0	0
37.17	0.0303322	0	0
37.203	0.0296859	0	0
37.237	0.0292837	0	0
37.27	0.0288266	0	0
37.303	0.0287492	0	0
37.337	0.0273093	0	0
37.37	0.023985	0	0
37.404	0.0206149	0	0
37.437	0.0172251	0	0
37.47	0.0135174	0	0
37.504	0.0114105	0	0
37.537	0.0111527	0	0
37.57	0.0121309	0	0
37.604	0.0130568	0	0
37.637	0.0136025	0	0
37.67	0.01377	0	0
37.704	0.0140916	0	0
37.737	0.0133677	0	0
37.771	0.0127284	0	0
37.804	0.0129863	0	0
37.837	0.0133064	0	0
37.871	0.0136614	0	0
37.904	0.0142955	0	0
37.937	0.0155023	0	0
37.971	0.0155871	0	0
38.004	0.0156887	0	0
38.038	0.015705	0	0
38.071	0.0154235	0	0
38.104	0.0148237	0	0
38.138	0.0147689	0	0
38.171	0.0146561	0	0
38.204	0.0146705	0	0
38.238	0.0149744	0	0
38.271	0.0151496	0	0
38.304	0.0153662	0	0
38.338	0.0157736	0	0
38.371	0.0154502	0	0
38.405	0.0150264	0	0
38.438	0.0144391	0	0
38.471	0.0143135	0	0
38.505	0.0145991	0	0
38.538	0.0147019	0	0
38.571	0.0143469	0	0
38.605	0.0140606	0	0
38.638	0.0131486	0	0
38.671	0.0116846	0	0
38.705	0.0111273	0	0
38.738	0.0105515	0	0
38.772	0.0097696	0	0
38.805	0.00924494	0	0
38.838	0.00851667	0	0
38.872	0.00785199	0	0
38.905	0.00736985	0	0
38.938	0.00709617	0	0
38.972	0.00705336	0	0
39.005	0.00714819	0	0
39.039	0.00727503	0	0
39.072	0.00755816	0	0
39.105	0.00753354	0	0
39.139	0.0076213	0	0
39.172	0.00784961	0	0
39.205	0.0078786	0	0
39.239	0.00787698	0	0
39.272	0.00779828	0	0
39.305	0.0074397	0	0
39.339	0.00739732	0	0
39.372	0.00706136	0	0
39.406	0.00693791	0	0
39.439	0.00743177	0	0
39.472	0.00776886	0	0
39.506	0.00778202	0	0
39.539	0.00829811	0	0
39.572	0.00856485	0	0
39.606	0.00848373	0	0
39.639	0.00875638	0	0
39.672	0.00920099	0	0
39.706	0.00963335	0	0
39.739	0.0107026	0	0
39.773	0.0118032	0	0
39.806	0.0124072	0	0
39.839	0.0126598	0	0
39.873	0.0127644	0	0
39.906	0.0125368	0	0
39.939	0.0120973	0	0
39.973	0.0123969	0	0
40.006	0.0134759	0	0
40.04	0.014478	0	0
40.073	0.0152453	0	0
40.106	0.0165806	0	0
40.14	0.0174186	0	0
40.173	0.0172356	0	0
40.206	0.0174542	0	0
40.24	0.0176757	0	0
40.273	0.0169891	0	0
40.306	0.0165111	0	0
40.34	0.0164041	0	0
40.373	0.0162273	0	0
40.407	0.0160285	0	0
40.44	0.0165614	0	0
40.473	0.0171397	0	0
40.507	0.0181096	0	0
40.54	0.0180292	0	0
40.573	0.0179404	0	0
40.607	0.0181026	0	0
40.64	0.018871	0	0
40.673	0.0190701	0	0
40.707	0.01998	0	0
40.74	0.0209116	0	0
40.774	0.0223248	0	0
40.807	0.0267627	0	0
40.84	0.0383161	0	0
40.874	0.0505856	0	0
40.907	0.0621917	0	0
40.94	0.0708348	0	0
40.974	0.0732855	0	0
41.007	0.0670547	0	0
41.041	0.0586429	1	0
41.074	0.0507832	1	0
41.107	0.044065	0	0
41.141	0.0399572	0	0
41.174	0.0372187	0	0
41.207	0.0356324	0	0
41.241	0.0340582	0	0
41.274	0.0333101	0	0
41.307	0.0322778	0	0
41.341	0.0319543	0	0
41.374	0.0317969	0	0
41.408	0.030473	0	0
41.441	0.028867	0	0
41.474	0.0272703	0	0
41.508	0.0256228	0	0
41.541	0.0242498	0	0
41.574	0.0244407	0	0
41.608	0.0246899	0	0
41.641	0.0252451	0	0
41.674	0.0251503	0	0
41.708	0.0249382	0	0
41.741	0.0246342	0	0
41.775	0.0245452	0	0
41.808	0.0244683	0	0
41.841	0.0245798	0	0
41.875	0.0242578	0	0
41.908	0.0239661	0	0
41.941	0.0239839	0	0
41.975	0.023403	0	0
42.008	0.0232284	0	0
42.042	0.023441	0	0
42.075	0.0234072	0	0
42.108	0.0229286	0	0
42.142	0.0228081	0	0
42.175	0.0220187	0	0
42.208	0.0215092	0	0
42.242	0.0211388	0	0
42.275	0.0208673	0	0
42.308	0.0205337	0	0
42.342	0.0207042	0	0
42.375	0.0206972	0	0
42.409	0.020657	0	0
42.442	0.0207152	0	0
42.475	0.0207923	0	0
42.509	0.0210318	0	0
42.542	0.0208559	0	0
42.575	0.0209675	0	0
42.609	0.0207988	0	0
42.642	0.0205266	0	0
42.675	0.0204895	0	0
42.709	0.0210075	0	0
42.742	0.0208566	0	0
42.776	0.0207166	0	0
42.809	0.0205787	0	0
42.842	0.020402	0	0
42.876	0.0199835	0	0
42.909	0.0193331	0	0
42.942	0.0193783	0	0
42.976	0.0197839	0	0
43.009	0.0196213	0	0
43.043	0.019314	0	0
43.076	0.019703	0	0
43.109	0.0195983	0	0
43.143	0.0191026	0	0
43.176	0.0187363	0	0
43.209	0.0182651	0	0
43.243	0.0179145	0	0
43.276	0.0174673	0	0
43.309	0.0174731	0	0
43.343	0.0174185	0	0
43.376	0.0177083	0	0
43.41	0.0178174	0	0
43.443	0.0181406	0	0
43.476	0.0181146	0	0
43.51	0.0184866	0	0
43.543	0.0187133	0	0
43.576	0.0188069	0	0
43.61	0.0186393	0	0
43.643	0.018692	0	0
43.676	0.0180163	0	0
43.71	0.0176501	0	0
43.743	0.0169995	0	0
43.777	0.016384	0	0
43.81	0.0157001	0	0
43.843	0.0155307	0	0
43.877	0.0155672	0	0
43.91	0.0156979	0	0
43.943	0.0157834	0	0
43.977	0.0154944	0	0
44.01	0.0155673	0	0
44.044	0.0152214	0	0
44.077	0.0151858	0	0
44.11	0.0153978	0	0
44.144	0.0158414	0	0
44.177	0.0158547	0	0
44.21	0.0158455	0	0
44.244	0.0161279	0	0
44.277	0.0161679	0	0
44.31	0.0166604	0	0
44.344	0.0169819	0	0
44.377	0.017362	0	0
44.411	0.0172678	0	0
44.444	0.0174887	0	0
44.477	0.0178105	0	0
44.511	0.018282	0	0
44.544	0.0188358	0	0
44.577	0.0195051	0	0
44.611	0.0199323	0	0
44.644	0.0198401	0	0
44.677	0.0197381	0	0
44.711	0.0197361	0	0
44.744	0.0196272	0	0
44.778	0.0197574	0	0
44.811	0.0200234	0	0
44.844	0.0203427	0	0
44.878	0.0200173	0	0
44.911	0.0202753	0	0
44.944	0.0202253	0	0
44.978	0.0200681	0	0
45.011	0.0198113	0	0
45.045	0.0200758	0	0
45.078	0.0194759	0	0
45.111	0.0199615	0	0
45.145	0.0253407	0	0
45.178	0.0374501	0	0
45.211	0.0497979	0	0
45.245	0.0626398	0	0
45.278	0.073175	0	0
45.311	0.0748422	0	0
45.345	0.067056	0	0
45.378	0.057159	1	0
45.412	0.0462354	1	0
45.445	0.0368133	0	0
45.478	0.0309271	0	0
45.512	0.0279054	0	0
45.545	0.0258118	0	0
45.578	0.0230426	0	0
45.612	0.0187995	0	0
45.645	0.015009	0	0
45.678	0.0112323	0	0
45.712	0.00853373	0	0
45.745	0.00735543	0	0
45.779	0.00761133	0	0
45.812	0.00796673	0	0
45.845	0.00828445	0	0
45.879	0.00836242	0	0
45.912	0.00860582	0	0
45.945	0.00904534	0	0
45.979	0.0092068	0	0
46.012	0.00899202	0	0
46.046	0.00908984	0	0
46.079	0.00972224	0	0
46.112	0.0111947	0	0
46.146	0.0123103	0	0
46.179	0.0140357	0	0
46.212	0.0158212	0	0
46.246	0.0163479	0	0
46.279	0.0159179	0	0
46.312	0.016192	0	0
46.346	0.0158747	0	0
46.379	0.0151742	0	0
46.413	0.0165987	0	0
46.446	0.0170437	0	0
46.479	0.0174364	0	0
46.513	0.0181493	0	0
46.546	0.0190061	0	0
46.579	0.0182622	0	0
46.613	0.0173478	0	0
46.646	0.0163322	0	0
46.679	0.0151964	0	0
46.713	0.0136348	0	0
46.746	0.0123002	0	0
46.78	0.0117747	0	0
46.813	0.0113942	0	0
46.846	0.0115304	0	0
46.88	0.0117811	0	0
46.913	0.0134301	0	0
46.946	0.0161099	0	0
46.98	0.0184606	0	0
47.013	0.0206257	0	0
47.047	0.0230189	0	0
47.08	0.0235113	0	0
47.113	0.0233205	0	0
47.147	0.0237121	0	0
47.18	0.0241425	0	0
47.213	0.0247467	0	0
47.247	0.0253804	0	0
47.28	0.0257005	0	0
47.313	0.0257868	0	0
47.347	0.0255996	0	0
47.38	0.0250852	0	0
47.414	0.0249994	0	0
47.447	0.0251044	0	0
47.48	0.0255856	0	0
47.514	0.026221	0	0
47.547	0.0269232	0	0
47.58	0.0269772	0	0
47.614	0.0270045	0	0
47.647	0.0268112	0	0
47.68	0.0262074	0	0
47.714	0.0258066	0	0
47.747	0.0258395	0	0
47.781	0.0258885	0	0
47.814	0.023991	0	0
47.847	0.0219732	0	0
47.881	0.0197031	0	0
47.914	0.0175011	0	0
47.947	0.0154089	0	0
47.981	0.016712	0	0
48.014	0.0189413	0	0
48.048	0.0211696	0	0
48.081	0.0236766	0	0
48.114	0.0259413	0	0
48.148	0.026405	0	0
48.181	0.0264598	0	0
48.214	0.0265615	0	0
48.248	0.0262998	0	0
48.281	0.0261215	0	0
48.314	0.0261476	0	0
48.348	0.0261853	0	0
48.381	0.0261887	0	0
48.415	0.0260124	0	0
48.448	0.0260502	0	0
48.481	0.0240466	0	0
48.515	0.0214793	0	0
48.548	0.0185774	0	0
48.581	0.017127	0	0
48.615	0.0157018	0	0
48.648	0.0159429	0	0
48.681	0.0169307	0	0
48.715	0.0183208	0	0
48.748	0.0176651	0	0
48.782	0.0168052	0	0
48.815	0.0165422	0	0
48.848	0.0160036	0	0
48.882	0.015518	0	0
48.915	0.0158122	0	0
48.948	0.0166599	0	0
48.982	0.0164503	0	0
49.015	0.0173196	0	0
49.049	0.017863	0	0
49.082	0.0169832	0	0
49.115	0.0158632	0	0
49.149	0.0153237	0	0
49.182	0.0137237	0	0
49.215	0.0123629	0	0
49.249	0.0123765	0	0
49.282	0.0117805	0	0
49.315	0.0116045	0	0
49.349	0.0112712	0	0
49.382	0.0109804	0	0
49.416	0.0117485	0	0
49.449	0.0126308	0	0
49.482	0.013367	0	0
49.516	0.0142657	0	0
49.549	0.0146895	0	0
49.582	0.014709	0	0
49.616	0.0147597	0	0
49.649	0.0146977	0	0
49.682	0.0145178	0	0
49.716	0.0150682	0	0
49.749	0.0149439	0	0
49.783	0.0154622	0	0
49.816	0.0156406	0	0
49.849	0.0159698	0	0
49.883	0.0159221	0	0
49.916	0.020878	0	0
49.949	0.0345142	0	0
49.983	0.0479988	0	0
50.016	0.0576695	0	0
50.05	0.063996	0	0
50.083	0.0629949	0	0
50.116	0.051842	0	0
50.15	0.0408719	0	0
50.183	0.0326111	0	0
50.216	0.0279594	0	0
50.25	0.0262433	0	0
50.283	0.0255976	0	0
50.316	0.024903	0	0
50.35	0.0245959	0	0
50.383	0.0245168	0	0
50.417	0.0240669	0	0
50.45	0.0232912	0	0
50.483	0.0231196	0	0
50.517	0.0242762	0	0
50.55	0.02542	0	0
50.583	0.0269701	0	0
50.617	0.0296368	0	0
50.65	0.0329658	0	0
50.683	0.0355304	0	0
50.717	0.0386434	0	0
50.75	0.041336	0	0
50.784	0.0430336	0	0
50.817	0.0440586	0	0
50.85	0.0453189	1	0
50.884	0.0456311	1	0
50.917	0.0456448	1	0
50.95	0.045745	1	0
50.984	0.0454816	1	0
51.017	0.0430939	0	0
51.051	0.0411308	0	0
51.084	0.0379725	0	0
51.117	0.034098	0	0
51.151	0.0281947	0	0
51.184	0.0241664	0	0
51.217	0.019534	0	0
51.251	0.0169219	0	0
51.284	0.0147845	0	0
51.317	0.0147695	0	0
51.351	0.0141848	0	0
51.384	0.0131305	0	0
51.418	0.0114607	0	0
51.451	0.00996902	0	0
51.484	0.00847298	0	0
51.518	0.00755373	0	0
51.551	0.00708081	0	0
51.584	0.00672267	0	0
51.618	0.00623961	0	0
51.651	0.00589843	0	0
51.684	0.00556015	0	0
51.718	0.00569056	0	0
51.751	0.00598624	0	0
51.785	0.00645999	0	0
51.818	0.00672835	0	0
51.851	0.00712614	0	0
51.885	0.00742634	0	0
51.918	0.00729303	0	0
51.951	0.00751787	0	0
51.985	0.00737213	0	0
52.018	0.00749925	0	0
52.052	0.0077327	0	0
52.085	0.00793014	0	0
52.118	0.00778874	0	0
52.152	0.00836534	0	0
52.185	0.00809918	0	0
52.218	0.0146845	0	0
52.252	0.030249	0	0
52.285	0.0462078	0	0
52.318	0.0617086	0	0
52.352	0.0738773	0	0
52.385	0.0746578	0	0
52.419	0.0634173	0	0
52.452	0.0496335	1	0
52.485	0.0344414	0	0
52.519	0.0227755	0	0
52.552	0.0155362	0	0
52.585	0.0110575	0	0
52.619	0.00858483	0	0
52.652	0.00753697	0	0
52.685	0.00672856	0	0
52.719	0.00598666	0	0
52.752	0.00586422	0	0
52.786	0.00562147	0	0
52.819	0.00569325	0	0
52.852	0.00588698	0	0
52.886	0.00605899	0	0
52.919	0.00800183	0	0
52.952	0.0175027	0	0
52.986	0.0330467	0	0
53.019	0.048267	0	0
53.053	0.0607159	0	0
53.086	0.0663365	0	0
53.119	0.061075	0	0
53.153	0.0478936	0	0
53.186	0.0336263	0	0
53.219	0.0214217	0	0
53.253	0.0147964	0	0
53.286	0.0115194	0	0
53.319	0.00928637	0	0
53.353	0.00853942	0	0
53.386	0.00829521	0	0
53.42	0.00711673	0	0
53.453	0.00642776	0	0
53.486	0.00631363	0	0
53.52	0.00623109	0	0
53.553	0.00605474	0	0
53.586	0.00605474	0	0
53.62	0.00583532	0	0
53.653	0.00592702	0	0
53.686	0.00528796	0	0
53.72	0.00529878	0	0
53.753	0.00526896	0	0
53.787	0.00540615	0	0
53.82	0.00528983	0	0
53.853	0.00571033	0	0
53.887	0.00555617	0	0
53.92	0.0055662	0	0
53.953	0.00544717	0	0
53.987	0.00507567	0	0
54.02	0.0049437	0	0
54.054	0.00487222	0	0
54.087	0.00465827	0	0
54.12	0.00487449	0	0
54.154	0.00523463	0	0
54.187	0.00557351	0	0
54.22	0.00598165	0	0
54.254	0.00651817	0	0
54.287	0.00672209	0	0
54.32	0.00682276	0	0
54.354	0.00707256	0	0
54.387	0.00690079	0	0
54.421	0.00664359	0	0
54.454	0.00655718	0	0
54.487	0.00655086	0	0
54.521	0.00613487	0	0
54.554	0.00612198	0	0
54.587	0.00608128	0	0
54.621	0.00597434	0	0
54.654	0.00606598	0	0
54.687	0.00602985	0	0
54.721	0.00637586	0	0
54.754	0.00642359	0	0
54.788	0.00651101	0	0
54.821	0.00639593	0	0
54.854	0.00639133	0	0
54.888	0.00607519	0	0
54.921	0.00627076	0	0
54.954	0.00614053	0	0
54.988	0.00615762	0	0
55.021	0.00669769	0	0
55.055	0.012841	0	0
55.088	0.0279644	0	0
55.121	0.0439922	0	0
55.155	0.059169	0	0
55.188	0.070511	0	0
55.221	0.0721383	0	0
55.255	0.0627473	0	0
55.288	0.0509855	0	0
55.321	0.0392274	0	0
55.355	0.0303351	0	0
55.388	0.0249349	0	0
55.422	0.0216074	0	0
55.455	0.0194948	0	0
55.488	0.0179538	0	0
55.522	0.0166558	0	0
55.555	0.0157288	0	0
55.588	0.0141563	0	0
55.622	0.0130651	0	0
55.655	0.0119502	0	0
55.688	0.0110649	0	0
55.722	0.0102925	0	0
55.755	0.00999196	0	0
55.789	0.00968626	0	0
55.822	0.00945184	0	0
55.855	0.00930895	0	0
55.889	0.00911402	0	0
55.922	0.00895229	0	0
55.955	0.00866155	0	0
55.989	0.00836607	0	0
56.022	0.00782474	0	0
56.056	0.00742231	0	0
56.089	0.00708175	0	0
56.122	0.0071129	0	0
56.156	0.00717929	0	0
56.189	0.00757969	0	0
56.222	0.00787016	0	0
56.256	0.00809482	0	0
56.289	0.00783774	0	0
56.322	0.00786149	0	0
56.356	0.00774018	0	0
56.389	0.00748505	0	0
56.423	0.00739926	0	0
56.456	0.00712856	0	0
56.489	0.00697637	0	0
56.523	0.0070316	0	0
56.556	0.00715579	0	0
56.589	0.00695924	0	0
56.623	0.00693438	0	0
56.656	0.00670496	0	0
56.689	0.00653285	0	0
56.723	0.00630593	0	0
56.756	0.00628956	0	0
56.79	0.00635616	0	0
56.823	0.00665298	0	0
56.856	0.00668218	0	0
56.89	0.00678298	0	0
56.923	0.00683347	0	0
56.956	0.00721933	0	0
56.99	0.00712937	0	0
57.023	0.00686073	0	0
57.057	0.00696539	0	0
57.09	0.00691901	0	0
57.123	0.00693857	0	0
57.157	0.00688049	0	0
57.19	0.00686488	0	0
57.223	0.00690925	0	0
57.257	0.00723852	0	0
57.29	0.00718582	0	0
57.323	0.00740172	0	0
57.357	0.00763073	0	0
57.39	0.00761314	0	0
57.424	0.00789125	0	0
57.457	0.00819367	0	0
57.49	0.00837531	0	0
57.524	0.00895814	0	0
57.557	0.00928494	0	0
57.59	0.0088214	0	0
57.624	0.00850384	0	0
57.657	0.00869572	0	0
57.69	0.00854838	0	0
57.724	0.00824092	0	0
57.757	0.0083732	0	0
57.791	0.00824629	0	0
57.824	0.00788127	0	0
57.857	0.00755423	0	0
57.891	0.00749907	0	0
57.924	0.0075733	0	0
57.957	0.00766602	0	0
57.991	0.00762659	0	0
58.024	0.00758238	0	0
58.058	0.00750412	0	0
58.091	0.00728089	0	0
58.124	0.00706101	0	0
58.158	0.00677744	0	0
58.191	0.00645233	0	0
58.224	0.00619425	0	0
58.258	0.00598658	0	0
58.291	0.00564458	0	0
58.324	0.00556965	0	0
58.358	0.00557655	0	0
58.391	0.00564525	0	0
58.425	0.00568405	0	0
58.458	0.00594684	0	0
58.491	0.00595591	0	0
58.525	0.0060009	0	0
58.558	0.00605523	0	0
58.591	0.0059038	0	0
58.625	0.00595646	0	0
58.658	0.00585249	0	0
58.691	0.00614533	0	0
58.725	0.00632005	0	0
58.758	0.0065596	0	0
58.792	0.00657192	0	0
58.825	0.00692101	0	0
58.858	0.00681634	0	0
58.892	0.00665009	0	0
58.925	0.00667366	0	0
58.958	0.00688512	0	0
58.992	0.00707884	0	0
59.025	0.00715669	0	0
59.059	0.00732852	0	0
59.092	0.0074709	0	0
59.125	0.00754956	0	0
59.159	0.00718085	0	0
59.192	0.00718266	0	0
59.225	0.00727953	0	0
59.259	0.00729355	0	0
59.292	0.00727848	0	0
59.325	0.00767482	0	0
59.359	0.00758369	0	0
59.392	0.00751073	0	0
59.426	0.00787216	0	0
59.459	0.0156706	0	0
59.492	0.0293011	0	0
59.526	0.0452543	0	0
59.559	0.0598696	0	0
59.592	0.069911	0	0
59.626	0.0678972	0	0
59.659	0.0572002	0	0
59.692	0.0435294	0	0
59.726	0.0299471	0	0
59.759	0.0205793	0	0
59.793	0.0156071	0	0
59.826	0.0132214	0	0
59.859	0.0112308	0	0
59.893	0.0103371	0	0
59.926	0.00926672	0	0
59.959	0.00830406	0	0
59.993	0.00757157	0	0
60.026	0.00718421	0	0
60.06	0.006931	0	0
60.093	0.0067583	0	0
60.126	0.00670126	0	0
60.16	0.00664188	0	0
60.193	0.00659772	0	0
60.226	0.00665968	0	0
60.26	0.00673252	0	0
60.293	0.00678769	0	0
60.326	0.00706354	0	0
60.36	0.00715037	0	0
60.393	0.00720057	0	0
60.427	0.00703321	0	0
60.46	0.00713056	0	0
60.493	0.00683178	0	0
60.527	0.00703932	0	0
60.56	0.00714164	0	0
60.593	0.00693908	0	0
60.627	0.00682672	0	0
60.66	0.00680731	0	0
60.693	0.00656534	0	0
60.727	0.00600455	0	0
60.76	0.00631371	0	0
60.794	0.00639432	0	0
60.827	0.00675622	0	0
60.86	0.00704914	0	0
60.894	0.0074441	0	0
60.927	0.0102868	0	0
60.96	0.0132333	0	0
60.994	0.0160664	0	0
61.027	0.0184581	0	0
61.061	0.021122	0	0
61.094	0.0212467	0	0
61.127	0.0213146	0	0
61.161	0.0214104	0	0
61.194	0.0219616	0	0
61.227	0.0220178	0	0
61.261	0.0221109	0	0
61.294	0.0213844	0	0
61.327	0.0205378	0	0
61.361	0.0201966	0	0
61.394	0.0195245	0	0
61.428	0.0187975	0	0
61.461	0.018864	0	0
61.494	0.0191522	0	0
61.528	0.0184021	0	0
61.561	0.0185229	0	0
61.594	0.019222	0	0
61.628	0.0193794	0	0
61.661	0.0192034	0	0
61.694	0.0202785	0	0
61.728	0.0208948	0	0
61.761	0.0210083	0	0
61.795	0.0211221	0	0
61.828	0.0217405	0	0
61.861	0.0208871	0	0
61.895	0.020671	0	0
61.928	0.0201256	0	0
61.961	0.0199906	0	0
61.995	0.0193561	0	0
62.028	0.019703	0	0
62.062	0.019983	0	0
62.095	0.0202287	0	0
62.128	0.0204147	0	0
62.162	0.0202867	0	0
62.195	0.0206277	0	0
62.228	0.0208176	0	0
62.262	0.0210561	0	0
62.295	0.0211908	0	0
62.328	0.0215168	0	0
62.362	0.0212598	0	0
62.395	0.0208045	0	0
62.429	0.0201925	0	0
62.462	0.0200635	0	0
62.495	0.0202941	0	0
62.529	0.0200937	0	0
62.562	0.0201642	0	0
62.595	0.0200876	0	0
62.629	0.0195033	0	0
62.662	0.0189523	0	0
62.695	0.0188164	0	0
62.729	0.0186722	0	0
62.762	0.0192829	0	0
62.796	0.0196776	0	0
62.829	0.0198196	0	0
62.862	0.0197637	0	0
62.896	0.0196048	0	0
62.929	0.019028	0	0
62.962	0.0187384	0	0
62.996	0.0197099	0	0
63.029	0.0202197	0	0
63.063	0.0202897	0	0
63.096	0.0203413	0	0
63.129	0.0203334	0	0
63.163	0.0194557	0	0
63.196	0.0194186	0	0
63.229	0.019758	0	0
63.263	0.019466	0	0
63.296	0.0191945	0	0
63.329	0.0185185	0	0
63.363	0.0181527	0	0
63.396	0.0177313	0	0
63.43	0.01809	0	0
63.463	0.0185062	0	0
63.496	0.0188652	0	0
63.53	0.0187397	0	0
63.563	0.0187198	0	0
63.596	0.0172386	0	0
63.63	0.0154078	0	0
63.663	0.0135866	0	0
63.696	0.0116124	0	0
63.73	0.00968774	0	0
63.763	0.00894178	0	0
63.797	0.00848168	0	0
63.83	0.00777718	0	0
63.863	0.00739354	0	0
63.897	0.00711461	0	0
63.93	0.0071778	0	0
63.963	0.00712157	0	0
63.997	0.0075059	0	0
64.03	0.0074463	0	0
64.064	0.00750169	0	0
64.097	0.00678121	0	0
64.13	0.00634092	0	0
64.164	0.00598135	0	0
64.197	0.00594288	0	0
64.23	0.00550055	0	0
64.264	0.00584429	0	0
64.297	0.00592549	0	0
64.33	0.005903	0	0
64.364	0.005852	0	0
64.397	0.00580081	0	0
64.431	0.00546779	0	0
64.464	0.00547488	0	0
64.497	0.00546117	0	0
64.531	0.00543365	0	0
64.564	0.0057524	0	0
64.597	0.00585865	0	0
64.631	0.00608727	0	0
64.664	0.00621772	0	0
64.697	0.00618951	0	0
64.731	0.00614073	0	0
64.764	0.00617859	0	0
64.798	0.00596168	0	0
64.831	0.00573026	0	0
64.864	0.00568902	0	0
64.898	0.0053705	0	0
64.931	0.00523701	0	0
64.964	0.00516725	0	0
64.998	0.00524969	0	0
65.031	0.00521958	0	0
65.065	0.00543038	0	0
65.098	0.00558918	0	0
65.131	0.00567053	0	0
65.165	0.00569594	0	0
65.198	0.00569594	0	0
65.231	0.00569378	0	0
65.265	0.00535524	0	0
65.298	0.00543332	0	0
65.331	0.00521645	0	0
65.365	0.00522405	0	0
65.398	0.00522189	0	0
65.432	0.00573792	0	0
65.465	0.00594306	0	0
65.498	0.00633605	0	0
65.532	0.00669956	0	0
65.565	0.00695846	0	0
65.598	0.00711495	0	0
65.632	0.00732331	0	0
65.665	0.00752408	0	0
65.698	0.00765299	0	0
65.732	0.00753367	0	0
65.765	0.00741222	0	0
65.799	0.00717774	0	0
65.832	0.00705024	0	0
65.865	0.00698362	0	0
65.899	0.0069013	0	0
65.932	0.00678067	0	0
65.965	0.00676933	0	0
65.999	0.00673896	0	0
66.032	0.00670815	0	0
66.066	0.0067807	0	0
66.099	0.00710021	0	0
66.132	0.00705192	0	0
66.166	0.00695647	0	0
66.199	0.00695464	0	0
66.232	0.00690469	0	0
66.266	0.00675118	0	0
66.299	0.0066361	0	0
66.332	0.00651253	0	0
66.366	0.00644492	0	0
66.399	0.00630723	0	0
66.433	0.00596428	0	0
66.466	0.00594695	0	0
66.499	0.00595378	0	0
66.533	0.00578562	0	0
66.566	0.00561849	0	0
66.599	0.00593893	0	0
66.633	0.00607528	0	0
66.666	0.00630841	0	0
66.699	0.00647272	0	0
66.733	0.00684889	0	0
66.766	0.00687881	0	0
66.8	0.00683698	0	0
66.833	0.00670606	0	0
66.866	0.0068785	0	0
66.9	0.00689576	0	0
66.933	0.00690682	0	0
66.966	0.00686778	0	0
67	0.00707774	0	0
67.033	0.00679045	0	0
67.067	0.00695417	0	0
67.1	0.00694126	0	0
67.133	0.00693288	0	0
67.167	0.00668909	0	0
67.2	0.00660399	0	0
67.233	0.00626962	0	0
67.267	0.00588868	0	0
67.3	0.00580838	0	0
67.333	0.00605397	0	0
67.367	0.013874	0	0
67.4	0.0292096	0	0
67.434	0.0453995	0	0
67.467	0.0615972	0	0
67.5	0.0730435	0	0
67.534	0.0721425	0	0
67.567	0.0598686	1	0
67.6	0.0451941	1	0
67.634	0.0298452	0	0
67.667	0.0189208	0	0
67.7	0.0123377	0	0
67.734	0.00945047	0	0
67.767	0.00832888	0	0
67.801	0.00769227	0	0
67.834	0.00723665	0	0
67.867	0.00705947	0	0
67.901	0.00682021	0	0
67.934	0.00986922	0	0
67.967	0.0230106	0	0
68.001	0.0386158	0	0
68.034	0.054739	0	0
68.068	0.0671816	0	0
68.101	0.0718691	0	0
68.134	0.063482	0	0
68.168	0.0506203	1	0
68.201	0.0366493	0	0
68.234	0.0260867	0	0
68.268	0.0192364	0	0
68.301	0.0152753	0	0
68.334	0.0127919	0	0
68.368	0.0111659	0	0
68.401	0.00958109	0	0
68.435	0.00866513	0	0
68.468	0.007887	0	0
68.501	0.00728895	0	0
68.535	0.00675483	0	0
68.568	0.0065588	0	0
68.601	0.00630525	0	0
68.635	0.00608706	0	0
68.668	0.00607606	0	0
68.701	0.00609198	0	0
68.735	0.00636453	0	0
68.768	0.00654096	0	0
68.802	0.00685019	0	0
68.835	0.00712202	0	0
68.868	0.00699312	0	0
68.902	0.00658407	0	0
68.935	0.00640306	0	0
68.968	0.00610712	0	0
69.002	0.00601418	0	0
69.035	0.00614704	0	0
69.069	0.00617518	0	0
69.102	0.00609171	0	0
69.135	0.00594377	0	0
69.169	0.00590873	0	0
69.202	0.00552099	0	0
69.235	0.0056791	0	0
69.269	0.00588681	0	0
69.302	0.00627492	0	0
69.335	0.00773541	0	0
69.369	0.0135699	0	0
69.402	0.0245398	0	0
69.436	0.0407575	0	0
69.469	0.0559044	0	0
69.502	0.069975	0	0
69.536	0.0802066	0	0
69.569	0.0838003	0	0
69.602	0.076608	0	0
69.636	0.0673799	0	0
69.669	0.0549054	1	0
69.702	0.0416236	0	0
69.736	0.0290528	0	0
69.769	0.0218756	0	0
69.803	0.0175739	0	0
69.836	0.0158348	0	0
69.869	0.0145081	0	0
69.903	0.0134098	0	0
69.936	0.0123836	0	0
69.969	0.0112054	0	0
70.003	0.0101084	0	0
70.036	0.00890787	0	0
70.07	0.00846068	0	0
70.103	0.00800786	0	0
70.136	0.00774185	0	0
70.17	0.00772825	0	0
70.203	0.00795413	0	0
70.236	0.00761611	0	0
70.27	0.00758367	0	0
70.303	0.00758203	0	0
70.336	0.00762414	0	0
70.37	0.00772548	0	0
70.403	0.00812147	0	0
70.437	0.00837502	0	0
70.47	0.00828224	0	0
70.503	0.00836643	0	0
70.537	0.00883982	0	0
70.57	0.00875444	0	0
70.603	0.00836758	0	0
70.637	0.00833596	0	0
70.67	0.00839488	0	0
70.703	0.00803263	0	0
70.737	0.00805702	0	0
70.77	0.00820338	0	0
70.804	0.0083457	0	0
70.837	0.00842176	0	0
70.87	0.00827761	0	0
70.904	0.00806823	0	0
70.937	0.00815218	0	0
70.97	0.00824663	0	0
71.004	0.00794732	0	0
71.037	0.00805746	0	0
71.071	0.00799779	0	0
71.104	0.00766954	0	0
71.137	0.00719953	0	0
71.171	0.00699067	0	0
71.204	0.00670709	0	0
71.237	0.00645648	0	0
71.271	0.00640777	0	0
71.304	0.00679141	0	0
71.337	0.00707874	0	0
71.371	0.0073192	0	0
71.404	0.00747927	0	0
71.438	0.00770423	0	0
71.471	0.00761643	0	0
71.504	0.0074421	0	0
71.538	0.00743873	0	0
71.571	0.00749851	0	0
71.604	0.007048	0	0
71.638	0.00666932	0	0
71.671	0.00642342	0	0
71.704	0.00630427	0	0
71.738	0.00618799	0	0
71.771	0.00627759	0	0
71.805	0.00644602	0	0
71.838	0.00665017	0	0
71.871	0.00650207	0	0
71.905	0.00638984	0	0
71.938	0.00644388	0	0
71.971	0.00615398	0	0
72.005	0.00591533	0	0
72.038	0.00613639	0	0
72.072	0.0062123	0	0
72.105	0.00623742	0	0
72.138	0.00669086	0	0
72.172	0.00699538	0	0
72.205	0.0068609	0	0
72.238	0.00674068	0	0
72.272	0.00693873	0	0
72.305	0.00673717	0	0
72.338	0.00653541	0	0
72.372	0.00633615	0	0
72.405	0.00632024	0	0
72.439	0.0062353	0	0
72.472	0.00624138	0	0
72.505	0.00655463	0	0
72.539	0.00677657	0	0
72.572	0.00713844	0	0
72.605	0.00705807	0	0
72.639	0.00693281	0	0
72.672	0.0069018	0	0
72.705	0.00678643	0	0
72.739	0.00676009	0	0
72.772	0.00675401	0	0
72.806	0.00689932	0	0
72.839	0.00673553	0	0
72.872	0.00694347	0	0
72.906	0.00658014	0	0
72.939	0.00652623	0	0
72.972	0.00647757	0	0
73.006	0.00633098	0	0
73.039	0.00636576	0	0
73.073	0.00669686	0	0
73.106	0.00681997	0	0
73.139	0.00677795	0	0
73.173	0.00703157	0	0
73.206	0.00680105	0	0
73.239	0.00691265	0	0
73.273	0.00701124	0	0
73.306	0.0073138	0	0
73.339	0.00703136	0	0
73.373	0.00717154	0	0
73.406	0.00706355	0	0
73.44	0.0070938	0	0
73.473	0.00690363	0	0
73.506	0.00713264	0	0
73.54	0.00709375	0	0
73.573	0.00682511	0	0
73.606	0.00636506	0	0
73.64	0.00626119	0	0
73.673	0.00600032	0	0
73.706	0.00584106	0	0
73.74	0.00596526	0	0
73.773	0.00623536	0	0
73.807	0.00633532	0	0
73.84	0.00651098	0	0
73.873	0.00653614	0	0
73.907	0.00627315	0	0
73.94	0.00637603	0	0
73.973	0.00646165	0	0
74.007	0.00624368	0	0
74.04	0.00628856	0	0
74.074	0.00628353	0	0
74.107	0.00603989	0	0
74.14	0.00592447	0	0
74.174	0.00603402	0	0
74.207	0.00607353	0	0
74.24	0.00627151	0	0
74.274	0.00648681	0	0
74.307	0.00628201	0	0
74.34	0.00606141	0	0
74.374	0.00589327	0	0
74.407	0.00586542	0	0
74.441	0.0057225	0	0
74.474	0.00605008	0	0
74.507	0.00652316	0	0
74.541	0.00655172	0	0
74.574	0.0067123	0	0
74.607	0.00641728	0	0
74.641	0.00643733	0	0
74.674	0.00573499	0	0
74.707	0.00571529	0	0
74.741	0.00534346	0	0
74.774	0.00534066	0	0
74.808	0.00485051	0	0
74.841	0.00511384	0	0
74.874	0.00500758	0	0
74.908	0.00489352	0	0
74.941	0.00491021	0	0
74.974	0.00499402	0	0
75.008	0.00490793	0	0
75.041	0.00510352	0	0
75.075	0.00589433	0	0
75.108	0.0062875	0	0
75.141	0.00667378	0	0
75.175	0.00711923	0	0
75.208	0.00690161	0	0
75.241	0.00673169	0	0
75.275	0.00657189	0	0
75.308	0.00652332	0	0
75.341	0.00661553	0	0
75.375	0.00678076	0	0
75.408	0.006603	0	0
75.442	0.00674511	0	0
75.475	0.00660073	0	0
75.508	0.00617712	0	0
75.542	0.00613354	0	0
75.575	0.00606251	0	0
75.608	0.00618722	0	0
75.642	0.00651519	0	0
75.675	0.00686363	0	0
75.708	0.00684574	0	0
75.742	0.00688883	0	0
75.775	0.00663521	0	0
75.809	0.00638142	0	0
75.842	0.00660295	0	0
75.875	0.00685511	0	0
75.909	0.00701301	0	0
75.942	0.00732513	0	0
75.975	0.00727409	0	0
76.009	0.00707311	0	0
76.042	0.00735772	0	0
76.076	0.00744509	0	0
76.109	0.00766245	0	0
76.142	0.0079972	0	0
76.176	0.00821273	0	0
76.209	0.00788102	0	0
76.242	0.00761542	0	0
76.276	0.00717466	0	0
76.309	0.0069128	0	0
76.342	0.00643792	0	0
76.376	0.0061365	0	0
76.409	0.00595808	0	0
76.443	0.00589106	0	0
76.476	0.00557367	0	0
76.509	0.00585146	0	0
76.543	0.0060389	0	0
76.576	0.00595475	0	0
76.609	0.00610285	0	0
76.643	0.00648748	0	0
76.676	0.00646904	0	0
76.709	0.00675268	0	0
76.743	0.00719709	0	0
76.776	0.00709751	0	0
76.81	0.00694902	0	0
76.843	0.00666904	0	0
76.876	0.00629658	0	0
76.91	0.00625838	0	0
76.943	0.00645077	0	0
76.976	0.00635028	0	0
77.01	0.00649996	0	0
77.043	0.00653541	0	0
77.077	0.00641815	0	0
77.11	0.00616642	0	0
77.143	0.00630615	0	0
77.177	0.00622819	0	0
77.21	0.00609659	0	0
77.243	0.00607021	0	0
77.277	0.00600553	0	0
77.31	0.00583109	0	0
77.343	0.00569513	0	0
77.377	0.00556747	0	0
77.41	0.00525198	0	0
77.444	0.00525656	0	0
77.477	0.00549257	0	0
77.51	0.00567547	0	0
77.544	0.00596703	0	0
77.577	0.00634847	0	0
77.61	0.00665309	0	0
77.644	0.00665697	0	0
77.677	0.00678828	0	0
77.71	0.00686658	0	0
77.744	0.00671365	0	0
77.777	0.00647994	0	0
77.811	0.00640428	0	0
77.844	0.00639095	0	0
77.877	0.00629121	0	0
77.911	0.00638433	0	0
77.944	0.0065477	0	0
77.977	0.00654975	0	0
78.011	0.00647093	0	0
78.044	0.00658855	0	0
78.078	0.00651506	0	0
78.111	0.00628077	0	0
78.144	0.0060264	0	0
78.178	0.00581167	0	0
78.211	0.00567882	0	0
78.244	0.00554368	0	0
78.278	0.00571384	0	0
78.311	0.00582749	0	0
78.344	0.00578276	0	0
78.378	0.00715458	0	0
78.411	0.0159962	0	0
78.445	0.03187	0	0
78.478	0.0476093	0	0
78.511	0.0640384	0	0
78.545	0.0791411	0	0
78.578	0.0829163	0	0
78.611	0.0756226	0	0
78.645	0.064989	0	0
78.678	0.0520117	1	0
78.711	0.0376475	0	0
78.745	0.0266724	0	0
78.778	0.0191153	0	0
78.812	0.0149483	0	0
78.845	0.0124939	0	0
78.878	0.0111087	0	0
78.912	0.0103526	0	0
78.945	0.00969658	0	0
78.978	0.0093751	0	0
79.012	0.00934774	0	0
79.045	0.00891897	0	0
79.079	0.0084177	0	0
79.112	0.00819419	0	0
79.145	0.00799984	0	0
79.179	0.00749082	0	0
79.212	0.00745165	0	0
79.245	0.0073647	0	0
79.279	0.00711334	0	0
79.312	0.0069617	0	0
79.345	0.00693868	0	0
79.379	0.00690768	0	0
79.412	0.00677958	0	0
79.446	0.00739357	0	0
79.479	0.0098551	0	0
79.512	0.022102	0	0
79.546	0.0371713	0	0
79.579	0.052582	0	0
79.612	0.0665914	0	0
79.646	0.0745112	0	0
79.679	0.0691734	0	0
79.712	0.0577432	1	0
79.746	0.0446584	0	0
79.779	0.0317843	0	0
79.813	0.0224199	0	0
79.846	0.0157532	0	0
79.879	0.0124932	0	0
79.913	0.0103367	0	0
79.946	0.00880979	0	0
79.979	0.00805475	0	0
80.013	0.00766394	0	0
80.046	0.00742369	0	0
80.08	0.00755136	0	0
80.113	0.00754033	0	0
80.146	0.00720601	0	0
80.18	0.00749414	0	0
80.213	0.0073217	0	0
80.246	0.00737353	0	0
80.28	0.00737722	0	0
80.313	0.00756395	0	0
80.346	0.00930458	0	0
80.38	0.0216952	0	0
80.413	0.0364557	0	0
80.447	0.0519562	0	0
80.48	0.0670548	0	0
80.513	0.077893	0	0
80.547	0.0742047	0	0
80.58	0.0640718	0	0
80.613	0.0513536	0	0
80.647	0.0377573	0	0
80.68	0.0259504	0	0
80.713	0.0177054	0	0
80.747	0.0138155	0	0
80.78	0.0115575	0	0
80.814	0.0102583	0	0
80.847	0.00965514	0	0
80.88	0.00953316	0	0
80.914	0.00871439	0	0
80.947	0.00812036	0	0
80.98	0.00788774	0	0
81.014	0.00743079	0	0
81.047	0.0071161	0	0
81.081	0.00728982	0	0
81.114	0.00750169	0	0
81.147	0.0075312	0	0
81.181	0.00759513	0	0
81.214	0.00760625	0	0
81.247	0.00760936	0	0
81.281	0.00774113	0	0
81.314	0.00760815	0	0
81.347	0.00783072	0	0
81.381	0.00810823	0	0
81.414	0.00813898	0	0
81.448	0.00817264	0	0
81.481	0.00840872	0	0
81.514	0.00841524	0	0
81.548	0.00846847	0	0
81.581	0.00857923	0	0
81.614	0.00858074	0	0
81.648	0.00889782	0	0
81.681	0.00917196	0	0
81.714	0.00886863	0	0
81.748	0.00885426	0	0
81.781	0.00885577	0	0
81.815	0.00893636	0	0
81.848	0.00927558	0	0
81.881	0.00935834	0	0
81.915	0.00913538	0	0
81.948	0.00884134	0	0
81.981	0.00812214	0	0
82.015	0.00713809	0	0
82.048	0.00697526	0	0
82.082	0.00668187	0	0
82.115	0.006645	0	0
82.148	0.00666293	0	0
82.182	0.00690677	0	0
82.215	0.00704716	0	0
82.248	0.00717213	0	0
82.282	0.0072485	0	0
82.315	0.00716264	0	0
82.348	0.00713954	0	0
82.382	0.00699339	0	0
82.415	0.00689238	0	0
82.449	0.00717541	0	0
82.482	0.0074635	0	0
82.515	0.00756393	0	0
82.549	0.00789367	0	0
82.582	0.00808728	0	0
82.615	0.00791525	0	0
82.649	0.00804853	0	0
82.682	0.00810937	0	0
82.715	0.0078362	0	0
82.749	0.00797176	0	0
82.782	0.00781762	0	0
82.816	0.00753068	0	0
82.849	0.00736223	0	0
82.882	0.00761512	0	0
82.916	0.00727402	0	0
82.949	0.00712998	0	0
82.982	0.0070893	0	0
83.016	0.00702865	0	0
83.049	0.00687055	0	0
83.083	0.00699448	0	0
83.116	0.00706166	0	0
83.149	0.00708312	0	0
83.183	0.00707936	0	0
83.216	0.00680929	0	0
83.249	0.00653055	0	0
83.283	0.00669764	0	0
83.316	0.00697672	0	0
83.349	0.00689728	0	0
83.383	0.00727121	0	0
83.416	0.00751298	0	0
83.45	0.0076431	0	0
83.483	0.00721014	0	0
83.516	0.00735399	0	0
83.55	0.00691736	0	0
83.583	0.00658129	0	0
83.616	0.006005	0	0
83.65	0.00606879	0	0
83.683	0.00571687	0	0
83.716	0.00563885	0	0
83.75	0.00568935	0	0
83.783	0.0058218	0	0
83.817	0.005828	0	0
83.85	0.00594509	0	0
83.883	0.00602089	0	0
83.917	0.00612639	0	0
83.95	0.00614354	0	0
83.983	0.00619807	0	0
84.017	0.006376	0	0
84.05	0.00626643	0	0
84.084	0.00636154	0	0
84.117	0.00665295	0	0
84.15	0.00661686	0	0
84.184	0.00667015	0	0
84.217	0.00685304	0	0
84.25	0.00685304	0	0
84.284	0.00699622	0	0
84.317	0.00715703	0	0
84.35	0.00715883	0	0
84.384	0.00735859	0	0
84.417	0.00761141	0	0
84.451	0.00721664	0	0
84.484	0.00741156	0	0
84.517	0.0073989	0	0
84.551	0.00756467	0	0
84.584	0.00735692	0	0
84.617	0.0077767	0	0
84.651	0.00770497	0	0
84.684	0.00796975	0	0
84.717	0.00790015	0	0
84.751	0.00791166	0	0
84.784	0.00776741	0	0
84.818	0.00754692	0	0
84.851	0.00742917	0	0
84.884	0.00723582	0	0
84.918	0.00716117	0	0
84.951	0.00691622	0	0
84.984	0.0070563	0	0
85.018	0.00678785	0	0
85.051	0.00678785	0	0
85.085	0.00692052	0	0
85.118	0.00710315	0	0
85.151	0.00696695	0	0
85.185	0.00703277	0	0
85.218	0.00708033	0	0
85.251	0.00714314	0	0
85.285	0.0070196	0	0
85.318	0.00710396	0	0
85.351	0.0069306	0	0
85.385	0.00689268	0	0
85.418	0.00646661	0	0
85.452	0.00671237	0	0
85.485	0.00642773	0	0
85.518	0.00668013	0	0
85.552	0.00690067	0	0
85.585	0.0070369	0	0
85.618	0.0071041	0	0
85.652	0.00739056	0	0
85.685	0.00721965	0	0
85.718	0.00711171	0	0
85.752	0.00730721	0	0
85.785	0.0069291	0	0
85.819	0.00682933	0	0
85.852	0.00699127	0	0
85.885	0.00689015	0	0
85.919	0.00665702	0	0
85.952	0.0067356	0	0
85.985	0.00660642	0	0
86.019	0.00665771	0	0
86.052	0.00677998	0	0
86.086	0.0073268	0	0
86.119	0.00782327	0	0
86.152	0.00830313	0	0
86.186	0.00876605	0	0
86.219	0.0124467	0	0
86.252	0.018447	0	0
86.286	0.0243265	0	0
86.319	0.0301237	0	0
86.352	0.0350065	0	0
86.386	0.0355232	0	0
86.419	0.0330042	0	0
86.453	0.0300936	0	0
86.486	0.0271249	0	0
86.519	0.0248842	0	0
86.553	0.0230319	0	0
86.586	0.0218305	0	0
86.619	0.0205827	0	0
86.653	0.019406	0	0
86.686	0.0169761	0	0
86.719	0.0160793	0	0
86.753	0.0217957	0	0
86.786	0.0351959	0	0
86.82	0.0489504	0	0
86.853	0.0643895	0	0
86.886	0.0784778	0	0
86.92	0.0819832	0	0
86.953	0.0731951	0	0
86.986	0.0612055	0	0
87.02	0.0471997	1	0
87.053	0.0324486	0	0
87.087	0.0212419	0	0
87.12	0.0148761	0	0
87.153	0.0114765	0	0
87.187	0.00975488	0	0
87.22	0.0091572	0	0
87.253	0.00871163	0	0
87.287	0.00821877	0	0
87.32	0.00809631	0	0
87.353	0.00752221	0	0
87.387	0.00698808	0	0
87.42	0.00662079	0	0
87.454	0.00637642	0	0
87.487	0.00627579	0	0
87.52	0.00597087	0	0
87.554	0.00636711	0	0
87.587	0.00651589	0	0
87.62	0.00690636	0	0
87.654	0.00685614	0	0
87.687	0.00723819	0	0
87.72	0.00698548	0	0
87.754	0.00674306	0	0
87.787	0.00644843	0	0
87.821	0.00615145	0	0
87.854	0.00595594	0	0
87.887	0.00594986	0	0
87.921	0.00609926	0	0
87.954	0.00618186	0	0
87.987	0.0062915	0	0
88.021	0.00630235	0	0
88.054	0.00606503	0	0
88.088	0.00597135	0	0
88.121	0.00579293	0	0
88.154	0.00559234	0	0
88.188	0.0053846	0	0
88.221	0.00563003	0	0
88.254	0.00575068	0	0
88.288	0.00584212	0	0
88.321	0.00593076	0	0
88.354	0.00608326	0	0
88.388	0.00588652	0	0
88.421	0.00575448	0	0
88.455	0.00590155	0	0
88.488	0.00581291	0	0
88.521	0.0059737	0	0
88.555	0.00631953	0	0
88.588	0.00627757	0	0
88.621	0.00644527	0	0
88.655	0.00658349	0	0
88.688	0.00651201	0	0
88.721	0.00640077	0	0
88.755	0.00648983	0	0
88.788	0.00627429	0	0
88.822	0.0066682	0	0
88.855	0.00702817	0	0
88.888	0.00711932	0	0
88.922	0.00727614	0	0
88.955	0.00727411	0	0
88.988	0.00695716	0	0
89.022	0.00680295	0	0
89.055	0.00682846	0	0
89.089	0.00694225	0	0
89.122	0.00704399	0	0
89.155	0.00710867	0	0
89.189	0.00696442	0	0
89.222	0.00691294	0	0
89.255	0.00679915	0	0
89.289	0.00685822	0	0
89.322	0.00712863	0	0
89.355	0.00730147	0	0
89.389	0.00726158	0	0
89.422	0.00737716	0	0
89.456	0.00735896	0	0
89.489	0.00718376	0	0
89.522	0.00737495	0	0
89.556	0.00769884	0	0
89.589	0.00784716	0	0
89.622	0.00803941	0	0
89.656	0.00829616	0	0
89.689	0.00817583	0	0
89.722	0.00805802	0	0
89.756	0.00808384	0	0
89.789	0.00801789	0	0
89.823	0.00793798	0	0
89.856	0.00806144	0	0
89.889	0.00811899	0	0
89.923	0.00801823	0	0
89.956	0.00792631	0	0
89.989	0.00779835	0	0
90.023	0.00765961	0	0
90.056	0.00760541	0	0
90.09	0.00785033	0	0
90.123	0.0080001	0	0
90.156	0.00828726	0	0
90.19	0.00845239	0	0
90.223	0.00847396	0	0
90.256	0.00826778	0	0
90.29	0.00818276	0	0
90.323	0.00800379	0	0
90.356	0.00775809	0	0
90.39	0.00745178	0	0
90.423	0.00720252	0	0
90.457	0.00710521	0	0
90.49	0.00685688	0	0
90.523	0.0065097	0	0
90.557	0.00662865	0	0
90.59	0.00685613	0	0
90.623	0.00702378	0	0
90.657	0.00701391	0	0
90.69	0.0073228	0	0
90.723	0.00737416	0	0
90.757	0.00731395	0	0
90.79	0.00714995	0	0
90.824	0.00692003	0	0
90.857	0.00680042	0	0
90.89	0.00666235	0	0
90.924	0.00661782	0	0
90.957	0.00673696	0	0
90.99	0.00718136	0	0
91.024	0.00728049	0	0
91.057	0.00758396	0	0
91.091	0.00783841	0	0
91.124	0.00784849	0	0
91.157	0.00796517	0	0
91.191	0.00816309	0	0
91.224	0.00806634	0	0
91.257	0.00789967	0	0
91.291	0.00785724	0	0
91.324	0.00785406	0	0
91.357	0.00791216	0	0
91.391	0.00799917	0	0
91.424	0.00811902	0	0
91.458	0.00834047	0	0
91.491	0.00835785	0	0
91.524	0.00832421	0	0
91.558	0.00829297	0	0
91.591	0.00837935	0	0
91.624	0.00855265	0	0
91.658	0.00871316	0	0
91.691	0.00880753	0	0
91.724	0.00903378	0	0
91.758	0.00925986	0	0
91.791	0.00936244	0	0
91.825	0.00956111	0	0
91.858	0.00987508	0	0
91.891	0.010059	0	0
91.925	0.00993662	0	0
91.958	0.00969793	0	0
91.991	0.00946888	0	0
92.025	0.00917317	0	0
92.058	0.00882172	0	0
92.092	0.00860448	0	0
92.125	0.00843775	0	0
92.158	0.00820544	0	0
92.192	0.00820089	0	0
92.225	0.00835972	0	0
92.258	0.00862463	0	0
92.292	0.00876467	0	0
92.325	0.00904875	0	0
92.358	0.00883183	0	0
92.392	0.00884056	0	0
92.425	0.00840236	0	0
92.459	0.0094096	0	0
92.492	0.0196089	0	0
92.525	0.0352022	0	0
92.559	0.0508686	0	0
92.592	0.064957	0	0
92.625	0.0732654	0	0
92.659	0.0680301	0	0
92.692	0.0555134	1	0
92.725	0.0411308	0	0
92.759	0.0279929	0	0
92.792	0.0186304	0	0
92.826	0.0132926	0	0
92.859	0.010145	0	0
92.892	0.00843853	0	0
92.926	0.00735205	0	0
92.959	0.00707295	0	0
92.992	0.00702236	0	0
93.026	0.00683558	0	0
93.059	0.00678539	0	0
93.093	0.00684363	0	0
93.126	0.00688699	0	0
93.159	0.00687221	0	0
93.193	0.00710732	0	0
93.226	0.00710732	0	0
93.259	0.00717413	0	0
93.293	0.00718301	0	0
93.326	0.0072341	0	0
93.359	0.00734613	0	0
93.393	0.0074226	0	0
93.426	0.00769447	0	0
93.46	0.0078037	0	0
93.493	0.00811642	0	0
93.526	0.00795059	0	0
93.56	0.00800354	0	0
93.593	0.00787012	0	0
93.626	0.00776619	0	0
93.66	0.00745168	0	0
93.693	0.00743144	0	0
93.726	0.00750491	0	0
93.76	0.00733901	0	0
93.793	0.00736869	0	0
93.827	0.00737048	0	0
93.86	0.00737418	0	0
93.893	0.00728085	0	0
93.927	0.00857046	0	0
93.96	0.0108281	0	0
93.993	0.0132554	0	0
94.027	0.0153876	0	0
94.06	0.0180663	0	0
94.094	0.0193727	0	0
94.127	0.0198462	0	0
94.16	0.019931	0	0
94.194	0.0205263	0	0
94.227	0.0206685	0	0
94.26	0.020892	0	0
94.294	0.0210695	0	0
94.327	0.021667	0	0
94.36	0.0223725	0	0
94.394	0.022699	0	0
94.427	0.0229459	0	0
94.461	0.0231354	0	0
94.494	0.0235436	0	0
94.527	0.0236835	0	0
94.561	0.0236639	0	0
94.594	0.0229513	0	0
94.627	0.0223796	0	0
94.661	0.0209942	0	0
94.694	0.019515	0	0
94.727	0.0186856	0	0
94.761	0.0184787	0	0
94.794	0.0182064	0	0
94.828	0.0187231	0	0
94.861	0.0185998	0	0
94.894	0.0184552	0	0
94.928	0.0181746	0	0
94.961	0.0175454	0	0
94.994	0.0166524	0	0
95.028	0.0166531	0	0
95.061	0.0170161	0	0
95.095	0.0176121	0	0
95.128	0.0189366	0	0
95.161	0.0197606	0	0
95.195	0.0209747	0	0
95.228	0.0210463	0	0
95.261	0.0208669	0	0
95.295	0.0201918	0	0
95.328	0.0198463	0	0
95.361	0.0192593	0	0
95.395	0.0185828	0	0
95.428	0.0184981	0	0
95.462	0.018397	0	0
95.495	0.0186491	0	0
95.528	0.0186907	0	0
95.562	0.0192649	0	0
95.595	0.0192874	0	0
95.628	0.0195286	0	0
95.662	0.0194187	0	0
95.695	0.0191098	0	0
95.728	0.0192934	0	0
95.762	0.0195715	0	0
95.795	0.019372	0	0
95.829	0.0196109	0	0
95.862	0.0194498	0	0
95.895	0.0190076	0	0
95.929	0.0191686	0	0
95.962	0.019686	0	0
95.995	0.0199639	0	0
96.029	0.0203203	0	0
96.062	0.021084	0	0
96.096	0.0217204	0	0
96.129	0.0220691	0	0
96.162	0.0220218	0	0
96.196	0.0221553	0	0
96.229	0.0221778	0	0
96.262	0.0218192	0	0
96.296	0.0215368	0	0
96.329	0.0214612	0	0
96.362	0.021588	0	0
96.396	0.0217113	0	0
96.429	0.0221741	0	0
96.463	0.0222543	0	0
96.496	0.022927	0	0
96.529	0.0234215	0	0
96.563	0.0231214	0	0
96.596	0.0222037	0	0
96.629	0.022015	0	0
96.663	0.0208494	0	0
96.696	0.0204298	0	0
96.729	0.0206623	0	0
96.763	0.0206169	0	0
96.796	0.020595	0	0
96.83	0.0207404	0	0
96.863	0.020794	0	0
96.896	0.0203565	0	0
96.93	0.0211768	0	0
96.963	0.0216453	0	0
96.996	0.0223684	0	0
97.03	0.0227677	0	0
97.063	0.0233604	0	0
97.097	0.0234939	0	0
97.13	0.0236214	0	0
97.163	0.0236769	0	0
97.197	0.0237829	0	0
97.23	0.0234538	0	0
97.263	0.0225836	0	0
97.297	0.0214947	0	0
97.33	0.021247	0	0
97.363	0.0204187	0	0
97.397	0.0200823	0	0
97.43	0.0199645	0	0
97.464	0.0200175	0	0
97.497	0.0199097	0	0
97.53	0.0204405	0	0
97.564	0.0206969	0	0
97.597	0.0207324	0	0
97.63	0.0208081	0	0
97.664	0.0205498	0	0
97.697	0.0203298	0	0
97.73	0.0196959	0	0
97.764	0.0195282	0	0
97.797	0.0195862	0	0
97.831	0.0198749	0	0
97.864	0.0184589	0	0
97.897	0.0167589	0	0
97.931	0.0167532	0	0
97.964	0.0173927	0	0
97.997	0.0177904	0	0
98.031	0.0197783	0	0
98.064	0.0226327	0	0
98.098	0.0237048	0	0
98.131	0.0237522	0	0
98.164	0.023977	0	0
98.198	0.0238027	0	0
98.231	0.0241584	0	0
98.264	0.0246531	0	0
98.298	0.0252327	0	0
98.331	0.0254126	0	0
98.364	0.0255238	0	0
98.398	0.0251559	0	0
98.431	0.0246734	0	0
98.465	0.0244686	0	0
98.498	0.0241107	0	0
98.531	0.0239638	0	0
98.565	0.0241821	0	0
98.598	0.0246851	0	0
98.631	0.0240704	0	0
98.665	0.0236769	0	0
98.698	0.0234474	0	0
98.731	0.023181	0	0
98.765	0.0227755	0	0
98.798	0.0234094	0	0
98.832	0.0236776	0	0
98.865	0.0239395	0	0
98.898	0.0240589	0	0
98.932	0.0291101	0	0
98.965	0.042736	0	0
98.998	0.0575233	0	0
99.032	0.0722643	0	0
99.065	0.0837704	0	0
99.099	0.0856895	0	0
99.132	0.0751478	1	0
99.165	0.0622528	1	0
99.199	0.0491439	1	0
99.232	0.0382296	0	0
99.265	0.0321853	0	0
99.299	0.0299449	0	0
99.332	0.0287535	0	0
99.365	0.0278943	0	0
99.399	0.0275198	0	0
99.432	0.0266206	0	0
99.466	0.0246312	0	0
99.499	0.0228914	0	0
99.532	0.0211005	0	0
99.566	0.019454	0	0
99.599	0.0175588	0	0
99.632	0.0157502	0	0
99.666	0.0139681	0	0
99.699	0.0121445	0	0
99.732	0.0102739	0	0
99.766	0.00901431	0	0
99.799	0.00925271	0	0
99.833	0.0101322	0	0
99.866	0.0113107	0	0
99.899	0.0129599	0	0
99.933	0.0147899	0	0
99.966	0.0158205	0	0
99.999	0.016425	0	0
100.033	0.0173082	0	0
100.066	0.017712	0	0
100.1	0.0178909	0	0
100.133	0.0183937	0	0
100.166	0.0183523	0	0
100.2	0.0177004	0	0
100.233	0.017473	0	0
100.266	0.0172565	0	0
100.3	0.0166576	0	0
100.333	0.0168125	0	0
100.366	0.0170172	0	0
100.4	0.0168135	0	0
100.433	0.0166017	0	0
100.467	0.0168925	0	0
100.5	0.0167528	0	0
100.533	0.0162674	0	0
100.567	0.0160209	0	0
100.6	0.0153806	0	0
100.633	0.0150849	0	0
100.667	0.014543	0	0
100.7	0.014536	0	0
100.733	0.0144295	0	0
100.767	0.0145362	0	0
100.8	0.0141171	0	0
100.834	0.0144422	0	0
100.867	0.0142578	0	0
100.9	0.0143308	0	0
100.934	0.0138928	0	0
100.967	0.0133998	0	0
101	0.0123083	0	0
101.034	0.0117751	0	0
101.067	0.0106395	0	0
101.101	0.00998606	0	0
101.134	0.00936776	0	0
101.167	0.0106423	0	0
101.201	0.0201047	0	0
101.234	0.0364729	0	0
101.267	0.051815	0	0
101.301	0.0625759	0	0
101.334	0.0661856	0	0
101.367	0.0592704	0	0
101.401	0.0443212	0	0
101.434	0.0293682	0	0
101.468	0.0188896	0	0
101.501	0.0139355	0	0
101.534	0.0111085	0	0
101.568	0.00994865	0	0
101.601	0.0101391	0	0
101.634	0.0103374	0	0
101.668	0.0101351	0	0
101.701	0.00998229	0	0
101.734	0.0094649	0	0
101.768	0.00869672	0	0
101.801	0.00813759	0	0
101.835	0.00785053	0	0
101.868	0.00766342	0	0
101.901	0.00758362	0	0
101.935	0.00756432	0	0
101.968	0.00741656	0	0
102.001	0.00744924	0	0
102.035	0.00732097	0	0
102.068	0.00745453	0	0
102.102	0.00741336	0	0
102.135	0.00723783	0	0
102.168	0.00714705	0	0
102.202	0.0068081	0	0
102.235	0.00660768	0	0
102.268	0.00632843	0	0
102.302	0.00629418	0	0
102.335	0.00631129	0	0
102.368	0.00645836	0	0
102.402	0.00668915	0	0
102.435	0.00684119	0	0
102.469	0.00682589	0	0
102.502	0.00683155	0	0
102.535	0.00699577	0	0
102.569	0.0069654	0	0
102.602	0.00702382	0	0
102.635	0.00746072	0	0
102.669	0.00734278	0	0
102.702	0.00720186	0	0
102.735	0.00733889	0	0
102.769	0.00745766	0	0
102.802	0.00747846	0	0
102.836	0.00792489	0	0
102.869	0.00819625	0	0
102.902	0.00807279	0	0
102.936	0.00805869	0	0
102.969	0.00795017	0	0
103.002	0.00777346	0	0
103.036	0.00767752	0	0
103.069	0.00821605	0	0
103.103	0.00894558	0	0
103.136	0.00950348	0	0
103.169	0.00989404	0	0
103.203	0.0103462	0	0
103.236	0.00971906	0	0
103.269	0.00914121	0	0
103.303	0.00874965	0	0
103.336	0.00901134	0	0
103.369	0.00863732	0	0
103.403	0.00862654	0	0
103.436	0.0084115	0	0
103.47	0.00842527	0	0
103.503	0.00800966	0	0
103.536	0.0082794	0	0
103.57	0.00864057	0	0
103.603	0.00906128	0	0
103.636	0.0098555	0	0
103.67	0.00992344	0	0
103.703	0.00988833	0	0
103.736	0.0095181	0	0
103.77	0.0101271	0	0
103.803	0.0100302	0	0
103.837	0.0108278	0	0
103.87	0.0114013	0	0
103.903	0.0126015	0	0
103.937	0.0127474	0	0
103.97	0.0127647	0	0
104.003	0.0128138	0	0
104.037	0.0131031	0	0
104.07	0.0133012	0	0
104.104	0.0135909	0	0
104.137	0.0142354	0	0
104.17	0.0143273	0	0
104.204	0.0141719	0	0
104.237	0.0142178	0	0
104.27	0.0146996	0	0
104.304	0.0152586	0	0
104.337	0.0163152	0	0
104.37	0.0176688	0	0
104.404	0.0185051	0	0
104.437	0.0189394	0	0
104.471	0.0189924	0	0
104.504	0.0189903	0	0
104.537	0.0186054	0	0
104.571	0.018291	0	0
104.604	0.0177993	0	0
104.637	0.0174927	0	0
104.671	0.0173831	0	0
104.704	0.0174437	0	0
104.737	0.0176157	0	0
104.771	0.0179586	0	0
104.804	0.0181118	0	0
104.838	0.0178936	0	0
104.871	0.0177828	0	0
104.904	0.0175052	0	0
104.938	0.0172369	0	0
104.971	0.0172079	0	0
105.004	0.0171658	0	0
105.038	0.0170902	0	0
105.071	0.0168902	0	0
105.105	0.0166777	0	0
105.138	0.0163603	0	0
105.171	0.0161091	0	0
105.205	0.0162721	0	0
105.238	0.0166726	0	0
105.271	0.0168303	0	0
105.305	0.0165372	0	0
105.338	0.0165825	0	0
105.371	0.0160547	0	0
105.405	0.0156048	0	0
105.438	0.0153571	0	0
105.472	0.0154481	0	0
105.505	0.0148042	0	0
105.538	0.0144515	0	0
105.572	0.014247	0	0
105.605	0.0140459	0	0
105.638	0.0140704	0	0
105.672	0.0143299	0	0
105.705	0.0145957	0	0
105.738	0.0146003	0	0
105.772	0.0146572	0	0
105.805	0.0147389	0	0
105.839	0.0149928	0	0
105.872	0.014928	0	0
105.905	0.0151613	0	0
105.939	0.015086	0	0
105.972	0.014879	0	0
106.005	0.0146863	0	0
106.039	0.0150129	0	0
106.072	0.0145934	0	0
106.106	0.014995	0	0
106.139	0.0150365	0	0
106.172	0.0151879	0	0
106.206	0.0150242	0	0
106.239	0.0156263	0	0
106.272	0.0154465	0	0
106.306	0.0156584	0	0
106.339	0.0153371	0	0
106.372	0.0152488	0	0
106.406	0.0146819	0	0
106.439	0.0143051	0	0
106.473	0.0136839	0	0
106.506	0.0137624	0	0
106.539	0.0136968	0	0
106.573	0.0137516	0	0
106.606	0.0138592	0	0
106.639	0.0147489	0	0
106.673	0.0148926	0	0
106.706	0.0151231	0	0
106.739	0.0153162	0	0
106.773	0.0154413	0	0
106.806	0.0149681	0	0
106.84	0.0150775	0	0
106.873	0.0149063	0	0
106.906	0.0147566	0	0
106.94	0.014875	0	0
106.973	0.0146914	0	0
107.006	0.0142831	0	0
107.04	0.0142292	0	0
107.073	0.0142959	0	0
107.107	0.014165	0	0
107.14	0.0144669	0	0
107.173	0.0149004	0	0
107.207	0.014784	0	0
107.24	0.0148776	0	0
107.273	0.0147463	0	0
107.307	0.0147048	0	0
107.34	0.014799	0	0
107.373	0.014972	0	0
107.407	0.0151182	0	0
107.44	0.0156826	0	0
107.474	0.0158611	0	0
107.507	0.0159416	0	0
107.54	0.0164354	0	0
107.574	0.0164193	0	0
107.607	0.0157959	0	0
107.64	0.0155718	0	0
107.674	0.0153017	0	0
107.707	0.0148955	0	0
107.74	0.0149982	0	0
107.774	0.015444	0	0
107.807	0.0155542	0	0
107.841	0.0156772	0	0
107.874	0.0159963	0	0
107.907	0.0160854	0	0
107.941	0.0164376	0	0
107.974	0.0168875	0	0
108.007	0.0172746	0	0
108.041	0.0175817	0	0
108.074	0.0180406	0	0
108.108	0.0181179	0	0
108.141	0.0182751	0	0
108.174	0.018323	0	0
108.208	0.0183158	0	0
108.241	0.0183109	0	0
108.274	0.0183283	0	0
108.308	0.0185064	0	0
108.341	0.0188196	0	0
108.374	0.0188603	0	0
108.408	0.0188086	0	0
108.441	0.0191648	0	0
108.475	0.0189924	0	0
108.508	0.018845	0	0
108.541	0.019183	0	0
108.575	0.0194117	0	0
108.608	0.0195171	0	0
108.641	0.0202528	0	0
108.675	0.0209447	0	0
108.708	0.0212872	0	0
108.741	0.0217795	0	0
108.775	0.0220849	0	0
108.808	0.0218478	0	0
108.842	0.0205733	0	0
108.875	0.0182014	0	0
108.908	0.0239615	0	0
108.942	0.0361258	0	0
108.975	0.048085	0	0
109.008	0.0541792	0	0
109.042	0.056044	0	0
109.075	0.0475597	1	0
109.109	0.032727	0	0
109.142	0.0184929	0	0
109.175	0.0112046	0	0
109.209	0.00947731	0	0
109.242	0.00991941	0	0
109.275	0.0105373	0	0
109.309	0.0111409	0	0
109.342	0.0111593	0	0
109.375	0.0112326	0	0
109.409	0.0112559	0	0
109.442	0.011547	0	0
109.476	0.011628	0	0
109.509	0.01221	0	0
109.542	0.0124912	0	0
109.576	0.0128381	0	0
109.609	0.0125369	0	0
109.642	0.0123581	0	0
109.676	0.0120279	0	0
109.709	0.0117668	0	0
109.742	0.0116931	0	0
109.776	0.011542	0	0
109.809	0.011062	0	0
109.843	0.010793	0	0
109.876	0.0105752	0	0
109.909	0.010401	0	0
109.943	0.0102696	0	0
109.976	0.0102341	0	0
110.009	0.0101197	0	0
110.043	0.0102035	0	0
110.076	0.0102094	0	0
110.11	0.0105254	0	0
110.143	0.0110049	0	0
110.176	0.0113801	0	0
110.21	0.0117605	0	0
110.243	0.0120473	0	0
110.276	0.0125277	0	0
110.31	0.0127636	0	0
110.343	0.0131131	0	0
110.376	0.0130349	0	0
110.41	0.0130452	0	0
110.443	0.012669	0	0
110.477	0.0122619	0	0
110.51	0.0119322	0	0
110.543	0.0118229	0	0
110.577	0.0113042	0	0
110.61	0.0108801	0	0
110.643	0.0111431	0	0
110.677	0.0111454	0	0
110.71	0.0111613	0	0
110.743	0.011561	0	0
110.777	0.0116328	0	0
110.81	0.011465	0	0
110.844	0.0114499	0	0
110.877	0.0107345	0	0
110.91	0.0101108	0	0
110.944	0.00998702	0	0
110.977	0.00946132	0	0
111.01	0.00905224	0	0
111.044	0.00911175	0	0
111.077	0.00930587	0	0
111.111	0.00907111	0	0
111.144	0.00930702	0	0
111.177	0.00924472	0	0
111.211	0.00934292	0	0
111.244	0.0090823	0	0
111.277	0.00887318	0	0
111.311	0.00867798	0	0
111.344	0.00883474	0	0
111.377	0.00890637	0	0
111.411	0.00894509	0	0
111.444	0.00915421	0	0
111.478	0.00911936	0	0
111.511	0.00893737	0	0
111.544	0.00899384	0	0
111.578	0.00914233	0	0
111.611	0.00904264	0	0
111.644	0.00921468	0	0
111.678	0.00919362	0	0
111.711	0.00945871	0	0
111.744	0.00946956	0	0
111.778	0.00974934	0	0
111.811	0.00967295	0	0
111.845	0.00980702	0	0
111.878	0.00946384	0	0
111.911	0.00955371	0	0
111.945	0.0094708	0	0
111.978	0.00920916	0	0
112.011	0.0089048	0	0
112.045	0.00922346	0	0
112.078	0.00914034	0	0
112.112	0.00930666	0	0
112.145	0.00972209	0	0
112.178	0.0102036	0	0
112.212	0.00989068	0	0
112.245	0.00975091	0	0
112.278	0.00940187	0	0
112.312	0.0093218	0	0
112.345	0.00895682	0	0
112.378	0.00880598	0	0
112.412	0.00846283	0	0
112.445	0.00839734	0	0
112.479	0.00793596	0	0
112.512	0.00767525	0	0
112.545	0.00747569	0	0
112.579	0.00729232	0	0
112.612	0.00759208	0	0
112.645	0.00998941	0	0
112.679	0.0146237	0	0
112.712	0.0218599	0	0
112.745	0.0319758	0	0
112.779	0.0440395	0	0
112.812	0.0575682	0	0
112.846	0.0691773	0	0
112.879	0.0782102	0	0
112.912	0.08437	0	0
112.946	0.0890737	0	0
112.979	0.0870096	0	0
113.012	0.0797512	0	0
113.046	0.0693619	0	0
113.079	0.0574398	1	0
113.113	0.0433009	0	0
113.146	0.0319177	0	0
113.179	0.025328	0	0
113.213	0.0216125	0	0
113.246	0.0195319	0	0
113.279	0.0182359	0	0
113.313	0.0177975	0	0
113.346	0.0181611	0	0
113.379	0.0192054	0	0
113.413	0.0201339	0	0
113.446	0.0210289	0	0
113.48	0.0216228	0	0
113.513	0.0220465	0	0
113.546	0.0214988	0	0
113.58	0.0216448	0	0
113.613	0.0219094	0	0
113.646	0.0223918	0	0
113.68	0.022431	0	0
113.713	0.0226982	0	0
113.746	0.0222388	0	0
113.78	0.0222448	0	0
113.813	0.0219209	0	0
113.847	0.0215203	0	0
113.88	0.0211152	0	0
113.913	0.0211877	0	0
113.947	0.0206696	0	0
113.98	0.0202957	0	0
114.013	0.0189713	0	0
114.047	0.0175016	0	0
114.08	0.0160825	0	0
114.114	0.0149057	0	0
114.147	0.0136425	0	0
114.18	0.0131862	0	0
114.214	0.0129682	0	0
114.247	0.0125217	0	0
114.28	0.011819	0	0
114.314	0.0111045	0	0
114.347	0.0110429	0	0
114.38	0.0109956	0	0
114.414	0.0104984	0	0
114.447	0.0101527	0	0
114.481	0.0101675	0	0
114.514	0.00996998	0	0
114.547	0.00949298	0	0
114.581	0.00952621	0	0
114.614	0.00977833	0	0
114.647	0.00941735	0	0
114.681	0.00876489	0	0
114.714	0.00890701	0	0
114.747	0.00912887	0	0
114.781	0.00920278	0	0
114.814	0.00985151	0	0
114.848	0.0102535	0	0
114.881	0.0102412	0	0
114.914	0.00998888	0	0
114.948	0.00986221	0	0
114.981	0.0095905	0	0
115.014	0.00958241	0	0
115.048	0.0096206	0	0
115.081	0.00963726	0	0
115.115	0.00958585	0	0
115.148	0.00949867	0	0
115.181	0.0100046	0	0
115.215	0.0101877	0	0
115.248	0.0105196	0	0
115.281	0.0108562	0	0
115.315	0.0108935	0	0
115.348	0.0103822	0	0
115.381	0.0102058	0	0
115.415	0.00999579	0	0
115.448	0.00995509	0	0
115.482	0.0102222	0	0
115.515	0.0103418	0	0
115.548	0.0103844	0	0
115.582	0.0104521	0	0
115.615	0.0104904	0	0
115.648	0.0101846	0	0
115.682	0.0100142	0	0
115.715	0.00967606	0	0
115.748	0.00902188	0	0
115.782	0.00816702	0	0
115.815	0.00765362	0	0
115.849	0.00707126	0	0
115.882	0.00671611	0	0
115.915	0.00656759	0	0
115.949	0.00650091	0	0
115.982	0.00617716	0	0
116.015	0.00595757	0	0
116.049	0.00585245	0	0
116.082	0.00599363	0	0
116.116	0.0062191	0	0
116.149	0.0061355	0	0
116.182	0.00631629	0	0
116.216	0.00629861	0	0
116.249	0.00623467	0	0
116.282	0.00598542	0	0
116.316	0.00610599	0	0
116.349	0.00612042	0	0
116.382	0.0060349	0	0
116.416	0.00578258	0	0
116.449	0.00571522	0	0
116.483	0.00600964	0	0
116.516	0.00591604	0	0
116.549	0.00614836	0	0
116.583	0.00627351	0	0
116.616	0.00651779	0	0
116.649	0.00646533	0	0
116.683	0.00619321	0	0
116.716	0.00614066	0	0
116.749	0.00626398	0	0
116.783	0.00622145	0	0
116.816	0.00622738	0	0
116.85	0.00649729	0	0
116.883	0.00624293	0	0
116.916	0.0057323	0	0
116.95	0.0054614	0	0
116.983	0.00509293	0	0
117.016	0.00512355	0	0
117.05	0.00593059	0	0
117.083	0.00756145	0	0
117.117	0.00879109	0	0
117.15	0.0106134	0	0
117.183	0.0126104	0	0
117.217	0.0140681	0	0
117.25	0.0149269	0	0
117.283	0.0160151	0	0
117.317	0.0164931	0	0
117.35	0.0162053	0	0
117.383	0.0156626	0	0
117.417	0.0150731	0	0
117.45	0.0144533	0	0
117.484	0.0136163	0	0
117.517	0.0133311	0	0
117.55	0.0133051	0	0
117.584	0.0131191	0	0
117.617	0.0129148	0	0
117.65	0.0143201	0	0
117.684	0.0153203	0	0
117.717	0.0161352	0	0
117.75	0.0173186	0	0
117.784	0.0164865	0	0
117.817	0.0145162	0	0
117.851	0.0126712	0	0
117.884	0.0113359	0	0
117.917	0.00967574	0	0
117.951	0.00952806	0	0
117.984	0.00889566	0	0
118.017	0.00830563	0	0
118.051	0.00750826	0	0
118.084	0.00681578	0	0
118.118	0.00665096	0	0
118.151	0.0069908	0	0
118.184	0.00740868	0	0
118.218	0.00760871	0	0
118.251	0.00784641	0	0
118.284	0.00758022	0	0
118.318	0.00747273	0	0
118.351	0.00734116	0	0
118.384	0.00706578	0	0
118.418	0.00657559	0	0
118.451	0.00675369	0	0
118.485	0.00671913	0	0
118.518	0.00668709	0	0
118.551	0.00680686	0	0
118.585	0.00687817	0	0
118.618	0.0067069	0	0
118.651	0.00663321	0	0
118.685	0.00656314	0	0
118.718	0.00655216	0	0
118.751	0.00670866	0	0
118.785	0.00734322	0	0
118.818	0.00740953	0	0
118.852	0.0071877	0	0
118.885	0.0115492	0	0
118.918	0.0161293	0	0
118.952	0.0194904	0	0
118.985	0.023782	0	0
119.018	0.0282106	0	0
119.052	0.0278918	0	0
119.085	0.0271582	0	0
119.119	0.027039	0	0
119.152	0.0253215	0	0
119.185	0.0235646	0	0
119.219	0.0219904	0	0
119.252	0.020133	0	0
119.285	0.0183523	0	0
119.319	0.017655	0	0
119.352	0.0155039	0	0
119.385	0.0129384	0	0
119.419	0.0109854	0	0
119.452	0.00941209	0	0
119.486	0.00810284	0	0
119.519	0.00839371	0	0
119.552	0.00859857	0	0
119.586	0.0114914	0	0
119.619	0.0249241	0	0
119.652	0.0409139	0	0
119.686	0.0566738	0	0
119.719	0.0686122	0	0
119.752	0.074107	0	0
119.786	0.0667534	0	0
119.819	0.0551296	1	0
119.853	0.0438443	0	0
119.886	0.0362648	0	0
119.919	0.0323241	0	0
119.953	0.0301275	0	0
119.986	0.0292954	0	0
120.019	0.0282706	0	0
120.053	0.0272112	0	0
120.086	0.0254663	0	0
120.12	0.0238268	0	0
120.153	0.0220857	0	0
120.186	0.0201348	0	0
120.22	0.0188027	0	0
120.253	0.0180505	0	0
120.286	0.0176665	0	0
120.32	0.0171772	0	0
120.353	0.0169877	0	0
120.386	0.0166646	0	0
120.42	0.016193	0	0
120.453	0.0160403	0	0
120.487	0.0158162	0	0
120.52	0.0157402	0	0
120.553	0.015712	0	0
120.587	0.0171897	0	0
120.62	0.0181849	0	0
120.653	0.0191014	0	0
120.687	0.0200218	0	0
120.72	0.0211598	0	0
120.753	0.0210102	0	0
120.787	0.0210294	0	0
120.82	0.0213388	0	0
120.854	0.0217264	0	0
120.887	0.0217951	0	0
120.92	0.0214387	0	0
120.954	0.0210394	0	0
120.987	0.0209913	0	0
121.02	0.0205615	0	0
121.054	0.0214439	0	0
121.087	0.0232025	0	0
121.121	0.0244177	0	0
121.154	0.0250748	0	0
121.187	0.0263757	0	0
121.221	0.0265172	0	0
121.254	0.0263581	0	0
121.287	0.0265782	0	0
121.321	0.025671	0	0
121.354	0.0228806	0	0
121.387	0.0198882	0	0
121.421	0.0169606	0	0
121.454	0.0141572	0	0
121.488	0.0126012	0	0
121.521	0.0124759	0	0
121.554	0.0125011	0	0
121.588	0.0125011	0	0
121.621	0.0125011	0	0