time	rmse	false positive	false negative
4.971	0.0302686	0	0
5.005	0.0302686	0	0
5.038	0.0302686	0	0
5.071	0.0334021	0	0
5.105	0.0370379	1	0
5.138	0.0346915	1	0
5.171	0.029647	1	0
5.205	0.025596	0	0
5.238	0.0226873	0	0
5.271	0.0191033	0	0
5.305	0.0163448	0	0
5.338	0.0140376	0	0
5.372	0.012647	0	0
5.405	0.0124663	0	0
5.438	0.0121948	0	0
5.472	0.0123148	0	0
5.505	0.0120712	0	0
5.538	0.0121425	0	0
5.572	0.0117519	0	0
5.605	0.0117725	0	0
5.638	0.0110179	0	0
5.672	0.0109047	0	0
5.705	0.0107131	0	0
5.739	0.0107452	0	0
5.772	0.010642	0	0
5.805	0.0110603	0	0
5.839	0.0111173	0	0
5.872	0.0107731	0	0
5.905	0.0104467	0	0
5.939	0.0109462	0	0
5.972	0.010894	0	0
6.006	0.0112836	0	0
6.039	0.0114603	0	0
6.072	0.0114982	0	0
6.106	0.0111847	0	0
6.139	0.0109261	0	0
6.172	0.0102993	0	0
6.206	0.0102518	0	0
6.239	0.0103028	0	0
6.272	0.0102419	0	0
6.306	0.0105999	0	0
6.339	0.0108169	0	0
6.373	0.0104105	0	0
6.406	0.0105278	0	0
6.439	0.0107111	0	0
6.473	0.0104785	0	0
6.506	0.0104283	0	0
6.539	0.0104752	0	0
6.573	0.0104049	0	0
6.606	0.00986759	0	0
6.639	0.010151	0	0
6.673	0.0103427	0	0
6.706	0.010884	0	0
6.74	0.0107231	0	0
6.773	0.0112155	0	0
6.806	0.0111467	0	0
6.84	0.0109668	0	0
6.873	0.0102928	0	0
6.906	0.0103435	0	0
6.94	0.0101154	0	0
6.973	0.0102039	0	0
7.007	0.0103722	0	0
7.04	0.011261	0	0
7.073	0.0118187	0	0
7.107	0.0118683	0	0
7.14	0.0114761	0	0
7.173	0.0117316	0	0
7.207	0.011065	0	0
7.24	0.0105568	0	0
7.273	0.0106577	0	0
7.307	0.0105235	0	0
7.34	0.00981939	0	0
7.374	0.00954758	0	0
7.407	0.00938435	0	0
7.44	0.00928429	0	0
7.474	0.00943104	0	0
7.507	0.00993483	0	0
7.54	0.0105746	0	0
7.574	0.0108393	0	0
7.607	0.0105889	0	0
7.64	0.0105619	0	0
7.674	0.0104807	0	0
7.707	0.0101657	0	0
7.741	0.0100289	0	0
7.774	0.0103579	0	0
7.807	0.0104718	0	0
7.841	0.0101049	0	0
7.874	0.0097427	0	0
7.907	0.00948375	0	0
7.941	0.00894533	0	0
7.974	0.00915507	0	0
8.008	0.00878034	0	0
8.041	0.00922044	0	0
8.074	0.00939018	0	0
8.108	0.00951284	0	0
8.141	0.00911054	0	0
8.174	0.00977305	0	0
8.208	0.00965551	0	0
8.241	0.00969054	0	0
8.274	0.00984811	0	0
8.308	0.0101925	0	0
8.341	0.0102902	0	0
8.375	0.0102321	0	0
8.408	0.0105415	0	0
8.441	0.0106189	0	0
8.475	0.010245	0	0
8.508	0.0100153	0	0
8.541	0.0103609	0	0
8.575	0.010063	0	0
8.608	0.01012	0	0
8.641	0.0104883	0	0
8.675	0.0104506	0	0
8.708	0.0103047	0	0
8.742	0.0104336	0	0
8.775	0.0105499	0	0
8.808	0.0101978	0	0
8.842	0.0102542	0	0
8.875	0.0103649	0	0
8.908	0.0102608	0	0
8.942	0.0103061	0	0
8.975	0.0103175	0	0
9.009	0.0102256	0	0
9.042	0.00981092	0	0
9.075	0.00964798	0	0
9.109	0.0126425	0	0
9.142	0.0210779	0	0
9.175	0.0283304	0	0
9.209	0.0344273	0	0
9.242	0.0395728	0	0
9.275	0.0399514	0	0
9.309	0.0341033	1	0
9.342	0.029379	1	0
9.376	0.0262048	0	0
9.409	0.0232641	0	0
9.442	0.0213319	0	0
9.476	0.0214694	0	0
9.509	0.0213359	0	0
9.542	0.0206616	0	0
9.576	0.0208563	0	0
9.609	0.0206741	0	0
9.642	0.0196062	0	0
9.676	0.0180206	0	0
9.709	0.0170209	0	0
9.743	0.0158598	0	0
9.776	0.0151914	0	0
9.809	0.0142971	0	0
9.843	0.0143894	0	0
9.876	0.0138126	0	0
9.909	0.0137548	0	0
9.943	0.0133608	0	0
9.976	0.0131657	0	0
10.01	0.0129536	0	0
10.043	0.0130059	0	0
10.076	0.0127014	0	0
10.11	0.0125734	0	0
10.143	0.0119773	0	0
10.176	0.0117904	0	0
10.21	0.0118227	0	0
10.243	0.0115994	0	0
10.276	0.0117631	0	0
10.31	0.0119374	0	0
10.343	0.0116184	0	0
10.377	0.0115096	0	0
10.41	0.0116363	0	0
10.443	0.0115589	0	0
10.477	0.012105	0	0
10.51	0.012447	0	0
10.543	0.0126782	0	0
10.577	0.0128153	0	0
10.61	0.0126786	0	0
10.643	0.0129219	0	0
10.677	0.0129333	0	0
10.71	0.0124325	0	0
10.744	0.0122092	0	0
10.777	0.012404	0	0
10.81	0.0116555	0	0
10.844	0.0117102	0	0
10.877	0.0120436	0	0
10.91	0.0122084	0	0
10.944	0.0120829	0	0
10.977	0.0124506	0	0
11.011	0.0125134	0	0
11.044	0.0127118	0	0
11.077	0.0124267	0	0
11.111	0.0125161	0	0
11.144	0.013107	0	0
11.177	0.0128177	0	0
11.211	0.0128762	0	0
11.244	0.0127068	0	0
11.277	0.0128933	0	0
11.311	0.0123671	0	0
11.344	0.0127714	0	0
11.378	0.0133754	0	0
11.411	0.0135054	0	0
11.444	0.0134899	0	0
11.478	0.0133231	0	0
11.511	0.0132517	0	0
11.544	0.012225	0	0
11.578	0.0121621	0	0
11.611	0.0121748	0	0
11.644	0.0123243	0	0
11.678	0.0119767	0	0
11.711	0.0118758	0	0
11.745	0.0119315	0	0
11.778	0.0120946	0	0
11.811	0.0125346	0	0
11.845	0.0132005	0	0
11.878	0.0131261	0	0
11.911	0.0128469	0	0
11.945	0.0121923	0	0
11.978	0.0117617	0	0
12.012	0.0115614	0	0
12.045	0.0118356	0	0
12.078	0.0123951	0	0
12.112	0.0126126	0	0
12.145	0.0126097	0	0
12.178	0.0125542	0	0
12.212	0.0130691	0	0
12.245	0.0131859	0	0
12.278	0.0133055	0	0
12.312	0.0130999	0	0
12.345	0.0129361	0	0
12.379	0.0124635	0	0
12.412	0.012023	0	0
12.445	0.0119601	0	0
12.479	0.0125844	0	0
12.512	0.0126211	0	0
12.545	0.0129572	0	0
12.579	0.0129887	0	0
12.612	0.0131397	0	0
12.645	0.0125924	0	0
12.679	0.012645	0	0
12.712	0.0127865	0	0
12.746	0.0129788	0	0
12.779	0.013328	0	0
12.812	0.0134987	0	0
12.846	0.0131591	0	0
12.879	0.0129305	0	0
12.912	0.0129007	0	0
12.946	0.0123696	0	0
12.979	0.0125083	0	0
13.013	0.0127245	0	0
13.046	0.0129693	0	0
13.079	0.0134172	0	0
13.113	0.0136682	0	0
13.146	0.0136446	0	0
13.179	0.013981	0	0
13.213	0.0138462	0	0
13.246	0.0138557	0	0
13.279	0.014004	0	0
13.313	0.0138925	0	0
13.346	0.0134363	0	0
13.38	0.0135227	0	0
13.413	0.0135018	0	0
13.446	0.0129457	0	0
13.48	0.0131427	0	0
13.513	0.0131451	0	0
13.546	0.0129521	0	0
13.58	0.0127128	0	0
13.613	0.0130608	0	0
13.646	0.0125777	0	0
13.68	0.0132612	0	0
13.713	0.0131094	0	0
13.747	0.0129002	0	0
13.78	0.0127787	0	0
13.813	0.0129221	0	0
13.847	0.0119798	0	0
13.88	0.0117804	0	0
13.913	0.0120593	0	0
13.947	0.0122364	0	0
13.98	0.0121159	0	0
14.014	0.0124582	0	0
14.047	0.0122378	0	0
14.08	0.0120073	0	0
14.114	0.0117613	0	0
14.147	0.0119344	0	0
14.18	0.0122682	0	0
14.214	0.0129569	0	0
14.247	0.012525	0	0
14.28	0.012485	0	0
14.314	0.0124792	0	0
14.347	0.0123098	0	0
14.381	0.0121182	0	0
14.414	0.0126178	0	0
14.447	0.0128612	0	0
14.481	0.0127446	0	0
14.514	0.012632	0	0
14.547	0.0122547	0	0
14.581	0.0123713	0	0
14.614	0.012108	0	0
14.647	0.0121165	0	0
14.681	0.0118988	0	0
14.714	0.0120785	0	0
14.748	0.0117919	0	0
14.781	0.0120515	0	0
14.814	0.0136222	0	0
14.848	0.0147673	0	0
14.881	0.0154447	0	0
14.914	0.0175566	0	0
14.948	0.0188536	0	0
14.981	0.020031	0	0
15.015	0.0217215	0	0
15.048	0.023883	0	0
15.081	0.0268588	0	0
15.115	0.0308567	0	0
15.148	0.0313067	0	0
15.181	0.0359606	0	0
15.215	0.0411706	0	0
15.248	0.0418696	0	0
15.281	0.0395916	0	0
15.315	0.0390068	1	0
15.348	0.0346914	1	0
15.382	0.0285961	1	0
15.415	0.0234333	0	0
15.448	0.0202228	0	0
15.482	0.0174995	0	0
15.515	0.0144974	0	0
15.548	0.0127046	0	0
15.582	0.0121846	0	0
15.615	0.0118019	0	0
15.648	0.0116479	0	0
15.682	0.0115275	0	0
15.715	0.0111147	0	0
15.749	0.010954	0	0
15.782	0.0111655	0	0
15.815	0.0111792	0	0
15.849	0.0109854	0	0
15.882	0.0136398	0	0
15.915	0.0215987	0	0
15.949	0.0318859	0	0
15.982	0.0402424	0	0
16.016	0.0475788	0	0
16.049	0.0501635	0	0
16.082	0.0461393	0	0
16.116	0.0393568	1	0
16.149	0.034121	1	0
16.182	0.0296026	1	0
16.216	0.027329	0	0
16.249	0.0250847	0	0
16.282	0.0239158	0	0
16.316	0.022611	0	0
16.349	0.0207661	0	0
16.383	0.0185003	0	0
16.416	0.0169766	0	0
16.449	0.0148143	0	0
16.483	0.0136273	0	0
16.516	0.0130502	0	0
16.549	0.0128229	0	0
16.583	0.0124795	0	0
16.616	0.0124152	0	0
16.649	0.0118371	0	0
16.683	0.0117285	0	0
16.716	0.0115883	0	0
16.75	0.0120656	0	0
16.783	0.0123184	0	0
16.816	0.0128778	0	0
16.85	0.0131053	0	0
16.883	0.0130333	0	0
16.916	0.0124583	0	0
16.95	0.0124127	0	0
16.983	0.0126599	0	0
17.017	0.0127876	0	0
17.05	0.0127251	0	0
17.083	0.0133913	0	0
17.117	0.0135153	0	0
17.15	0.0130801	0	0
17.183	0.0132548	0	0
17.217	0.0130664	0	0
17.25	0.0131053	0	0
17.283	0.0126405	0	0
17.317	0.0128807	0	0
17.35	0.0126337	0	0
17.384	0.0129279	0	0
17.417	0.0127691	0	0
17.45	0.0128915	0	0
17.484	0.0124823	0	0
17.517	0.012077	0	0
17.55	0.0121268	0	0
17.584	0.0120494	0	0
17.617	0.0121141	0	0
17.65	0.0120786	0	0
17.684	0.0120313	0	0
17.717	0.0119918	0	0
17.751	0.01174	0	0
17.784	0.011806	0	0
17.817	0.0120488	0	0
17.851	0.01243	0	0
17.884	0.0123612	0	0
17.917	0.0124615	0	0
17.951	0.0124072	0	0
17.984	0.0121346	0	0
18.018	0.0122157	0	0
18.051	0.0119991	0	0
18.084	0.0121888	0	0
18.118	0.0120917	0	0
18.151	0.0123458	0	0
18.184	0.012225	0	0
18.218	0.012844	0	0
18.251	0.0131847	0	0
18.284	0.0141035	0	0
18.318	0.0140576	0	0
18.351	0.0142704	0	0
18.385	0.0144094	0	0
18.418	0.0139872	0	0
18.451	0.0133909	0	0
18.485	0.0133182	0	0
18.518	0.0132568	0	0
18.551	0.0125063	0	0
18.585	0.0124645	0	0
18.618	0.0121347	0	0
18.651	0.0122204	0	0
18.685	0.0121554	0	0
18.718	0.0122757	0	0
18.752	0.0119793	0	0
18.785	0.0123838	0	0
18.818	0.0122477	0	0
18.852	0.0118574	0	0
18.885	0.0122182	0	0
18.918	0.0127507	0	0
18.952	0.0125232	0	0
18.985	0.0127163	0	0
19.019	0.0127668	0	0
19.052	0.0129836	0	0
19.085	0.012749	0	0
19.119	0.0126734	0	0
19.152	0.0124093	0	0
19.185	0.0128154	0	0
19.219	0.0125938	0	0
19.252	0.0128291	0	0
19.285	0.0130913	0	0
19.319	0.0138425	0	0
19.352	0.0135509	0	0
19.386	0.0135034	0	0
19.419	0.0134521	0	0
19.452	0.0132131	0	0
19.486	0.0127948	0	0
19.519	0.0126193	0	0
19.552	0.0124364	0	0
19.586	0.0127903	0	0
19.619	0.0128299	0	0
19.652	0.0126443	0	0
19.686	0.0127338	0	0
19.719	0.0129395	0	0
19.753	0.0123032	0	0
19.786	0.0124441	0	0
19.819	0.012285	0	0
19.853	0.0122463	0	0
19.886	0.0118681	0	0
19.919	0.0121223	0	0
19.953	0.011831	0	0
19.986	0.0115929	0	0
20.02	0.0115061	0	0
20.053	0.0114835	0	0
20.086	0.0113192	0	0
20.12	0.0112811	0	0
20.153	0.0114537	0	0
20.186	0.0115855	0	0
20.22	0.0114936	0	0
20.253	0.0109962	0	0
20.286	0.0112656	0	0
20.32	0.0124039	0	0
20.353	0.0185823	0	0
20.387	0.0283619	0	0
20.42	0.0378075	0	0
20.453	0.0461381	0	0
20.487	0.0514595	0	0
20.52	0.0500847	0	0
20.553	0.0439001	1	0
20.587	0.0379585	1	0
20.62	0.0318554	1	0
20.653	0.0273662	0	0
20.687	0.0248967	0	0
20.72	0.0240616	0	0
20.754	0.0233511	0	0
20.787	0.0231353	0	0
20.82	0.0231964	0	0
20.854	0.0221156	0	0
20.887	0.0209355	0	0
20.92	0.0191454	0	0
20.954	0.0174676	0	0
20.987	0.0162869	0	0
21.021	0.0153187	0	0
21.054	0.0143136	0	0
21.087	0.0143778	0	0
21.121	0.0144899	0	0
21.154	0.0158082	0	0
21.187	0.0218671	0	0
21.221	0.0311301	0	0
21.254	0.0404953	0	0
21.287	0.0497528	0	0
21.321	0.0572787	0	0
21.354	0.0585367	0	0
21.388	0.0557024	0	0
21.421	0.0510893	0	0
21.454	0.0461403	1	0
21.488	0.0401683	1	0
21.521	0.0358845	1	0
21.554	0.0313393	1	0
21.588	0.028881	1	0
21.621	0.0265059	0	0
21.654	0.0247208	0	0
21.688	0.0238782	0	0
21.721	0.0239291	0	0
21.755	0.0228569	0	0
21.788	0.0216931	0	0
21.821	0.0205124	0	0
21.855	0.0178293	0	0
21.888	0.0160775	0	0
21.921	0.0143933	0	0
21.955	0.0128749	0	0
21.988	0.0122966	0	0
22.022	0.0126745	0	0
22.055	0.0121817	0	0
22.088	0.0119785	0	0
22.122	0.0124108	0	0
22.155	0.0128732	0	0
22.188	0.0133949	0	0
22.222	0.013858	0	0
22.255	0.0140094	0	0
22.288	0.0138146	0	0
22.322	0.0139286	0	0
22.355	0.0131587	0	0
22.389	0.0131523	0	0
22.422	0.0132832	0	0
22.455	0.013129	0	0
22.489	0.0128472	0	0
22.522	0.0128665	0	0
22.555	0.0125303	0	0
22.589	0.0123525	0	0
22.622	0.0127736	0	0
22.655	0.0128431	0	0
22.689	0.0129024	0	0
22.722	0.0135271	0	0
22.756	0.0136957	0	0
22.789	0.0133174	0	0
22.822	0.0153224	0	0
22.856	0.0200834	0	0
22.889	0.0251778	0	0
22.922	0.0300364	1	0
22.956	0.0343814	1	0
22.989	0.0355609	1	0
23.023	0.0334173	1	0
23.056	0.0292207	1	0
23.089	0.0257146	0	0
23.123	0.0232432	0	0
23.156	0.0212109	0	0
23.189	0.0203903	0	0
23.223	0.0209762	0	0
23.256	0.0214018	0	0
23.289	0.0204605	0	0
23.323	0.020105	0	0
23.356	0.0193995	0	0
23.39	0.0183187	0	0
23.423	0.0171113	0	0
23.456	0.0175951	0	0
23.49	0.0187732	0	0
23.523	0.0231907	0	0
23.556	0.0266111	0	0
23.59	0.0296073	1	0
23.623	0.0309663	1	0
23.656	0.0308105	1	0
23.69	0.0276062	0	0
23.723	0.0260431	0	0
23.757	0.0240237	0	0
23.79	0.023414	0	0
23.823	0.0227768	0	0
23.857	0.0216149	0	0
23.89	0.019287	0	0
23.923	0.0180932	0	0
23.957	0.0167135	0	0
23.99	0.0163305	0	0
24.024	0.0156566	0	0
24.057	0.0156395	0	0
24.09	0.0158668	0	0
24.124	0.015483	0	0
24.157	0.0149335	0	0
24.19	0.0151378	0	0
24.224	0.0146464	0	0
24.257	0.0142302	0	0
24.29	0.014305	0	0
24.324	0.0141224	0	0
24.357	0.0139876	0	0
24.391	0.0143045	0	0
24.424	0.0145866	0	0
24.457	0.0146146	0	0
24.491	0.0146927	0	0
24.524	0.0146161	0	0
24.557	0.0145838	0	0
24.591	0.0141226	0	0
24.624	0.0140158	0	0
24.657	0.0136193	0	0
24.691	0.0136819	0	0
24.724	0.0138964	0	0
24.758	0.0141947	0	0
24.791	0.014108	0	0
24.824	0.0143748	0	0
24.858	0.0139664	0	0
24.891	0.0134588	0	0
24.924	0.0128378	0	0
24.958	0.0127258	0	0
24.991	0.0123497	0	0
25.025	0.0122962	0	0
25.058	0.0120724	0	0
25.091	0.0122391	0	0
25.125	0.0122679	0	0
25.158	0.0125929	0	0
25.191	0.0129119	0	0
25.225	0.013108	0	0
25.258	0.0132248	0	0
25.291	0.0133122	0	0
25.325	0.013364	0	0
25.358	0.0133166	0	0
25.392	0.0134237	0	0
25.425	0.0135015	0	0
25.458	0.0135427	0	0
25.492	0.0134809	0	0
25.525	0.0133898	0	0
25.558	0.0130538	0	0
25.592	0.0127054	0	0
25.625	0.0120072	0	0
25.658	0.0118442	0	0
25.692	0.0116447	0	0
25.725	0.0117256	0	0
25.759	0.011971	0	0
25.792	0.0125263	0	0
25.825	0.0126308	0	0
25.859	0.0127702	0	0
25.892	0.012903	0	0
25.925	0.0130434	0	0
25.959	0.0127311	0	0
25.992	0.0128869	0	0
26.026	0.0126304	0	0
26.059	0.0125157	0	0
26.092	0.0123695	0	0
26.126	0.0126702	0	0
26.159	0.0119973	0	0
26.192	0.0123748	0	0
26.226	0.0123392	0	0
26.259	0.012098	0	0
26.292	0.0118787	0	0
26.326	0.0180236	0	0
26.359	0.0217807	0	0
26.393	0.0257363	0	0
26.426	0.0282535	1	0
26.459	0.0300683	1	0
26.493	0.0266588	0	0
26.526	0.0248189	0	0
26.559	0.0228311	0	0
26.593	0.0221117	0	0
26.626	0.0213023	0	0
26.659	0.0199658	0	0
26.693	0.0184989	0	0
26.726	0.0171357	0	0
26.76	0.0161677	0	0
26.793	0.0156261	0	0
26.826	0.0150672	0	0
26.86	0.014915	0	0
26.893	0.0148132	0	0
26.926	0.0143824	0	0
26.96	0.0146477	0	0
26.993	0.014249	0	0
27.027	0.0141906	0	0
27.06	0.0133978	0	0
27.093	0.0133066	0	0
27.127	0.0128816	0	0
27.16	0.0134428	0	0
27.193	0.013398	0	0
27.227	0.013824	0	0
27.26	0.0140093	0	0
27.293	0.0142676	0	0
27.327	0.013966	0	0
27.36	0.0139414	0	0
27.394	0.0143146	0	0
27.427	0.014085	0	0
27.46	0.0140952	0	0
27.494	0.0138018	0	0
27.527	0.0136972	0	0
27.56	0.014026	0	0
27.594	0.0145697	0	0
27.627	0.0145268	0	0
27.66	0.0149514	0	0
27.694	0.0149078	0	0
27.727	0.0143016	0	0
27.761	0.01375	0	0
27.794	0.013588	0	0
27.827	0.0136554	0	0
27.861	0.0140136	0	0
27.894	0.0140558	0	0
27.927	0.0141418	0	0
27.961	0.0138695	0	0
27.994	0.013466	0	0
28.028	0.0125822	0	0
28.061	0.0122644	0	0
28.094	0.0123046	0	0
28.128	0.0125912	0	0
28.161	0.0123929	0	0
28.194	0.0130726	0	0
28.228	0.0132611	0	0
28.261	0.0131828	0	0
28.294	0.0133892	0	0
28.328	0.0136736	0	0
28.361	0.0134473	0	0
28.395	0.0135302	0	0
28.428	0.013107	0	0
28.461	0.012513	0	0
28.495	0.012519	0	0
28.528	0.0123035	0	0
28.561	0.012496	0	0
28.595	0.0129927	0	0
28.628	0.0134902	0	0
28.661	0.0131843	0	0
28.695	0.0129423	0	0
28.728	0.0125729	0	0
28.762	0.0122293	0	0
28.795	0.0122175	0	0
28.828	0.0117949	0	0
28.862	0.0122657	0	0
28.895	0.0120498	0	0
28.928	0.0128579	0	0
28.962	0.0128918	0	0
28.995	0.0132336	0	0
29.029	0.0131137	0	0
29.062	0.0131104	0	0
29.095	0.0130517	0	0
29.129	0.0125399	0	0
29.162	0.0126679	0	0
29.195	0.012766	0	0
29.229	0.0131994	0	0
29.262	0.0124994	0	0
29.295	0.0124963	0	0
29.329	0.0122208	0	0
29.362	0.0120902	0	0
29.396	0.0115265	0	0
29.429	0.0116688	0	0
29.462	0.0117151	0	0
29.496	0.0121124	0	0
29.529	0.0124908	0	0
29.562	0.0127596	0	0
29.596	0.0126204	0	0
29.629	0.0129405	0	0
29.662	0.0126984	0	0
29.696	0.0124449	0	0
29.729	0.013088	0	0
29.763	0.0130958	0	0
29.796	0.013166	0	0
29.829	0.0134151	0	0
29.863	0.0131843	0	0
29.896	0.0128251	0	0
29.929	0.0130773	0	0
29.963	0.0125836	0	0
29.996	0.0123981	0	0
30.03	0.012205	0	0
30.063	0.0119897	0	0
30.096	0.0118031	0	0
30.13	0.0118766	0	0
30.163	0.0117931	0	0
30.196	0.0118032	0	0
30.23	0.0120833	0	0
30.263	0.0123914	0	0
30.296	0.0123057	0	0
30.33	0.0120828	0	0
30.363	0.0121263	0	0
30.397	0.0114859	0	0
30.43	0.011198	0	0
30.463	0.0110987	0	0
30.497	0.0116874	0	0
30.53	0.0119125	0	0
30.563	0.0122318	0	0
30.597	0.0125317	0	0
30.63	0.012861	0	0
30.663	0.012196	0	0
30.697	0.0119676	0	0
30.73	0.0119009	0	0
30.764	0.0114031	0	0
30.797	0.0110574	0	0
30.83	0.0113011	0	0
30.864	0.0114664	0	0
30.897	0.0116921	0	0
30.93	0.0120864	0	0
30.964	0.0126025	0	0
30.997	0.0125819	0	0
31.031	0.0127292	0	0
31.064	0.0124526	0	0
31.097	0.0123166	0	0
31.131	0.0123277	0	0
31.164	0.0127844	0	0
31.197	0.0127493	0	0
31.231	0.0129635	0	0
31.264	0.0122639	0	0
31.297	0.0124783	0	0
31.331	0.0125154	0	0
31.364	0.0129696	0	0
31.398	0.013081	0	0
31.431	0.0137762	0	0
31.464	0.0135263	0	0
31.498	0.0136251	0	0
31.531	0.0134525	0	0
31.564	0.0131549	0	0
31.598	0.0127293	0	0
31.631	0.0122555	0	0
31.664	0.011785	0	0
31.698	0.0117112	0	0
31.731	0.0121693	0	0
31.765	0.0124693	0	0
31.798	0.0128765	0	0
31.831	0.0131335	0	0
31.865	0.0130331	0	0
31.898	0.0125065	0	0
31.931	0.0126502	0	0
31.965	0.0121745	0	0
31.998	0.0116479	0	0
32.032	0.011465	0	0
32.065	0.0114329	0	0
32.098	0.0114415	0	0
32.132	0.0118295	0	0
32.165	0.0123534	0	0
32.198	0.0125644	0	0
32.232	0.0127962	0	0
32.265	0.0125857	0	0
32.298	0.0126489	0	0
32.332	0.012624	0	0
32.365	0.0124627	0	0
32.399	0.0138243	0	0
32.432	0.0214791	0	0
32.465	0.0297957	1	0
32.499	0.036206	1	0
32.532	0.0410042	1	0
32.565	0.0430319	1	0
32.599	0.0380759	1	0
32.632	0.0322085	1	0
32.665	0.0270209	0	0
32.699	0.0241316	0	0
32.732	0.0233185	0	0
32.766	0.0226482	0	0
32.799	0.0217805	0	0
32.832	0.0219409	0	0
32.866	0.0210086	0	0
32.899	0.0189346	0	0
32.932	0.0177154	0	0
32.966	0.0168937	0	0
32.999	0.0156713	0	0
33.033	0.0150617	0	0
33.066	0.0144059	0	0
33.099	0.0136417	0	0
33.133	0.0128351	0	0
33.166	0.0126633	0	0
33.199	0.0123609	0	0
33.233	0.0127047	0	0
33.266	0.0126375	0	0
33.299	0.0125264	0	0
33.333	0.011985	0	0
33.366	0.0121315	0	0
33.4	0.0119704	0	0
33.433	0.0126338	0	0
33.466	0.0127946	0	0
33.5	0.0128744	0	0
33.533	0.0125349	0	0
33.566	0.0129431	0	0
33.6	0.012964	0	0
33.633	0.0130403	0	0
33.666	0.0134916	0	0
33.7	0.0139366	0	0
33.733	0.0136902	0	0
33.767	0.0133897	0	0
33.8	0.0135006	0	0
33.833	0.0136093	0	0
33.867	0.0137332	0	0
33.9	0.0135074	0	0
33.933	0.0132389	0	0
33.967	0.0128622	0	0
34	0.0130085	0	0
34.034	0.012184	0	0
34.067	0.0120076	0	0
34.1	0.0119534	0	0
34.134	0.0121832	0	0
34.167	0.0117526	0	0
34.2	0.0121013	0	0
34.234	0.0122307	0	0
34.267	0.0124238	0	0
34.3	0.0122081	0	0
34.334	0.012276	0	0
34.367	0.012273	0	0
34.401	0.0121517	0	0
34.434	0.012161	0	0
34.467	0.0121399	0	0
34.501	0.0119704	0	0
34.534	0.011733	0	0
34.567	0.0120042	0	0
34.601	0.0121082	0	0
34.634	0.0122469	0	0
34.667	0.0125566	0	0
34.701	0.012603	0	0
34.734	0.0124585	0	0
34.768	0.0120291	0	0
34.801	0.0119223	0	0
34.834	0.0116282	0	0
34.868	0.0114462	0	0
34.901	0.0117823	0	0
34.934	0.0121737	0	0
34.968	0.0122611	0	0
35.001	0.0130208	0	0
35.035	0.013224	0	0
35.068	0.0132591	0	0
35.101	0.0134274	0	0
35.135	0.0134453	0	0
35.168	0.0128117	0	0
35.201	0.0128623	0	0
35.235	0.0130073	0	0
35.268	0.0131017	0	0
35.301	0.0131327	0	0
35.335	0.013449	0	0
35.368	0.0139232	0	0
35.402	0.0136497	0	0
35.435	0.0134461	0	0
35.468	0.0133619	0	0
35.502	0.0128527	0	0
35.535	0.0123132	0	0
35.568	0.0118578	0	0
35.602	0.0116903	0	0
35.635	0.0114945	0	0
35.668	0.0114817	0	0
35.702	0.0113856	0	0
35.735	0.0116724	0	0
35.769	0.0113417	0	0
35.802	0.0113947	0	0
35.835	0.0114415	0	0
35.869	0.0120049	0	0
35.902	0.0118623	0	0
35.935	0.0125458	0	0
35.969	0.012893	0	0
36.002	0.0127662	0	0
36.036	0.0128646	0	0
36.069	0.0135352	0	0
36.102	0.0127875	0	0
36.136	0.0130441	0	0
36.169	0.0129175	0	0
36.202	0.012447	0	0
36.236	0.0120735	0	0
36.269	0.0123867	0	0
36.302	0.0125034	0	0
36.336	0.0135387	0	0
36.369	0.013441	0	0
36.403	0.0130816	0	0
36.436	0.0126219	0	0
36.469	0.0117985	0	0
36.503	0.010686	0	0
36.536	0.0109038	0	0
36.569	0.0113192	0	0
36.603	0.0121399	0	0
36.636	0.0128036	0	0
36.669	0.013238	0	0
36.703	0.0137621	0	0
36.736	0.0133736	0	0
36.77	0.0134202	0	0
36.803	0.0130174	0	0
36.836	0.0132782	0	0
36.87	0.0129707	0	0
36.903	0.0136525	0	0
36.936	0.0140985	0	0
36.97	0.0144306	0	0
37.003	0.0146671	0	0
37.037	0.0144341	0	0
37.07	0.0143319	0	0
37.103	0.0139575	0	0
37.137	0.0136754	0	0
37.17	0.0136128	0	0
37.203	0.014149	0	0
37.237	0.0149322	0	0
37.27	0.0153055	0	0
37.303	0.0161038	0	0
37.337	0.0162344	0	0
37.37	0.0159257	0	0
37.404	0.0150982	0	0
37.437	0.0144289	0	0
37.47	0.0133697	0	0
37.504	0.0128425	0	0
37.537	0.0128225	0	0
37.57	0.0127237	0	0
37.604	0.0126509	0	0
37.637	0.0134059	0	0
37.67	0.0141769	0	0
37.704	0.0143474	0	0
37.737	0.0142185	0	0
37.771	0.0142391	0	0
37.804	0.0138462	0	0
37.837	0.0135394	0	0
37.871	0.0134789	0	0
37.904	0.0135921	0	0
37.937	0.0140114	0	0
37.971	0.0144634	0	0
38.004	0.0143914	0	0
38.038	0.0146365	0	0
38.071	0.0148447	0	0
38.104	0.0144754	0	0
38.138	0.0145126	0	0
38.171	0.0143452	0	0
38.204	0.0138704	0	0
38.238	0.0135419	0	0
38.271	0.013947	0	0
38.304	0.0137235	0	0
38.338	0.0138295	0	0
38.371	0.0141751	0	0
38.405	0.0145175	0	0
38.438	0.0143619	0	0
38.471	0.0145663	0	0
38.505	0.0152418	0	0
38.538	0.0159176	0	0
38.571	0.0159365	0	0
38.605	0.0163142	0	0
38.638	0.0167249	0	0
38.671	0.0163997	0	0
38.705	0.0160939	0	0
38.738	0.0161622	0	0
38.772	0.0158475	0	0
38.805	0.0155202	0	0
38.838	0.0152301	0	0
38.872	0.0147561	0	0
38.905	0.0142523	0	0
38.938	0.0144687	0	0
38.972	0.0142116	0	0
39.005	0.0141994	0	0
39.039	0.014049	0	0
39.072	0.0173508	0	0
39.105	0.0239827	0	0
39.139	0.0317481	0	0
39.172	0.0391747	0	0
39.205	0.0450453	0	0
39.239	0.0461491	1	0
39.272	0.0418055	1	0
39.305	0.0357736	1	0
39.339	0.029449	1	0
39.372	0.0245169	0	0
39.406	0.0204993	0	0
39.439	0.0176157	0	0
39.472	0.0154779	0	0
39.506	0.0143272	0	0
39.539	0.0135032	0	0
39.572	0.0127654	0	0
39.606	0.0128297	0	0
39.639	0.0130343	0	0
39.672	0.0131194	0	0
39.706	0.0130617	0	0
39.739	0.0138769	0	0
39.773	0.0141652	0	0
39.806	0.0143317	0	0
39.839	0.0142714	0	0
39.873	0.0145064	0	0
39.906	0.0145404	0	0
39.939	0.0146001	0	0
39.973	0.0145736	0	0
40.006	0.0147147	0	0
40.04	0.0150967	0	0
40.073	0.0155556	0	0
40.106	0.0157818	0	0
40.14	0.0163179	0	0
40.173	0.0169506	0	0
40.206	0.0168585	0	0
40.24	0.0168998	0	0
40.273	0.0168768	0	0
40.306	0.0168311	0	0
40.34	0.0164492	0	0
40.373	0.0164244	0	0
40.407	0.0159983	0	0
40.44	0.0161222	0	0
40.473	0.0158724	0	0
40.507	0.0160037	0	0
40.54	0.0160931	0	0
40.573	0.0160581	0	0
40.607	0.0161203	0	0
40.64	0.0160883	0	0
40.673	0.0159645	0	0
40.707	0.0161551	0	0
40.74	0.0164962	0	0
40.774	0.0161943	0	0
40.807	0.0166583	0	0
40.84	0.0169665	0	0
40.874	0.0167731	0	0
40.907	0.0167682	0	0
40.94	0.0169138	0	0
40.974	0.015991	0	0
41.007	0.0175809	0	0
41.041	0.0225142	0	0
41.074	0.0271388	0	0
41.107	0.032023	0	0
41.141	0.0365647	0	0
41.174	0.0370486	0	0
41.207	0.0328328	1	0
41.241	0.0278225	0	0
41.274	0.0221275	0	0
41.307	0.0174534	0	0
41.341	0.0142801	0	0
41.374	0.0134375	0	0
41.408	0.0167425	0	0
41.441	0.0223671	0	0
41.474	0.0278672	0	1
41.508	0.0346647	0	0
41.541	0.040295	0	0
41.574	0.0417342	0	0
41.608	0.0411848	0	0
41.641	0.0401092	0	0
41.674	0.0373492	0	0
41.708	0.0348677	1	0
41.741	0.0343217	1	0
41.775	0.0351988	1	0
41.808	0.0360299	0	0
41.841	0.0371168	0	0
41.875	0.0374704	0	0
41.908	0.035992	0	0
41.941	0.0326348	1	0
41.975	0.029239	1	0
42.008	0.0258137	0	0
42.042	0.0230559	0	0
42.075	0.0206735	0	0
42.108	0.0188754	0	0
42.142	0.0185759	0	0
42.175	0.0179408	0	0
42.208	0.0174012	0	0
42.242	0.0174431	0	0
42.275	0.017217	0	0
42.308	0.0160813	0	0
42.342	0.0156804	0	0
42.375	0.0155857	0	0
42.409	0.0151366	0	0
42.442	0.0153552	0	0
42.475	0.0155867	0	0
42.509	0.0152988	0	0
42.542	0.0153797	0	0
42.575	0.014862	0	0
42.609	0.0150182	0	0
42.642	0.0147976	0	0
42.675	0.0145875	0	0
42.709	0.0143272	0	0
42.742	0.0150527	0	0
42.776	0.0163349	0	0
42.809	0.0217879	0	0
42.842	0.0277456	0	1
42.876	0.0318953	0	0
42.909	0.0346599	0	0
42.942	0.0352933	1	0
42.976	0.0310752	1	0
43.009	0.025656	0	0
43.043	0.021227	0	0
43.076	0.0174169	0	0
43.109	0.0145571	0	0
43.143	0.0131702	0	0
43.176	0.0123651	0	0
43.209	0.0119091	0	0
43.243	0.0123592	0	0
43.276	0.0121527	0	0
43.309	0.0118306	0	0
43.343	0.0116882	0	0
43.376	0.0118784	0	0
43.41	0.0118965	0	0
43.443	0.0121723	0	0
43.476	0.0120381	0	0
43.51	0.0124668	0	0
43.543	0.0120057	0	0
43.576	0.0115107	0	0
43.61	0.0121508	0	0
43.643	0.0161336	0	0
43.676	0.021672	0	0
43.71	0.0277845	0	1
43.743	0.0327097	0	0
43.777	0.0347034	0	0
43.81	0.0327427	1	0
43.843	0.0289361	1	0
43.877	0.0241992	0	0
43.91	0.0203422	0	0
43.943	0.0181499	0	0
43.977	0.01647	0	0
44.01	0.0144218	0	0
44.044	0.013537	0	0
44.077	0.0125858	0	0
44.11	0.0119391	0	0
44.144	0.0117266	0	0
44.177	0.0118278	0	0
44.21	0.0118306	0	0
44.244	0.0123562	0	0
44.277	0.0123932	0	0
44.31	0.0127042	0	0
44.344	0.0125943	0	0
44.377	0.0123241	0	0
44.411	0.0121165	0	0
44.444	0.0121925	0	0
44.477	0.011386	0	0
44.511	0.0113015	0	0
44.544	0.0114648	0	0
44.577	0.0110361	0	0
44.611	0.0109134	0	0
44.644	0.0113664	0	0
44.677	0.0120109	0	0
44.711	0.0122772	0	0
44.744	0.0129114	0	0
44.778	0.0132998	0	0
44.811	0.0140462	0	0
44.844	0.0138279	0	0
44.878	0.013943	0	0
44.911	0.0138398	0	0
44.944	0.0139836	0	0
44.978	0.0138574	0	0
45.011	0.0137226	0	0
45.045	0.013088	0	0
45.078	0.0131871	0	0
45.111	0.0131467	0	0
45.145	0.0130692	0	0
45.178	0.0136945	0	0
45.211	0.0141532	0	0
45.245	0.0144566	0	0
45.278	0.0141166	0	0
45.311	0.0135941	0	0
45.345	0.013327	0	0
45.378	0.0135242	0	0
45.412	0.0130655	0	0
45.445	0.013614	0	0
45.478	0.0136217	0	0
45.512	0.0131967	0	0
45.545	0.0127557	0	0
45.578	0.0124641	0	0
45.612	0.0118169	0	0
45.645	0.0116928	0	0
45.678	0.0120445	0	0
45.712	0.0122515	0	0
45.745	0.0122325	0	0
45.779	0.0123832	0	0
45.812	0.0128619	0	0
45.845	0.0125763	0	0
45.879	0.0126502	0	0
45.912	0.0124083	0	0
45.945	0.0121661	0	0
45.979	0.0122251	0	0
46.012	0.0124313	0	0
46.046	0.0124251	0	0
46.079	0.0130394	0	0
46.112	0.0132614	0	0
46.146	0.0127156	0	0
46.179	0.0123963	0	0
46.212	0.0119266	0	0
46.246	0.0117677	0	0
46.279	0.0121911	0	0
46.312	0.012497	0	0
46.346	0.0129245	0	0
46.379	0.0137773	0	0
46.413	0.0147551	0	0
46.446	0.0148471	0	0
46.479	0.0150213	0	0
46.513	0.0162584	0	0
46.546	0.0207877	0	0
46.579	0.0247527	0	0
46.613	0.0285163	1	0
46.646	0.0313442	1	0
46.679	0.0318288	1	0
46.713	0.0278555	0	0
46.746	0.0233111	0	0
46.78	0.019173	0	0
46.813	0.0161327	0	0
46.846	0.0138477	0	0
46.88	0.0123768	0	0
46.913	0.0120464	0	0
46.946	0.0118713	0	0
46.98	0.0117359	0	0
47.013	0.0122078	0	0
47.047	0.0125806	0	0
47.08	0.0129696	0	0
47.113	0.0132797	0	0
47.147	0.0135781	0	0
47.18	0.0136773	0	0
47.213	0.0138957	0	0
47.247	0.0140464	0	0
47.28	0.0141512	0	0
47.313	0.0145332	0	0
47.347	0.0141689	0	0
47.38	0.0144649	0	0
47.414	0.0138686	0	0
47.447	0.0139539	0	0
47.48	0.0132229	0	0
47.514	0.0135767	0	0
47.547	0.0134618	0	0
47.58	0.013557	0	0
47.614	0.0133104	0	0
47.647	0.0134367	0	0
47.68	0.0128142	0	0
47.714	0.0126258	0	0
47.747	0.0128849	0	0
47.781	0.0129246	0	0
47.814	0.0133541	0	0
47.847	0.0137823	0	0
47.881	0.0137762	0	0
47.914	0.0137332	0	0
47.947	0.0137148	0	0
47.981	0.0132919	0	0
48.014	0.0139873	0	0
48.048	0.0146253	0	0
48.081	0.0152923	0	0
48.114	0.0157172	0	0
48.148	0.016282	0	0
48.181	0.015879	0	0
48.214	0.0154072	0	0
48.248	0.0148166	0	0
48.281	0.0144202	0	0
48.314	0.0140625	0	0
48.348	0.0143819	0	0
48.381	0.0145939	0	0
48.415	0.0149794	0	0
48.448	0.0150344	0	0
48.481	0.0180017	0	0
48.515	0.0223002	0	0
48.548	0.025189	0	0
48.581	0.0265033	0	0
48.615	0.0273725	0	0
48.648	0.0239157	0	0
48.681	0.0189309	0	0
48.715	0.0158479	0	0
48.748	0.014597	0	0
48.782	0.0141936	0	0
48.815	0.0153559	0	0
48.848	0.015974	0	0
48.882	0.0161104	0	0
48.915	0.0158433	0	0
48.948	0.0159737	0	0
48.982	0.0158734	0	0
49.015	0.015498	0	0
49.049	0.0156246	0	0
49.082	0.0151042	0	0
49.115	0.0143261	0	0
49.149	0.0141084	0	0
49.182	0.014206	0	0
49.215	0.0140607	0	0
49.249	0.014548	0	0
49.282	0.0150278	0	0
49.315	0.0150174	0	0
49.349	0.01521	0	0
49.382	0.0150497	0	0
49.416	0.0151084	0	0
49.449	0.0150915	0	0
49.482	0.0148973	0	0
49.516	0.0151734	0	0
49.549	0.0154593	0	0
49.582	0.0153802	0	0
49.616	0.0155491	0	0
49.649	0.0157482	0	0
49.682	0.0153554	0	0
49.716	0.0154622	0	0
49.749	0.0154373	0	0
49.783	0.0153604	0	0
49.816	0.0153924	0	0
49.849	0.0154373	0	0
49.883	0.0151308	0	0
49.916	0.0154809	0	0
49.949	0.0155418	0	0
49.983	0.0156999	0	0
50.016	0.0158523	0	0
50.05	0.0157094	0	0
50.083	0.0154518	0	0
50.116	0.0155938	0	0
50.15	0.015423	0	0
50.183	0.0156857	0	0
50.216	0.0161114	0	0
50.25	0.0165594	0	0
50.283	0.0164793	0	0
50.316	0.0165022	0	0
50.35	0.016459	0	0
50.383	0.0167312	0	0
50.417	0.0165996	0	0
50.45	0.0165508	0	0
50.483	0.0166036	0	0
50.517	0.0166484	0	0
50.55	0.0165788	0	0
50.583	0.016206	0	0
50.617	0.0158309	0	0
50.65	0.0155446	0	0
50.683	0.0152045	0	0
50.717	0.0146118	0	0
50.75	0.0147845	0	0
50.784	0.015052	0	0
50.817	0.014953	0	0
50.85	0.0151653	0	0
50.884	0.0152207	0	0
50.917	0.0163892	0	0
50.95	0.0174747	0	0
50.984	0.0195401	0	0
51.017	0.021883	0	0
51.051	0.0240265	0	0
51.084	0.0245514	0	0
51.117	0.0255059	0	0
51.151	0.0262512	0	0
51.184	0.026057	0	0
51.217	0.0262759	0	0
51.251	0.0273102	0	0
51.284	0.0277978	0	0
51.317	0.0287199	1	0
51.351	0.0295259	1	0
51.384	0.0300067	1	0
51.418	0.0303729	1	0
51.451	0.0310065	1	0
51.484	0.0311782	1	0
51.518	0.0309917	1	0
51.551	0.0306669	1	0
51.584	0.0307156	1	0
51.618	0.0357678	1	0
51.651	0.039995	0	0
51.684	0.0444125	0	0
51.718	0.0479056	0	0
51.751	0.0490394	0	0
51.785	0.0437949	0	0
51.818	0.037248	1	0
51.851	0.0293525	1	0
51.885	0.0228407	0	0
51.918	0.0182554	0	0
51.951	0.0153951	0	0
51.985	0.014262	0	0
52.018	0.015371	0	0
52.052	0.0160996	0	0
52.085	0.016219	0	0
52.118	0.0163413	0	0
52.152	0.0160098	0	0
52.185	0.0151686	0	0
52.218	0.015706	0	0
52.252	0.0160081	0	0
52.285	0.0161783	0	0
52.318	0.0167717	0	0
52.352	0.0172005	0	0
52.385	0.016583	0	0
52.419	0.0166407	0	0
52.452	0.0164167	0	0
52.485	0.0162708	0	0
52.519	0.0169132	0	0
52.552	0.0171407	0	0
52.585	0.0171301	0	0
52.619	0.0176249	0	0
52.652	0.0181812	0	0
52.685	0.0178116	0	0
52.719	0.0182339	0	0
52.752	0.018672	0	0
52.786	0.0185054	0	0
52.819	0.0184391	0	0
52.852	0.0185465	0	0
52.886	0.0181664	0	0
52.919	0.0180409	0	0
52.952	0.0178319	0	0
52.986	0.0174481	0	0
53.019	0.0166757	0	0
53.053	0.016732	0	0
53.086	0.0164149	0	0
53.119	0.0160811	0	0
53.153	0.0156533	0	0
53.186	0.0156463	0	0
53.219	0.0144507	0	0
53.253	0.0164082	0	0
53.286	0.0195701	0	0
53.319	0.0221573	0	0
53.353	0.023712	0	0
53.386	0.0248979	0	0
53.42	0.0222757	0	0
53.453	0.0184694	0	0
53.486	0.0149288	0	0
53.52	0.0128235	0	0
53.553	0.0119263	0	0
53.586	0.0115504	0	0
53.62	0.0113399	0	0
53.653	0.0116486	0	0
53.686	0.0113543	0	0
53.72	0.0116494	0	0
53.753	0.012138	0	0
53.787	0.0125423	0	0
53.82	0.0127787	0	0
53.853	0.012711	0	0
53.887	0.0121012	0	0
53.92	0.0115101	0	0
53.953	0.0113352	0	0
53.987	0.0108135	0	0
54.02	0.0106364	0	0
54.054	0.0104128	0	0
54.087	0.00998378	0	0
54.12	0.00938352	0	0
54.154	0.00963326	0	0
54.187	0.00993648	0	0
54.22	0.0103634	0	0
54.254	0.0107907	0	0
54.287	0.0108026	0	0
54.32	0.0105021	0	0
54.354	0.0101398	0	0
54.387	0.00982675	0	0
54.421	0.0101455	0	0
54.454	0.0103211	0	0
54.487	0.0105911	0	0
54.521	0.0114668	0	0
54.554	0.0119294	0	0
54.587	0.0115641	0	0
54.621	0.0117055	0	0
54.654	0.0115645	0	0
54.687	0.0109073	0	0
54.721	0.0107052	0	0
54.754	0.0107173	0	0
54.788	0.0106046	0	0
54.821	0.0104646	0	0
54.854	0.010632	0	0
54.888	0.0103327	0	0
54.921	0.0104244	0	0
54.954	0.0103296	0	0
54.988	0.010578	0	0
55.021	0.0108896	0	0
55.055	0.011044	0	0
55.088	0.011144	0	0
55.121	0.0113227	0	0
55.155	0.0111316	0	0
55.188	0.0111187	0	0
55.221	0.011262	0	0
55.255	0.0112668	0	0
55.288	0.0115291	0	0
55.321	0.0119881	0	0
55.355	0.0120317	0	0
55.388	0.0125918	0	0
55.422	0.0130037	0	0
55.455	0.0142905	0	0
55.488	0.0157897	0	0
55.522	0.018966	0	0
55.555	0.0247235	0	0
55.588	0.0326369	0	0
55.622	0.0404241	0	0
55.655	0.0472436	0	0
55.688	0.0516149	0	0
55.722	0.054416	0	0
55.755	0.055276	0	0
55.789	0.0547825	0	0
55.822	0.0545356	0	0
55.855	0.0543913	0	0
55.889	0.0544451	0	0
55.922	0.0558722	0	0
55.955	0.0581811	0	0
55.989	0.0611216	0	0
56.022	0.0625834	0	0
56.056	0.0622881	0	0
56.089	0.0617645	0	0
56.122	0.0608833	0	0
56.156	0.0604475	0	0
56.189	0.062698	0	0
56.222	0.0666203	0	0
56.256	0.0665745	0	0
56.289	0.0614516	0	0
56.322	0.0526334	0	0
56.356	0.0432528	1	0
56.389	0.0331976	1	0
56.423	0.0251143	0	0
56.456	0.0223352	0	0
56.489	0.0226266	0	0
56.523	0.0232142	0	0
56.556	0.0228606	0	0
56.589	0.0229234	0	0
56.623	0.022702	0	0
56.656	0.024679	0	0
56.689	0.0311582	0	0
56.723	0.0367222	0	0
56.756	0.0419263	0	0
56.79	0.0449925	0	0
56.823	0.045093	1	0
56.856	0.0397209	1	0
56.89	0.0333992	1	0
56.923	0.0265743	0	0
56.956	0.0223863	0	0
56.99	0.0193327	0	0
57.023	0.0169828	0	0
57.057	0.0167208	0	0
57.09	0.0174717	0	0
57.123	0.0177162	0	0
57.157	0.0173044	0	0
57.19	0.0175358	0	0
57.223	0.0173285	0	0
57.257	0.0173628	0	0
57.29	0.0173357	0	0
57.323	0.0172229	0	0
57.357	0.0162321	0	0
57.39	0.0158425	0	0
57.424	0.0158082	0	0
57.457	0.0157766	0	0
57.49	0.0158249	0	0
57.524	0.0161055	0	0
57.557	0.016374	0	0
57.59	0.0154433	0	0
57.624	0.0148485	0	0
57.657	0.0178503	0	0
57.69	0.0260879	0	0
57.724	0.034768	0	0
57.757	0.0444964	0	0
57.791	0.0544806	0	0
57.824	0.0604518	0	0
57.857	0.0608015	0	0
57.891	0.0608787	0	0
57.924	0.0601437	0	0
57.957	0.0592766	0	0
57.991	0.0587629	0	0
58.024	0.0592087	0	0
58.058	0.0576592	0	0
58.091	0.0547035	0	0
58.124	0.0493857	0	0
58.158	0.0431858	1	0
58.191	0.0358205	1	0
58.224	0.0283836	1	0
58.258	0.0225674	0	0
58.291	0.0189709	0	0
58.324	0.0170017	0	0
58.358	0.0154544	0	0
58.391	0.0152566	0	0
58.425	0.0154863	0	0
58.458	0.0152433	0	0
58.491	0.0144329	0	0
58.525	0.0144559	0	0
58.558	0.0145149	0	0
58.591	0.0141806	0	0
58.625	0.0139859	0	0
58.658	0.0141061	0	0
58.691	0.0133812	0	0
58.725	0.013211	0	0
58.758	0.0130325	0	0
58.792	0.0131198	0	0
58.825	0.0125666	0	0
58.858	0.0125113	0	0
58.892	0.0118241	0	0
58.925	0.0117441	0	0
58.958	0.0115339	0	0
58.992	0.011886	0	0
59.025	0.0148395	0	0
59.059	0.023579	0	0
59.092	0.0319656	0	0
59.125	0.0405581	0	0
59.159	0.04906	0	0
59.192	0.0542682	0	0
59.225	0.0531838	0	0
59.259	0.0513106	0	0
59.292	0.0481011	0	0
59.325	0.04422	0	0
59.359	0.038746	1	0
59.392	0.0332939	1	0
59.426	0.0290133	1	0
59.459	0.0255873	0	0
59.492	0.0217639	0	0
59.526	0.019179	0	0
59.559	0.0175041	0	0
59.592	0.0155568	0	0
59.626	0.0136157	0	0
59.659	0.012997	0	0
59.692	0.0136061	0	0
59.726	0.0138129	0	0
59.759	0.0142486	0	0
59.793	0.0145865	0	0
59.826	0.01457	0	0
59.859	0.014251	0	0
59.893	0.013677	0	0
59.926	0.0129367	0	0
59.959	0.0124034	0	0
59.993	0.0120797	0	0
60.026	0.0115282	0	0
60.06	0.0119508	0	0
60.093	0.0117866	0	0
60.126	0.0122844	0	0
60.16	0.0118714	0	0
60.193	0.0145311	0	0
60.226	0.0222378	0	0
60.26	0.0312084	0	0
60.293	0.0400024	0	0
60.326	0.049717	0	0
60.36	0.0566952	0	0
60.393	0.057813	0	0
60.427	0.0575297	0	0
60.46	0.0560506	0	0
60.493	0.0531174	0	0
60.527	0.0489946	0	0
60.56	0.0438648	0	0
60.593	0.0374786	0	0
60.627	0.0315147	0	0
60.66	0.0264501	0	0
60.693	0.0217405	0	0
60.727	0.0174178	0	0
60.76	0.015646	0	0
60.794	0.0142699	0	0
60.827	0.0133917	0	0
60.86	0.0134108	0	0
60.894	0.0141469	0	0
60.927	0.014267	0	0
60.96	0.0140289	0	0
60.994	0.0139192	0	0
61.027	0.0133963	0	0
61.061	0.0133211	0	0
61.094	0.0129501	0	0
61.127	0.0124125	0	0
61.161	0.0122336	0	0
61.194	0.0118244	0	0
61.227	0.0113374	0	0
61.261	0.0108925	0	0
61.294	0.0113083	0	0
61.327	0.0116135	0	0
61.361	0.0152832	0	0
61.394	0.0236063	0	0
61.428	0.0326675	0	0
61.461	0.04109	0	0
61.494	0.0495649	0	0
61.528	0.0557837	0	0
61.561	0.0574487	0	0
61.594	0.0584499	0	0
61.628	0.0584465	0	0
61.661	0.0563611	0	0
61.694	0.0520135	0	0
61.728	0.0457177	0	0
61.761	0.0383898	1	0
61.795	0.0324885	1	0
61.828	0.0275518	0	0
61.861	0.0233055	0	0
61.895	0.0201035	0	0
61.928	0.0179188	0	0
61.961	0.0155665	0	0
61.995	0.0142391	0	0
62.028	0.0140692	0	0
62.062	0.0142175	0	0
62.095	0.0142749	0	0
62.128	0.0147006	0	0
62.162	0.0149941	0	0
62.195	0.0147226	0	0
62.228	0.0147188	0	0
62.262	0.0150747	0	0
62.295	0.0151753	0	0
62.328	0.0153338	0	0
62.362	0.0153574	0	0
62.395	0.0155986	0	0
62.429	0.0153286	0	0
62.462	0.0148911	0	0
62.495	0.0145471	0	0
62.529	0.0144669	0	0
62.562	0.0144339	0	0
62.595	0.0141627	0	0
62.629	0.0140893	0	0
62.662	0.0141794	0	0
62.695	0.0142511	0	0
62.729	0.0136465	0	0
62.762	0.0140289	0	0
62.796	0.0138401	0	0
62.829	0.0160818	0	0
62.862	0.0213502	0	1
62.896	0.0263012	0	1
62.929	0.0298499	0	0
62.962	0.0324931	1	0
62.996	0.0316785	1	0
63.029	0.0271699	0	0
63.063	0.022729	0	0
63.096	0.0190965	0	0
63.129	0.0172726	0	0
63.163	0.015477	0	0
63.196	0.0141239	0	0
63.229	0.0137132	0	0
63.263	0.0140703	0	0
63.296	0.0133964	0	0
63.329	0.0134271	0	0
63.363	0.0137137	0	0
63.396	0.0134438	0	0
63.43	0.0129286	0	0
63.463	0.0130974	0	0
63.496	0.0128304	0	0
63.53	0.0132665	0	0
63.563	0.0137384	0	0
63.596	0.013651	0	0
63.63	0.0134576	0	0
63.663	0.0136135	0	0
63.696	0.012859	0	0
63.73	0.0124004	0	0
63.763	0.0121242	0	0
63.797	0.0171374	0	0
63.83	0.0245156	0	0
63.863	0.0320283	0	0
63.897	0.0387024	0	0
63.93	0.044727	0	0
63.963	0.0443232	0	0
63.997	0.0406999	0	0
64.03	0.0367685	0	0
64.064	0.0331623	1	0
64.097	0.0291929	1	0
64.13	0.0259906	0	0
64.164	0.0228565	0	0
64.197	0.0198651	0	0
64.23	0.0171145	0	0
64.264	0.0161791	0	0
64.297	0.015557	0	0
64.33	0.014978	0	0
64.364	0.0150981	0	0
64.397	0.0149489	0	0
64.431	0.0144527	0	0
64.464	0.0138701	0	0
64.497	0.0141342	0	0
64.531	0.0145606	0	0
64.564	0.0151518	0	0
64.597	0.0153103	0	0
64.631	0.0156354	0	0
64.664	0.0157646	0	0
64.697	0.0146052	0	0
64.731	0.014294	0	0
64.764	0.0143973	0	0
64.798	0.0138944	0	0
64.831	0.0132967	0	0
64.864	0.0132625	0	0
64.898	0.0139786	0	0
64.931	0.0193897	0	0
64.964	0.0260556	0	0
64.998	0.0322061	0	0
65.031	0.0386471	0	0
65.065	0.0439502	0	0
65.098	0.0429611	0	0
65.131	0.0396684	1	0
65.165	0.0358081	1	0
65.198	0.0325803	1	0
65.231	0.0274754	0	0
65.265	0.0230292	0	0
65.298	0.0199002	0	0
65.331	0.0176451	0	0
65.365	0.015124	0	0
65.398	0.0137905	0	0
65.432	0.0136814	0	0
65.465	0.0139782	0	0
65.498	0.0145115	0	0
65.532	0.0145284	0	0
65.565	0.0153459	0	0
65.598	0.0148169	0	0
65.632	0.0139646	0	0
65.665	0.0133008	0	0
65.698	0.0127352	0	0
65.732	0.0129677	0	0
65.765	0.0138042	0	0
65.799	0.0151741	0	0
65.832	0.0158937	0	0
65.865	0.0168457	0	0
65.899	0.0164501	0	0
65.932	0.0162516	0	0
65.965	0.0159912	0	0
65.999	0.0158539	0	0
66.032	0.0149392	0	0
66.066	0.0144806	0	0
66.099	0.0140375	0	0
66.132	0.0134081	0	0
66.166	0.013015	0	0
66.199	0.0129763	0	0
66.232	0.0132025	0	0
66.266	0.0132442	0	0
66.299	0.0132205	0	0
66.332	0.0132606	0	0
66.366	0.0129138	0	0
66.399	0.0124803	0	0
66.433	0.0119982	0	0
66.466	0.0122799	0	0
66.499	0.0123894	0	0
66.533	0.0126614	0	0
66.566	0.0132323	0	0
66.599	0.0131625	0	0
66.633	0.0135503	0	0
66.666	0.016137	0	0
66.699	0.0232268	0	0
66.733	0.0294404	0	0
66.766	0.0359895	0	0
66.8	0.040805	0	0
66.833	0.0425426	0	0
66.866	0.0393488	0	0
66.9	0.0348429	1	0
66.933	0.0300469	1	0
66.966	0.0247944	0	0
67	0.0202162	0	0
67.033	0.0170274	0	0
67.067	0.015017	0	0
67.1	0.0140851	0	0
67.133	0.0138415	0	0
67.167	0.0142226	0	0
67.2	0.0141428	0	0
67.233	0.014698	0	0
67.267	0.0143597	0	0
67.3	0.0142348	0	0
67.333	0.0139623	0	0
67.367	0.0139356	0	0
67.4	0.0133231	0	0
67.434	0.0135091	0	0
67.467	0.0138039	0	0
67.5	0.0136461	0	0
67.534	0.0136394	0	0
67.567	0.0138155	0	0
67.6	0.0136848	0	0
67.634	0.0134077	0	0
67.667	0.0133412	0	0
67.7	0.0124372	0	0
67.734	0.0177414	0	0
67.767	0.0246274	0	0
67.801	0.0312385	0	0
67.834	0.0382473	0	0
67.867	0.0454549	0	0
67.901	0.0447019	0	0
67.934	0.0424048	0	0
67.967	0.0394751	1	0
68.001	0.0354832	1	0
68.034	0.0310172	1	0
68.068	0.0279011	0	0
68.101	0.0247223	0	0
68.134	0.0222371	0	0
68.168	0.0201505	0	0
68.201	0.018034	0	0
68.234	0.016512	0	0
68.268	0.0157435	0	0
68.301	0.0144946	0	0
68.334	0.0133872	0	0
68.368	0.0131549	0	0
68.401	0.0135352	0	0
68.435	0.0124596	0	0
68.468	0.0125262	0	0
68.501	0.0126729	0	0
68.535	0.0131535	0	0
68.568	0.0128674	0	0
68.601	0.0130309	0	0
68.635	0.0134164	0	0
68.668	0.0139206	0	0
68.701	0.0132428	0	0
68.735	0.0132368	0	0
68.768	0.0136118	0	0
68.802	0.0130773	0	0
68.835	0.0127857	0	0
68.868	0.0136196	0	0
68.902	0.0130542	0	0
68.935	0.0133627	0	0
68.968	0.013955	0	0
69.002	0.0136819	0	0
69.035	0.0168312	0	0
69.069	0.0238695	0	0
69.102	0.0283709	0	0
69.135	0.0316708	0	0
69.169	0.034871	0	0
69.202	0.0334698	1	0
69.235	0.0287715	1	0
69.269	0.0247538	0	0
69.302	0.0220937	0	0
69.335	0.0198743	0	0
69.369	0.0179695	0	0
69.402	0.0160592	0	0
69.436	0.0150543	0	0
69.469	0.014073	0	0
69.502	0.0131605	0	0
69.536	0.0128186	0	0
69.569	0.0132092	0	0
69.602	0.0129954	0	0
69.636	0.012711	0	0
69.669	0.0125209	0	0
69.702	0.0121793	0	0
69.736	0.0115592	0	0
69.769	0.0114683	0	0
69.803	0.0117087	0	0
69.836	0.0122965	0	0
69.869	0.0125365	0	0
69.903	0.0125304	0	0
69.936	0.0126909	0	0
69.969	0.0126251	0	0
70.003	0.0121919	0	0
70.036	0.0123992	0	0
70.07	0.012393	0	0
70.103	0.0124111	0	0
70.136	0.0126862	0	0
70.17	0.0132655	0	0
70.203	0.0132352	0	0
70.236	0.013927	0	0
70.27	0.0139105	0	0
70.303	0.0139848	0	0
70.336	0.0138078	0	0
70.37	0.0138434	0	0
70.403	0.0136927	0	0
70.437	0.0140736	0	0
70.47	0.014496	0	0
70.503	0.0152606	0	0
70.537	0.0209866	0	0
70.57	0.0294181	0	0
70.603	0.0374201	0	0
70.637	0.043355	0	0
70.67	0.0492768	0	0
70.703	0.0500211	0	0
70.737	0.0464662	0	0
70.77	0.0423484	0	0
70.804	0.0388161	1	0
70.837	0.0339498	1	0
70.87	0.0283368	1	0
70.904	0.0234317	0	0
70.937	0.0200899	0	0
70.97	0.0175557	0	0
71.004	0.0168838	0	0
71.037	0.016718	0	0
71.071	0.0172399	0	0
71.104	0.0167773	0	0
71.137	0.0169672	0	0
71.171	0.0164707	0	0
71.204	0.0162075	0	0
71.237	0.0162754	0	0
71.271	0.0167117	0	0
71.304	0.0167068	0	0
71.337	0.0170319	0	0
71.371	0.0171028	0	0
71.404	0.0166132	0	0
71.438	0.0166841	0	0
71.471	0.0166553	0	0
71.504	0.0164266	0	0
71.538	0.0170439	0	0
71.571	0.0175286	0	0
71.604	0.0173279	0	0
71.638	0.0170222	0	0
71.671	0.0171515	0	0
71.704	0.0163171	0	0
71.738	0.0161348	0	0
71.771	0.0161112	0	0
71.805	0.0160891	0	0
71.838	0.0156038	0	0
71.871	0.0157081	0	0
71.905	0.0153827	0	0
71.938	0.0152925	0	0
71.971	0.0153488	0	0
72.005	0.015263	0	0
72.038	0.0150014	0	0
72.072	0.0150187	0	0
72.105	0.0146441	0	0
72.138	0.0148933	0	0
72.172	0.0149986	0	0
72.205	0.0150724	0	0
72.238	0.0152678	0	0
72.272	0.0155217	0	0
72.305	0.0150784	0	0
72.338	0.0149048	0	0
72.372	0.0148494	0	0
72.405	0.0141999	0	0
72.439	0.0142895	0	0
72.472	0.0142694	0	0
72.505	0.0141408	0	0
72.539	0.014591	0	0
72.572	0.0150911	0	0
72.605	0.0149754	0	0
72.639	0.0167778	0	0
72.672	0.0218509	0	0
72.705	0.0261143	0	0
72.739	0.0296276	0	0
72.772	0.0325846	0	0
72.806	0.0335118	0	0
72.839	0.0298589	1	0
72.872	0.025446	0	0
72.906	0.0219514	0	0
72.939	0.0189282	0	0
72.972	0.0161704	0	0
73.006	0.0142677	0	0
73.039	0.0138754	0	0
73.073	0.0133653	0	0
73.106	0.0131206	0	0
73.139	0.0130928	0	0
73.173	0.0138455	0	0
73.206	0.0139295	0	0
73.239	0.0142093	0	0
73.273	0.0145482	0	0
73.306	0.0142581	0	0
73.339	0.0133613	0	0
73.373	0.013102	0	0
73.406	0.0125872	0	0
73.44	0.0120982	0	0
73.473	0.012256	0	0
73.506	0.0121542	0	0
73.54	0.0123249	0	0
73.573	0.0130035	0	0
73.606	0.0129983	0	0
73.64	0.0129589	0	0
73.673	0.0133869	0	0
73.706	0.0132982	0	0
73.74	0.0127105	0	0
73.773	0.0131008	0	0
73.807	0.0131298	0	0
73.84	0.012924	0	0
73.873	0.0131103	0	0
73.907	0.0132832	0	0
73.94	0.0131271	0	0
73.973	0.0133076	0	0
74.007	0.0134987	0	0
74.04	0.0133947	0	0
74.074	0.013183	0	0
74.107	0.0129046	0	0
74.14	0.0127255	0	0
74.174	0.0126745	0	0
74.207	0.0124279	0	0
74.24	0.0126978	0	0
74.274	0.0131194	0	0
74.307	0.0127341	0	0
74.34	0.0129123	0	0
74.374	0.0127304	0	0
74.407	0.0125192	0	0
74.441	0.012024	0	0
74.474	0.0121237	0	0
74.507	0.0137509	0	0
74.541	0.0200974	0	0
74.574	0.0264871	0	0
74.607	0.0325734	0	0
74.641	0.0376963	0	0
74.674	0.0404166	0	0
74.707	0.0363064	0	0
74.741	0.0326666	1	0
74.774	0.0280526	1	0
74.808	0.0239228	0	0
74.841	0.0193875	0	0
74.874	0.0174084	0	0
74.908	0.0148844	0	0
74.941	0.0140991	0	0
74.974	0.0135361	0	0
75.008	0.0142879	0	0
75.041	0.0146128	0	0
75.075	0.0147215	0	0
75.108	0.0144021	0	0
75.141	0.0141631	0	0
75.175	0.0137173	0	0
75.208	0.0130958	0	0
75.241	0.0128275	0	0
75.275	0.0127315	0	0
75.308	0.0125347	0	0
75.341	0.0123027	0	0
75.375	0.0127079	0	0
75.408	0.0126584	0	0
75.442	0.0129216	0	0
75.475	0.0130379	0	0
75.508	0.0132187	0	0
75.542	0.0134524	0	0
75.575	0.013748	0	0
75.608	0.0134862	0	0
75.642	0.0133044	0	0
75.675	0.012978	0	0
75.708	0.012075	0	0
75.742	0.0121647	0	0
75.775	0.0119258	0	0
75.809	0.0120212	0	0
75.842	0.0117384	0	0
75.875	0.0120533	0	0
75.909	0.011292	0	0
75.942	0.0116005	0	0
75.975	0.0113198	0	0
76.009	0.0113312	0	0
76.042	0.0113156	0	0
76.076	0.0121003	0	0
76.109	0.011736	0	0
76.142	0.0120805	0	0
76.176	0.0124459	0	0
76.209	0.0127191	0	0
76.242	0.0122944	0	0
76.276	0.0124583	0	0
76.309	0.0128894	0	0
76.342	0.0131313	0	0
76.376	0.0132912	0	0
76.409	0.0132121	0	0
76.443	0.0130458	0	0
76.476	0.0128636	0	0
76.509	0.0124966	0	0
76.543	0.012674	0	0
76.576	0.0128509	0	0
76.609	0.012954	0	0
76.643	0.0127599	0	0
76.676	0.0129785	0	0
76.709	0.0122342	0	0
76.743	0.0121149	0	0
76.776	0.0122404	0	0
76.81	0.0125397	0	0
76.843	0.0127292	0	0
76.876	0.013269	0	0
76.91	0.0135515	0	0
76.943	0.0137448	0	0
76.976	0.0140336	0	0
77.01	0.0140262	0	0
77.043	0.0139691	0	0
77.077	0.0138096	0	0
77.11	0.0136334	0	0
77.143	0.0131866	0	0
77.177	0.013239	0	0
77.21	0.0134094	0	0
77.243	0.0136855	0	0
77.277	0.0140441	0	0
77.31	0.0144505	0	0
77.343	0.0145745	0	0
77.377	0.0144955	0	0
77.41	0.0145159	0	0
77.444	0.0142184	0	0
77.477	0.014124	0	0
77.51	0.0140333	0	0
77.544	0.0139153	0	0
77.577	0.014397	0	0
77.61	0.0145252	0	0
77.644	0.0146184	0	0
77.677	0.01453	0	0
77.71	0.0145087	0	0
77.744	0.0140712	0	0
77.777	0.0143417	0	0
77.811	0.0142119	0	0
77.844	0.0150285	0	0
77.877	0.0149557	0	0
77.911	0.0148332	0	0
77.944	0.0150053	0	0
77.977	0.0149476	0	0
78.011	0.0141363	0	0
78.044	0.0142653	0	0
78.078	0.0144483	0	0
78.111	0.0139311	0	0
78.144	0.0139024	0	0
78.178	0.0139084	0	0
78.211	0.0142944	0	0
78.244	0.0147136	0	0
78.278	0.0148336	0	0
78.311	0.0146064	0	0
78.344	0.0142795	0	0
78.378	0.0140925	0	0
78.411	0.0136448	0	0
78.445	0.013683	0	0
78.478	0.013602	0	0
78.511	0.0214908	0	0
78.545	0.0303147	0	0
78.578	0.0393458	0	0
78.611	0.0477352	0	0
78.645	0.0567802	0	0
78.678	0.058388	0	0
78.711	0.0586412	0	0
78.745	0.0586554	0	0
78.778	0.0592893	0	0
78.812	0.0598175	0	0
78.845	0.0607099	0	0
78.878	0.0603159	0	0
78.912	0.0594063	0	0
78.945	0.0593368	0	0
78.978	0.0582911	0	0
79.012	0.0572476	0	0
79.045	0.0565565	0	0
79.079	0.0568278	0	0
79.112	0.0559189	0	0
79.145	0.055837	0	0
79.179	0.0554106	0	0
79.212	0.0561683	0	0
79.245	0.0568616	0	0
79.279	0.0575915	0	0
79.312	0.0585234	0	0
79.345	0.0573128	0	0
79.379	0.0544434	0	0
79.412	0.0476356	0	0
79.446	0.0405091	1	0
79.479	0.0320676	1	0
79.512	0.0244867	0	0
79.546	0.0194693	0	0
79.579	0.0182958	0	0
79.612	0.0179107	0	0
79.646	0.0183622	0	0
79.679	0.0193894	0	0
79.712	0.018692	0	0
79.746	0.0179455	0	0
79.779	0.0168864	0	0
79.813	0.0154696	0	0
79.846	0.0143132	0	0
79.879	0.0140121	0	0
79.913	0.0135386	0	0
79.946	0.013039	0	0
79.979	0.0132984	0	0
80.013	0.013439	0	0
80.046	0.0132051	0	0
80.08	0.0127758	0	0
80.113	0.0128977	0	0
80.146	0.0129172	0	0
80.18	0.0128052	0	0
80.213	0.0128904	0	0
80.246	0.0129528	0	0
80.28	0.0130891	0	0
80.313	0.0133471	0	0
80.346	0.0133268	0	0
80.38	0.0135845	0	0
80.413	0.0137134	0	0
80.447	0.0135343	0	0
80.48	0.0132406	0	0
80.513	0.01398	0	0
80.547	0.0139519	0	0
80.58	0.0144799	0	0
80.613	0.0143668	0	0
80.647	0.0138967	0	0
80.68	0.0133755	0	0
80.713	0.0132702	0	0
80.747	0.0126748	0	0
80.78	0.0126588	0	0
80.814	0.013072	0	0
80.847	0.0129032	0	0
80.88	0.0124416	0	0
80.914	0.0122576	0	0
80.947	0.0121353	0	0
80.98	0.0118695	0	0
81.014	0.0134492	0	0
81.047	0.021297	0	0
81.081	0.0302163	0	0
81.114	0.0365744	0	0
81.147	0.0432079	0	0
81.181	0.0461138	0	0
81.214	0.0412639	1	0
81.247	0.0348201	1	0
81.281	0.0299713	1	0
81.314	0.02452	0	0
81.347	0.0206725	0	0
81.381	0.0185232	0	0
81.414	0.016376	0	0
81.448	0.015316	0	0
81.481	0.0146449	0	0
81.514	0.0147696	0	0
81.548	0.0147414	0	0
81.581	0.0152341	0	0
81.614	0.0152231	0	0
81.648	0.0152527	0	0
81.681	0.0154049	0	0
81.714	0.0149043	0	0
81.748	0.0144422	0	0
81.781	0.014184	0	0
81.815	0.0137256	0	0
81.848	0.0133977	0	0
81.881	0.0134138	0	0
81.915	0.0132279	0	0
81.948	0.0137178	0	0
81.981	0.0139499	0	0
82.015	0.0135744	0	0
82.048	0.013822	0	0
82.082	0.0140149	0	0
82.115	0.0135753	0	0
82.148	0.0135603	0	0
82.182	0.0132851	0	0
82.215	0.0129399	0	0
82.248	0.0130034	0	0
82.282	0.0130237	0	0
82.315	0.0130346	0	0
82.348	0.0133758	0	0
82.382	0.0135728	0	0
82.415	0.0134322	0	0
82.449	0.0130607	0	0
82.482	0.0131694	0	0
82.515	0.0129228	0	0
82.549	0.0127061	0	0
82.582	0.0126427	0	0
82.615	0.0131333	0	0
82.649	0.0128232	0	0
82.682	0.0128824	0	0
82.715	0.0130625	0	0
82.749	0.0129483	0	0
82.782	0.0127997	0	0
82.816	0.0130577	0	0
82.849	0.0131974	0	0
82.882	0.013363	0	0
82.916	0.0143988	0	0
82.949	0.0196576	0	0
82.982	0.0265137	0	0
83.016	0.032153	0	0
83.049	0.0361557	0	0
83.083	0.0378608	0	0
83.116	0.0349182	1	0
83.149	0.030482	1	0
83.183	0.026358	0	0
83.216	0.0232151	0	0
83.249	0.0219882	0	0
83.283	0.0201524	0	0
83.316	0.0177879	0	0
83.349	0.0168101	0	0
83.383	0.0164154	0	0
83.416	0.015336	0	0
83.45	0.0156474	0	0
83.483	0.0158438	0	0
83.516	0.0155131	0	0
83.55	0.0155724	0	0
83.583	0.0158211	0	0
83.616	0.0154797	0	0
83.65	0.0158552	0	0
83.683	0.0159688	0	0
83.716	0.015548	0	0
83.75	0.0158298	0	0
83.783	0.0158382	0	0
83.817	0.0153118	0	0
83.85	0.0151133	0	0
83.883	0.0147169	0	0
83.917	0.0143549	0	0
83.95	0.0139184	0	0
83.983	0.0138116	0	0
84.017	0.0139931	0	0
84.05	0.0138982	0	0
84.084	0.0138233	0	0
84.117	0.0140936	0	0
84.15	0.014226	0	0
84.184	0.0139683	0	0
84.217	0.014306	0	0
84.25	0.0139533	0	0
84.284	0.01407	0	0
84.317	0.0140948	0	0
84.35	0.0136674	0	0
84.384	0.0137423	0	0
84.417	0.0139878	0	0
84.451	0.0138856	0	0
84.484	0.013871	0	0
84.517	0.0146426	0	0
84.551	0.0148926	0	0
84.584	0.0150942	0	0
84.617	0.0151143	0	0
84.651	0.0148312	0	0
84.684	0.0170252	0	0
84.717	0.0228502	0	0
84.751	0.0277718	0	0
84.784	0.031636	0	0
84.818	0.0354624	0	0
84.851	0.0352704	0	0
84.884	0.0304401	1	0
84.918	0.0262279	0	0
84.951	0.0229283	0	0
84.984	0.0191334	0	0
85.018	0.0165838	0	0
85.051	0.0147587	0	0
85.085	0.0133727	0	0
85.118	0.0128255	0	0
85.151	0.0125774	0	0
85.185	0.0127861	0	0
85.218	0.012951	0	0
85.251	0.013084	0	0
85.285	0.0123155	0	0
85.318	0.0122279	0	0
85.351	0.0115718	0	0
85.385	0.0117687	0	0
85.418	0.011451	0	0
85.452	0.0121611	0	0
85.485	0.012345	0	0
85.518	0.0125943	0	0
85.552	0.0128934	0	0
85.585	0.0138627	0	0
85.618	0.0133864	0	0
85.652	0.0135367	0	0
85.685	0.0136907	0	0
85.718	0.0133631	0	0
85.752	0.0132442	0	0
85.785	0.0137117	0	0
85.819	0.0137075	0	0
85.852	0.0137257	0	0
85.885	0.0140171	0	0
85.919	0.0137891	0	0
85.952	0.0136821	0	0
85.985	0.0136849	0	0
86.019	0.0136246	0	0
86.052	0.0129894	0	0
86.086	0.0126899	0	0
86.119	0.0125124	0	0
86.152	0.0126215	0	0
86.186	0.0126912	0	0
86.219	0.0128657	0	0
86.252	0.0130142	0	0
86.286	0.0128741	0	0
86.319	0.0124449	0	0
86.352	0.012027	0	0
86.386	0.018505	0	0
86.419	0.0260273	0	0
86.453	0.0336974	0	0
86.486	0.0404594	0	0
86.519	0.0462727	0	0
86.553	0.0451156	0	0
86.586	0.0412397	0	0
86.619	0.0366082	0	0
86.653	0.031721	1	0
86.686	0.027777	0	0
86.719	0.0227334	0	0
86.753	0.018875	0	0
86.786	0.0155964	0	0
86.82	0.0139446	0	0
86.853	0.0125841	0	0
86.886	0.0123774	0	0
86.92	0.0124733	0	0
86.953	0.0125584	0	0
86.986	0.0126695	0	0
87.02	0.0122941	0	0
87.053	0.0124233	0	0
87.087	0.0127389	0	0
87.12	0.0130576	0	0
87.153	0.0127885	0	0
87.187	0.0128638	0	0
87.22	0.012948	0	0
87.253	0.0126222	0	0
87.287	0.0127007	0	0
87.32	0.0125676	0	0
87.353	0.0128232	0	0
87.387	0.0126806	0	0
87.42	0.0125211	0	0
87.454	0.0119986	0	0
87.487	0.0125101	0	0
87.52	0.0121872	0	0
87.554	0.0121582	0	0
87.587	0.0123962	0	0
87.62	0.0126409	0	0
87.654	0.0120965	0	0
87.687	0.0123392	0	0
87.72	0.0122692	0	0
87.754	0.0118201	0	0
87.787	0.0115644	0	0
87.821	0.0112527	0	0
87.854	0.0110518	0	0
87.887	0.0112559	0	0
87.921	0.01121	0	0
87.954	0.0117691	0	0
87.987	0.0124706	0	0
88.021	0.0125117	0	0
88.054	0.0123076	0	0
88.088	0.0125941	0	0
88.121	0.01236	0	0
88.154	0.0119318	0	0
88.188	0.0117348	0	0
88.221	0.0117784	0	0
88.254	0.0120953	0	0
88.288	0.0120388	0	0
88.321	0.012136	0	0
88.354	0.0126202	0	0
88.388	0.0127658	0	0
88.421	0.0125619	0	0
88.455	0.0124144	0	0
88.488	0.0125697	0	0
88.521	0.0125787	0	0
88.555	0.0122901	0	0
88.588	0.0124926	0	0
88.621	0.012747	0	0
88.655	0.0129702	0	0
88.688	0.0131699	0	0
88.721	0.0135244	0	0
88.755	0.013205	0	0
88.788	0.0131169	0	0
88.822	0.0129578	0	0
88.855	0.0126869	0	0
88.888	0.0122799	0	0
88.922	0.0124145	0	0
88.955	0.0123517	0	0
88.988	0.0126921	0	0
89.022	0.0123695	0	0
89.055	0.0126077	0	0
89.089	0.0142855	0	0
89.122	0.0211053	0	0
89.155	0.0286104	0	0
89.189	0.0349477	0	0
89.222	0.0407834	0	0
89.255	0.0442824	0	0
89.289	0.0419034	0	0
89.322	0.0368926	0	0
89.355	0.033164	1	0
89.389	0.0291412	1	0
89.422	0.02505	0	0
89.456	0.0211244	0	0
89.489	0.0182119	0	0
89.522	0.0161221	0	0
89.556	0.0140725	0	0
89.589	0.0129134	0	0
89.622	0.0122173	0	0
89.656	0.0121078	0	0
89.689	0.0116748	0	0
89.722	0.0116552	0	0
89.756	0.0114225	0	0
89.789	0.0113857	0	0
89.823	0.0113976	0	0
89.856	0.0114086	0	0
89.889	0.0113984	0	0
89.923	0.0114067	0	0
89.956	0.011206	0	0
89.989	0.0115315	0	0
90.023	0.0113293	0	0
90.056	0.0114267	0	0
90.09	0.0118369	0	0
90.123	0.012246	0	0
90.156	0.0121976	0	0
90.19	0.0124876	0	0
90.223	0.0120497	0	0
90.256	0.0118916	0	0
90.29	0.012056	0	0
90.323	0.0120219	0	0
90.356	0.011963	0	0
90.39	0.0135505	0	0
90.423	0.0200202	0	0
90.457	0.0272832	0	0
90.49	0.0343515	0	0
90.523	0.0413706	0	0
90.557	0.0485938	0	0
90.59	0.0504497	0	0
90.623	0.0516355	0	0
90.657	0.0535598	0	0
90.69	0.0564899	0	0
90.723	0.0570929	0	0
90.757	0.0576477	0	0
90.79	0.0581637	0	0
90.824	0.0583154	0	0
90.857	0.0575969	0	0
90.89	0.0580805	0	0
90.924	0.0580141	0	0
90.957	0.0584022	0	0
90.99	0.0579629	0	0
91.024	0.0570348	0	0
91.057	0.0544999	0	0
91.091	0.0513266	0	0
91.124	0.0442054	0	0
91.157	0.0372473	1	0
91.191	0.0294108	1	0
91.224	0.0232089	0	0
91.257	0.0189568	0	0
91.291	0.0180033	0	0
91.324	0.0171543	0	0
91.357	0.0181008	0	0
91.391	0.0184118	0	0
91.424	0.0179015	0	0
91.458	0.0172964	0	0
91.491	0.0172462	0	0
91.524	0.0165737	0	0
91.558	0.0161053	0	0
91.591	0.0162877	0	0
91.624	0.0161568	0	0
91.658	0.0160484	0	0
91.691	0.0158959	0	0
91.724	0.0160016	0	0
91.758	0.0154883	0	0
91.791	0.0150086	0	0
91.825	0.0142979	0	0
91.858	0.0137887	0	0
91.891	0.0132897	0	0
91.925	0.0126995	0	0
91.958	0.0126093	0	0
91.991	0.0128788	0	0
92.025	0.0132075	0	0
92.058	0.0128423	0	0
92.092	0.0132946	0	0
92.125	0.0133707	0	0
92.158	0.0129501	0	0
92.192	0.0127832	0	0
92.225	0.0130722	0	0
92.258	0.0127535	0	0
92.292	0.0129385	0	0
92.325	0.0127004	0	0
92.358	0.0128792	0	0
92.392	0.0130002	0	0
92.425	0.0125274	0	0
92.459	0.0127775	0	0
92.492	0.0130743	0	0
92.525	0.0131284	0	0
92.559	0.0134122	0	0
92.592	0.0143611	0	0
92.625	0.0138185	0	0
92.659	0.0139088	0	0
92.692	0.0138658	0	0
92.725	0.0134965	0	0
92.759	0.013294	0	0
92.792	0.0136167	0	0
92.826	0.0136533	0	0
92.859	0.0134344	0	0
92.892	0.0135818	0	0
92.926	0.0130444	0	0
92.959	0.0129589	0	0
92.992	0.0127054	0	0
93.026	0.0129556	0	0
93.059	0.0129379	0	0
93.093	0.0131705	0	0
93.126	0.0131766	0	0
93.159	0.0131773	0	0
93.193	0.0135174	0	0
93.226	0.013369	0	0
93.259	0.013395	0	0
93.293	0.0133903	0	0
93.326	0.0135628	0	0
93.359	0.0128427	0	0
93.393	0.0131878	0	0
93.426	0.0136835	0	0
93.46	0.0140529	0	0
93.493	0.0141001	0	0
93.526	0.0143831	0	0
93.56	0.0150427	0	0
93.593	0.0151831	0	0
93.626	0.0150454	0	0
93.66	0.015263	0	0
93.693	0.0155164	0	0
93.726	0.0146334	0	0
93.76	0.0143357	0	0
93.793	0.0140503	0	0
93.827	0.0135889	0	0
93.86	0.0132538	0	0
93.893	0.0132566	0	0
93.927	0.0133951	0	0
93.96	0.0134501	0	0
93.993	0.0141183	0	0
94.027	0.0147641	0	0
94.06	0.0150677	0	0
94.094	0.0150537	0	0
94.127	0.0152854	0	0
94.16	0.0149233	0	0
94.194	0.0140694	0	0
94.227	0.0138527	0	0
94.26	0.0137333	0	0
94.294	0.0136111	0	0
94.327	0.0137015	0	0
94.36	0.0138145	0	0
94.394	0.0135409	0	0
94.427	0.013558	0	0
94.461	0.0135288	0	0
94.494	0.0134802	0	0
94.527	0.0139092	0	0
94.561	0.0144044	0	0
94.594	0.0143842	0	0
94.627	0.0141927	0	0
94.661	0.0145336	0	0
94.694	0.0158184	0	0
94.727	0.0206067	0	0
94.761	0.02485	0	0
94.794	0.0286654	0	0
94.828	0.0312929	0	0
94.861	0.0322361	0	0
94.894	0.0288408	1	0
94.928	0.0247042	0	0
94.961	0.0207379	0	0
94.994	0.0175665	0	0
95.028	0.0146882	0	0
95.061	0.0125142	0	0
95.095	0.011764	0	0
95.128	0.0114271	0	0
95.161	0.0111636	0	0
95.195	0.0112733	0	0
95.228	0.0115769	0	0
95.261	0.0121561	0	0
95.295	0.0123387	0	0
95.328	0.0130856	0	0
95.361	0.0129877	0	0
95.395	0.0127929	0	0
95.428	0.0122251	0	0
95.462	0.0124578	0	0
95.495	0.0116063	0	0
95.528	0.0116945	0	0
95.562	0.0120774	0	0
95.595	0.0124895	0	0
95.628	0.0115513	0	0
95.662	0.0116418	0	0
95.695	0.011515	0	0
95.728	0.0107476	0	0
95.762	0.0109581	0	0
95.795	0.0119876	0	0
95.829	0.0120714	0	0
95.862	0.0125169	0	0
95.895	0.0134402	0	0
95.929	0.0128507	0	0
95.962	0.0126503	0	0
95.995	0.0125814	0	0
96.029	0.011954	0	0
96.062	0.0117075	0	0
96.096	0.0120204	0	0
96.129	0.0123552	0	0
96.162	0.0128285	0	0
96.196	0.0127468	0	0
96.229	0.0128802	0	0
96.262	0.0129027	0	0
96.296	0.0127676	0	0
96.329	0.0125467	0	0
96.362	0.0131052	0	0
96.396	0.0127986	0	0
96.429	0.012663	0	0
96.463	0.0126209	0	0
96.496	0.0123882	0	0
96.529	0.0120173	0	0
96.563	0.0120438	0	0
96.596	0.0120614	0	0
96.629	0.011872	0	0
96.663	0.0122838	0	0
96.696	0.012403	0	0
96.729	0.0119342	0	0
96.763	0.012069	0	0
96.796	0.0122704	0	0
96.83	0.0115998	0	0
96.863	0.0117568	0	0
96.896	0.0120184	0	0
96.93	0.0118616	0	0
96.963	0.0118268	0	0
96.996	0.0123651	0	0
97.03	0.0122376	0	0
97.063	0.0122236	0	0
97.097	0.0123637	0	0
97.13	0.0121297	0	0
97.163	0.012032	0	0
97.197	0.0120103	0	0
97.23	0.0118819	0	0
97.263	0.0119719	0	0
97.297	0.0119395	0	0
97.33	0.0117706	0	0
97.363	0.0119669	0	0
97.397	0.0124618	0	0
97.43	0.0119829	0	0
97.464	0.012255	0	0
97.497	0.0125447	0	0
97.53	0.0126162	0	0
97.564	0.0126451	0	0
97.597	0.0128909	0	0
97.63	0.0131982	0	0
97.664	0.0129866	0	0
97.697	0.0130288	0	0
97.73	0.0130302	0	0
97.764	0.013088	0	0
97.797	0.0127829	0	0
97.831	0.0130095	0	0
97.864	0.0127948	0	0
97.897	0.0124743	0	0
97.931	0.0121937	0	0
97.964	0.0120757	0	0
97.997	0.0119293	0	0
98.031	0.0122911	0	0
98.064	0.0123205	0	0
98.098	0.0119146	0	0
98.131	0.0118815	0	0
98.164	0.0122243	0	0
98.198	0.0116712	0	0
98.231	0.0115389	0	0
98.264	0.0120097	0	0
98.298	0.0119731	0	0
98.331	0.0116485	0	0
98.364	0.0120462	0	0
98.398	0.0124702	0	0
98.431	0.0126298	0	0
98.465	0.0124818	0	0
98.498	0.0129318	0	0
98.531	0.0124398	0	0
98.565	0.0127926	0	0
98.598	0.0131972	0	0
98.631	0.0135178	0	0
98.665	0.0131782	0	0
98.698	0.0134472	0	0
98.731	0.012987	0	0
98.765	0.0122456	0	0
98.798	0.0123863	0	0
98.832	0.0123762	0	0
98.865	0.0131787	0	0
98.898	0.0136939	0	0
98.932	0.0146071	0	0
98.965	0.0145591	0	0
98.998	0.0146325	0	0
99.032	0.0142298	0	0
99.065	0.0137638	0	0
99.099	0.0131749	0	0
99.132	0.0129597	0	0
99.165	0.0129772	0	0
99.199	0.0129466	0	0
99.232	0.0132196	0	0
99.265	0.0137929	0	0
99.299	0.0143976	0	0
99.332	0.0145057	0	0
99.365	0.0143553	0	0
99.399	0.0138526	0	0
99.432	0.0133316	0	0
99.466	0.0133122	0	0
99.499	0.0136674	0	0
99.532	0.0137376	0	0
99.566	0.0145059	0	0
99.599	0.0150245	0	0
99.632	0.0147812	0	0
99.666	0.0148516	0	0
99.699	0.0153068	0	0
99.732	0.0150939	0	0
99.766	0.0150187	0	0
99.799	0.0150134	0	0
99.833	0.0146872	0	0
99.866	0.0145589	0	0
99.899	0.0144743	0	0
99.933	0.0141517	0	0
99.966	0.013989	0	0
99.999	0.0140707	0	0
100.033	0.0137945	0	0
100.066	0.0137495	0	0
100.1	0.0142495	0	0
100.133	0.0144723	0	0
100.166	0.014213	0	0
100.2	0.0142885	0	0
100.233	0.0143505	0	0
100.266	0.0138477	0	0
100.3	0.0140945	0	0
100.333	0.013941	0	0
100.366	0.0135023	0	0
100.4	0.0130373	0	0
100.433	0.0130718	0	0
100.467	0.0124085	0	0
100.5	0.0121726	0	0
100.533	0.01246	0	0
100.567	0.0131257	0	0
100.6	0.0136021	0	0
100.633	0.0138099	0	0
100.667	0.014654	0	0
100.7	0.0151862	0	0
100.733	0.0152116	0	0
100.767	0.0147605	0	0
100.8	0.0150903	0	0
100.834	0.0147158	0	0
100.867	0.0145089	0	0
100.9	0.0143952	0	0
100.934	0.0143603	0	0
100.967	0.0140327	0	0
101	0.0138504	0	0
101.034	0.013738	0	0
101.067	0.0137599	0	0
101.101	0.0138016	0	0
101.134	0.0137848	0	0
101.167	0.0139897	0	0
101.201	0.0141597	0	0
101.234	0.0144411	0	0
101.267	0.0153449	0	0
101.301	0.0160051	0	0
101.334	0.0163862	0	0
101.367	0.0164028	0	0
101.401	0.0162576	0	0
101.434	0.0153293	0	0
101.468	0.0154445	0	0
101.501	0.0152882	0	0
101.534	0.0154451	0	0
101.568	0.0158644	0	0
101.601	0.0164896	0	0
101.634	0.015989	0	0
101.668	0.0163209	0	0
101.701	0.0162949	0	0
101.734	0.0161314	0	0
101.768	0.0161974	0	0
101.801	0.0166417	0	0
101.835	0.0161558	0	0
101.868	0.0161649	0	0
101.901	0.0160549	0	0
101.935	0.0158783	0	0
101.968	0.015686	0	0
102.001	0.0158705	0	0
102.035	0.0155833	0	0
102.068	0.0150904	0	0
102.102	0.0145185	0	0
102.135	0.0142209	0	0
102.168	0.0144103	0	0
102.202	0.014496	0	0
102.235	0.0143964	0	0
102.268	0.0145795	0	0
102.302	0.0143892	0	0
102.335	0.0138547	0	0
102.368	0.0135863	0	0
102.402	0.0133788	0	0
102.435	0.0134997	0	0
102.469	0.0140317	0	0
102.502	0.0144383	0	0
102.535	0.014706	0	0
102.569	0.0151997	0	0
102.602	0.0142779	0	0
102.635	0.0177164	0	0
102.669	0.0246229	0	0
102.702	0.0312714	0	0
102.735	0.0375851	0	0
102.769	0.0447626	0	0
102.802	0.0460073	0	0
102.836	0.0434913	0	0
102.869	0.0402378	1	0
102.902	0.0375629	1	0
102.936	0.0331669	1	0
102.969	0.0297348	1	0
103.002	0.0248617	0	0
103.036	0.0210007	0	0
103.069	0.0166636	0	0
103.103	0.0139689	0	0
103.136	0.0120349	0	0
103.169	0.0120645	0	0
103.203	0.011716	0	0
103.236	0.0120391	0	0
103.269	0.0125285	0	0
103.303	0.0122482	0	0
103.336	0.0122781	0	0
103.369	0.0129907	0	0
103.403	0.0130686	0	0
103.436	0.0128799	0	0
103.47	0.0131661	0	0
103.503	0.0128814	0	0
103.536	0.0123916	0	0
103.57	0.0123628	0	0
103.603	0.0120647	0	0
103.636	0.0116703	0	0
103.67	0.0120185	0	0
103.703	0.0118104	0	0
103.736	0.0115079	0	0
103.77	0.0118083	0	0
103.803	0.0120418	0	0
103.837	0.0113956	0	0
103.87	0.011519	0	0
103.903	0.0113723	0	0
103.937	0.0110035	0	0
103.97	0.0108298	0	0
104.003	0.0107688	0	0
104.037	0.0105121	0	0
104.07	0.0106412	0	0
104.104	0.0110972	0	0
104.137	0.0113538	0	0
104.17	0.0115881	0	0
104.204	0.0116883	0	0
104.237	0.0116964	0	0
104.27	0.0112538	0	0
104.304	0.0108918	0	0
104.337	0.0107984	0	0
104.37	0.0114191	0	0
104.404	0.0111817	0	0
104.437	0.0113055	0	0
104.471	0.011114	0	0
104.504	0.0110003	0	0
104.537	0.0103804	0	0
104.571	0.0102825	0	0
104.604	0.0105217	0	0
104.637	0.0133494	0	0
104.671	0.0218142	0	0
104.704	0.0296962	0	0
104.737	0.0382201	0	0
104.771	0.046027	0	0
104.804	0.0510762	0	0
104.838	0.0497578	0	0
104.871	0.0488948	0	0
104.904	0.0464383	0	0
104.938	0.0436787	0	0
104.971	0.0400792	1	0
105.004	0.0363975	1	0
105.038	0.0321173	1	0
105.071	0.0279905	0	0
105.105	0.0239429	0	0
105.138	0.0209052	0	0
105.171	0.0182762	0	0
105.205	0.0158345	0	0
105.238	0.0147288	0	0
105.271	0.013941	0	0
105.305	0.0135535	0	0
105.338	0.0130412	0	0
105.371	0.0128565	0	0
105.405	0.0128054	0	0
105.438	0.0123295	0	0
105.472	0.011958	0	0
105.505	0.0120472	0	0
105.538	0.0121325	0	0
105.572	0.011724	0	0
105.605	0.0117308	0	0
105.638	0.0115327	0	0
105.672	0.0111505	0	0
105.705	0.0112991	0	0
105.738	0.0106905	0	0
105.772	0.0107536	0	0
105.805	0.0111048	0	0
105.839	0.0112362	0	0
105.872	0.0108007	0	0
105.905	0.0116505	0	0
105.939	0.011572	0	0
105.972	0.011171	0	0
106.005	0.0114853	0	0
106.039	0.0112126	0	0
106.072	0.0107323	0	0
106.106	0.0106265	0	0
106.139	0.0107523	0	0
106.172	0.0106128	0	0
106.206	0.0107207	0	0
106.239	0.0109551	0	0
106.272	0.0112606	0	0
106.306	0.0115189	0	0
106.339	0.0114082	0	0
106.372	0.0118244	0	0
106.406	0.0118636	0	0
106.439	0.0121059	0	0
106.473	0.0120569	0	0
106.506	0.0123137	0	0
106.539	0.0123793	0	0
106.573	0.0129483	0	0
106.606	0.0132805	0	0
106.639	0.0133784	0	0
106.673	0.0133965	0	0
106.706	0.0137862	0	0
106.739	0.0135392	0	0
106.773	0.0133855	0	0
106.806	0.0131732	0	0
106.84	0.013404	0	0
106.873	0.0129992	0	0
106.906	0.013023	0	0
106.94	0.0127053	0	0
106.973	0.0130306	0	0
107.006	0.012599	0	0
107.04	0.0122301	0	0
107.073	0.0125591	0	0
107.107	0.0127238	0	0
107.14	0.0124805	0	0
107.173	0.0128969	0	0
107.207	0.0132891	0	0
107.24	0.012745	0	0
107.273	0.0124133	0	0
107.307	0.0123155	0	0
107.34	0.012014	0	0
107.373	0.0120711	0	0
107.407	0.0118639	0	0
107.44	0.0121679	0	0
107.474	0.0126888	0	0
107.507	0.0132922	0	0
107.54	0.0133459	0	0
107.574	0.0137919	0	0
107.607	0.0142896	0	0
107.64	0.0142135	0	0
107.674	0.0134477	0	0
107.707	0.0133256	0	0
107.74	0.0128869	0	0
107.774	0.0121355	0	0
107.807	0.0114693	0	0
107.841	0.011594	0	0
107.874	0.0119495	0	0
107.907	0.0126773	0	0
107.941	0.0130975	0	0
107.974	0.0137623	0	0
108.007	0.0137256	0	0
108.041	0.013806	0	0
108.074	0.0131569	0	0
108.108	0.0126782	0	0
108.141	0.0125417	0	0
108.174	0.0126414	0	0
108.208	0.0123604	0	0
108.241	0.012177	0	0
108.274	0.0126131	0	0
108.308	0.0122605	0	0
108.341	0.0120943	0	0
108.374	0.0123696	0	0
108.408	0.0127304	0	0
108.441	0.0126376	0	0
108.475	0.0125393	0	0
108.508	0.0127268	0	0
108.541	0.0124216	0	0
108.575	0.0125218	0	0
108.608	0.0123685	0	0
108.641	0.0127167	0	0
108.675	0.0126324	0	0
108.708	0.0129733	0	0
108.741	0.0129363	0	0
108.775	0.0123038	0	0
108.808	0.0122957	0	0
108.842	0.0122225	0	0
108.875	0.0120076	0	0
108.908	0.0115224	0	0
108.942	0.0148591	0	0
108.975	0.0239492	0	0
109.008	0.0314053	0	0
109.042	0.0383643	0	0
109.075	0.0462207	0	0
109.109	0.0498928	0	0
109.142	0.044944	0	0
109.175	0.0412284	1	0
109.209	0.0359439	1	0
109.242	0.0300726	1	0
109.275	0.0242107	0	0
109.309	0.0207298	0	0
109.342	0.017897	0	0
109.375	0.0167008	0	0
109.409	0.0152913	0	0
109.442	0.0146381	0	0
109.476	0.0145081	0	0
109.509	0.014048	0	0
109.542	0.0134843	0	0
109.576	0.0137907	0	0
109.609	0.0144028	0	0
109.642	0.0139623	0	0
109.676	0.0142315	0	0
109.709	0.0142936	0	0
109.742	0.0138485	0	0
109.776	0.0136577	0	0
109.809	0.0140038	0	0
109.843	0.0137424	0	0
109.876	0.0138172	0	0
109.909	0.0142763	0	0
109.943	0.0144279	0	0
109.976	0.0144865	0	0
110.009	0.0149189	0	0
110.043	0.0148393	0	0
110.076	0.0142283	0	0
110.11	0.0137173	0	0
110.143	0.0133281	0	0
110.176	0.0123607	0	0
110.21	0.0122144	0	0
110.243	0.0126638	0	0
110.276	0.0127248	0	0
110.31	0.0124003	0	0
110.343	0.0124477	0	0
110.376	0.0125891	0	0
110.41	0.0127183	0	0
110.443	0.0121815	0	0
110.477	0.0121305	0	0
110.51	0.0128195	0	0
110.543	0.0125126	0	0
110.577	0.0121065	0	0
110.61	0.0135173	0	0
110.643	0.0139627	0	0
110.677	0.0135021	0	0
110.71	0.0141779	0	0
110.743	0.014061	0	0
110.777	0.0133127	0	0
110.81	0.0136001	0	0
110.844	0.0130426	0	0
110.877	0.0124574	0	0
110.91	0.0125306	0	0
110.944	0.0122565	0	0
110.977	0.0119568	0	0
111.01	0.0125222	0	0
111.044	0.0122722	0	0
111.077	0.0123768	0	0
111.111	0.0129759	0	0
111.144	0.0129365	0	0
111.177	0.012723	0	0
111.211	0.0128062	0	0
111.244	0.0121922	0	0
111.277	0.0122595	0	0
111.311	0.0123235	0	0
111.344	0.0118086	0	0
111.377	0.0116719	0	0
111.411	0.011742	0	0
111.444	0.0109713	0	0
111.478	0.0106371	0	0
111.511	0.010895	0	0
111.544	0.0111545	0	0
111.578	0.0115003	0	0
111.611	0.0119703	0	0
111.644	0.0118858	0	0
111.678	0.0121964	0	0
111.711	0.0124851	0	0
111.744	0.0120674	0	0
111.778	0.0116267	0	0
111.811	0.0115902	0	0
111.845	0.0116517	0	0
111.878	0.0113071	0	0
111.911	0.0116763	0	0
111.945	0.0121941	0	0
111.978	0.0122658	0	0
112.011	0.012628	0	0
112.045	0.0125707	0	0
112.078	0.0128985	0	0
112.112	0.0128708	0	0
112.145	0.0131454	0	0
112.178	0.0131172	0	0
112.212	0.0133493	0	0
112.245	0.0133654	0	0
112.278	0.0135379	0	0
112.312	0.0138228	0	0
112.345	0.0134746	0	0
112.378	0.0137365	0	0
112.412	0.013473	0	0
112.445	0.0134241	0	0
112.479	0.0131328	0	0
112.512	0.0131063	0	0
112.545	0.0129935	0	0
112.579	0.0129457	0	0
112.612	0.0128799	0	0
112.645	0.0124896	0	0
112.679	0.012683	0	0
112.712	0.0128889	0	0
112.745	0.0126602	0	0
112.779	0.0128281	0	0
112.812	0.0135193	0	0
112.846	0.0134112	0	0
112.879	0.0133751	0	0
112.912	0.0139363	0	0
112.946	0.0133092	0	0
112.979	0.0132526	0	0
113.012	0.0134172	0	0
113.046	0.0132919	0	0
113.079	0.0127987	0	0
113.113	0.0129411	0	0
113.146	0.01278	0	0
113.179	0.0127446	0	0
113.213	0.0127282	0	0
113.246	0.0126875	0	0
113.279	0.0130675	0	0
113.313	0.0130154	0	0
113.346	0.0131717	0	0
113.379	0.0128976	0	0
113.413	0.0134828	0	0
113.446	0.0136496	0	0
113.48	0.013381	0	0
113.513	0.0134093	0	0
113.546	0.0134522	0	0
113.58	0.01326	0	0
113.613	0.0131029	0	0
113.646	0.0127613	0	0
113.68	0.0121859	0	0
113.713	0.0117852	0	0
113.746	0.0113161	0	0
113.78	0.0106245	0	0
113.813	0.0108166	0	0
113.847	0.0104932	0	0
113.88	0.0108205	0	0
113.913	0.0111575	0	0
113.947	0.0115202	0	0
113.98	0.0120971	0	0
114.013	0.0125139	0	0
114.047	0.0120663	0	0
114.08	0.0121567	0	0
114.114	0.0123433	0	0
114.147	0.0119081	0	0
114.18	0.0124265	0	0
114.214	0.0133107	0	0
114.247	0.0129052	0	0
114.28	0.0128881	0	0
114.314	0.0135295	0	0
114.347	0.0136546	0	0
114.38	0.0137126	0	0
114.414	0.0141561	0	0
114.447	0.0142678	0	0
114.481	0.0144181	0	0
114.514	0.0142846	0	0
114.547	0.0139952	0	0
114.581	0.0143178	0	0
114.614	0.0143381	0	0
114.647	0.0137431	0	0
114.681	0.0140173	0	0
114.714	0.014448	0	0
114.747	0.0142626	0	0
114.781	0.0144335	0	0
114.814	0.0145399	0	0
114.848	0.0141955	0	0
114.881	0.0138478	0	0
114.914	0.0136704	0	0
114.948	0.0130962	0	0
114.981	0.0154135	0	0
115.014	0.020295	0	0
115.048	0.0249195	0	0
115.081	0.0280454	1	0
115.115	0.031337	1	0
115.148	0.0312423	1	0
115.181	0.0274016	0	0
115.215	0.0231266	0	0
115.248	0.0209785	0	0
115.281	0.0183487	0	0
115.315	0.0159094	0	0
115.348	0.0152716	0	0
115.381	0.0146976	0	0
115.415	0.0138468	0	0
115.448	0.0141233	0	0
115.482	0.0147855	0	0
115.515	0.0147715	0	0
115.548	0.015256	0	0
115.582	0.0153263	0	0
115.615	0.0153268	0	0
115.648	0.0147222	0	0
115.682	0.0137163	0	0
115.715	0.0135038	0	0
115.748	0.0132249	0	0
115.782	0.0124829	0	0
115.815	0.0128615	0	0
115.849	0.013207	0	0
115.882	0.0128142	0	0
115.915	0.0129122	0	0
115.949	0.0125344	0	0
115.982	0.0124364	0	0
116.015	0.0123389	0	0
116.049	0.0124938	0	0
116.082	0.01254	0	0
116.116	0.0131859	0	0
116.149	0.012602	0	0
116.182	0.0129585	0	0
116.216	0.013263	0	0
116.249	0.0130819	0	0
116.282	0.0131333	0	0
116.316	0.0140094	0	0
116.349	0.0138422	0	0
116.382	0.013926	0	0
116.416	0.0142916	0	0
116.449	0.0139573	0	0
116.483	0.013663	0	0
116.516	0.0139097	0	0
116.549	0.0138062	0	0
116.583	0.0139182	0	0
116.616	0.0178576	0	0
116.649	0.0242163	0	0
116.683	0.0312903	0	0
116.716	0.0377956	0	0
116.749	0.0425722	0	0
116.783	0.0438019	0	0
116.816	0.0404383	1	0
116.85	0.0354457	1	0
116.883	0.0310174	1	0
116.916	0.026858	0	0
116.95	0.0221861	0	0
116.983	0.0193311	0	0
117.016	0.017123	0	0
117.05	0.0146779	0	0
117.083	0.0136141	0	0
117.117	0.013312	0	0
117.15	0.0128918	0	0
117.183	0.0129851	0	0
117.217	0.0135593	0	0
117.25	0.0140866	0	0
117.283	0.0143096	0	0
117.317	0.0144548	0	0
117.35	0.014052	0	0
117.383	0.0140483	0	0
117.417	0.0140629	0	0
117.45	0.0141963	0	0
117.484	0.0140168	0	0
117.517	0.0145378	0	0
117.55	0.01474	0	0
117.584	0.0147126	0	0
117.617	0.0150059	0	0
117.65	0.0152936	0	0
117.684	0.0155038	0	0
117.717	0.0157205	0	0
117.75	0.0155856	0	0
117.784	0.0151797	0	0
117.817	0.0172524	0	0
117.851	0.0195278	0	0
117.884	0.0212878	0	0
117.917	0.0223988	0	0
117.951	0.0235209	0	0
117.984	0.0219598	0	0
118.017	0.01971	0	0
118.051	0.0175299	0	0
118.084	0.0160408	0	0
118.118	0.0144585	0	0
118.151	0.0138387	0	0
118.184	0.0136761	0	0
118.218	0.0135217	0	0
118.251	0.0135539	0	0
118.284	0.0137993	0	0
118.318	0.0140858	0	0
118.351	0.0139475	0	0
118.384	0.0140361	0	0
118.418	0.0142554	0	0
118.451	0.0142449	0	0
118.485	0.0141876	0	0
118.518	0.0142601	0	0
118.551	0.0140425	0	0
118.585	0.0141635	0	0
118.618	0.0143845	0	0
118.651	0.0144076	0	0
118.685	0.0139522	0	0
118.718	0.014183	0	0
118.751	0.0141476	0	0
118.785	0.0141941	0	0
118.818	0.0144966	0	0
118.852	0.0149115	0	0
118.885	0.0149153	0	0
118.918	0.0148523	0	0
118.952	0.0153967	0	0
118.985	0.0152934	0	0
119.018	0.0154278	0	0
119.052	0.0151546	0	0
119.085	0.0156059	0	0
119.119	0.0149411	0	0
119.152	0.0151101	0	0
119.185	0.0153607	0	0
119.219	0.0158127	0	0
119.252	0.0155387	0	0
119.285	0.0158362	0	0
119.319	0.0158503	0	0
119.352	0.015673	0	0
119.385	0.0160492	0	0
119.419	0.0164446	0	0
119.452	0.0166323	0	0
119.486	0.0166001	0	0
119.519	0.0168911	0	0
119.552	0.0180397	0	0
119.586	0.018869	0	0
119.619	0.0197142	0	0
119.652	0.0206611	0	0
119.686	0.0210799	0	0
119.719	0.0205909	0	0
119.752	0.0203845	0	0
119.786	0.0202611	0	0
119.819	0.020155	0	0
119.853	0.0205849	0	0
119.886	0.020542	0	0
119.919	0.0207348	0	0
119.953	0.0205722	0	0
119.986	0.0209292	0	0
120.019	0.0209771	0	0
120.053	0.0211941	0	0
120.086	0.0213019	0	0
120.12	0.0216446	0	0
120.153	0.0219028	0	0
120.186	0.0218143	0	0
120.22	0.021877	0	0
120.253	0.0219164	0	0
120.286	0.0212626	0	0
120.32	0.0208187	0	0
120.353	0.0207936	0	0
120.386	0.0209081	0	0
120.42	0.02087	0	0
120.453	0.0212072	0	0
120.487	0.0208061	0	0
120.52	0.0209398	0	0
120.553	0.0204501	0	0
120.587	0.0205899	0	0
120.62	0.0206728	0	0
120.653	0.0211385	0	0
120.687	0.0212818	0	0
120.72	0.0216177	0	0
120.753	0.0214446	0	0
120.787	0.0221917	0	0
120.82	0.0221643	0	0
120.854	0.0218802	0	0
120.887	0.0218247	0	0
120.92	0.0220352	0	0
120.954	0.0212642	0	0
120.987	0.0214771	0	0
121.02	0.0217637	0	0
121.054	0.0218429	0	0
121.087	0.0216872	0	0
121.121	0.0216822	0	0
121.154	0.0217822	0	0
121.187	0.021195	0	0
121.221	0.0212068	0	0
121.254	0.0212938	0	0
121.287	0.021715	0	0
121.321	0.0216864	0	0
121.354	0.0223968	0	0
121.387	0.0227964	0	0
121.421	0.0233319	0	0
121.454	0.0230409	0	0
121.488	0.0231295	0	0
121.521	0.0232584	0	0
121.554	0.0227738	0	0
121.588	0.0226028	0	0
121.621	0.0231478	0	0
121.654	0.0227958	0	0
121.688	0.022094	0	0
121.721	0.022264	0	0
121.754	0.021506	0	0
121.788	0.0212385	0	0
121.821	0.0213553	0	0
121.855	0.0216262	0	0
121.888	0.021048	0	0
121.921	0.0211514	0	0
121.955	0.0198926	0	0
121.988	0.0262434	0	0
122.021	0.0330431	0	0
122.055	0.0408996	0	0
122.088	0.0496185	0	0
122.122	0.0580428	0	0
122.155	0.0576084	1	0
122.188	0.0552276	1	0
122.222	0.0515265	1	0
122.255	0.0435197	1	0
122.288	0.0364641	1	0
122.322	0.0301028	1	0
122.355	0.0255041	0	0
122.388	0.0215021	0	0
122.422	0.0208481	0	0
122.455	0.020189	0	0
122.489	0.0198633	0	0
122.522	0.020358	0	0
122.555	0.0205696	0	0
122.589	0.0205696	0	0
122.622	0.0205696	0	0