time	rmse	false positive	false negative
4.971	0.0614777	0	0
5.005	0.0614777	0	0
5.038	0.0614777	0	0
5.071	0.0582959	0	0
5.105	0.0546866	0	0
5.138	0.0541158	0	0
5.171	0.054363	0	0
5.205	0.0551268	0	0
5.238	0.0552886	0	0
5.271	0.0555528	0	0
5.305	0.061804	0	0
5.338	0.0623094	0	0
5.372	0.0566344	0	0
5.405	0.0562439	0	0
5.438	0.0558483	0	0
5.472	0.0493582	0	0
5.505	0.0492184	0	0
5.538	0.0501081	0	0
5.572	0.0509394	0	0
5.605	0.0491909	0	0
5.638	0.0454009	0	0
5.672	0.0390125	0	0
5.705	0.0307903	0	0
5.739	0.0220677	0	0
5.772	0.0159683	0	0
5.805	0.011888	0	0
5.839	0.00908119	0	0
5.872	0.00815476	0	0
5.905	0.00754559	0	0
5.939	0.00677287	0	0
5.972	0.00635093	0	0
6.006	0.00641758	0	0
6.039	0.00647853	0	0
6.072	0.00662544	0	0
6.106	0.00738119	0	0
6.139	0.00794842	0	0
6.172	0.00822153	0	0
6.206	0.00810666	0	0
6.239	0.00811608	0	0
6.272	0.00791786	0	0
6.306	0.00774869	0	0
6.339	0.00810679	0	0
6.373	0.00832076	0	0
6.406	0.0110359	0	0
6.439	0.012312	0	0
6.473	0.01348	0	0
6.506	0.0144625	0	0
6.539	0.0146117	0	0
6.573	0.0130758	0	0
6.606	0.0124239	0	0
6.639	0.0118415	0	0
6.673	0.012057	0	0
6.706	0.0130455	0	0
6.74	0.0111861	0	0
6.773	0.0100092	0	0
6.806	0.00879655	0	0
6.84	0.00672394	0	0
6.873	0.00675328	0	0
6.906	0.00664328	0	0
6.94	0.00765027	0	0
6.973	0.00769272	0	0
7.007	0.008042	0	0
7.04	0.00597457	0	0
7.073	0.00606587	0	0
7.107	0.00486734	0	0
7.14	0.00476072	0	0
7.173	0.00453285	0	0
7.207	0.00435891	0	0
7.24	0.00448517	0	0
7.273	0.0045714	0	0
7.307	0.00471501	0	0
7.34	0.00462751	0	0
7.374	0.00481347	0	0
7.407	0.00446774	0	0
7.44	0.0043695	0	0
7.474	0.00651758	0	0
7.507	0.00646833	0	0
7.54	0.00639122	0	0
7.574	0.00644351	0	0
7.607	0.00766591	0	0
7.64	0.00860291	0	0
7.674	0.0147963	0	1
7.707	0.0223219	0	1
7.741	0.032126	0	1
7.774	0.0414177	0	1
7.807	0.0488322	0	0
7.841	0.0523198	0	0
7.874	0.054991	0	0
7.907	0.0553317	0	0
7.941	0.0546192	0	0
7.974	0.0529972	0	0
8.008	0.053918	0	0
8.041	0.0523697	0	0
8.074	0.0516691	0	0
8.108	0.0511927	0	0
8.141	0.0525596	0	0
8.174	0.0523875	0	0
8.208	0.0537625	0	0
8.241	0.0547347	0	0
8.274	0.056223	0	0
8.308	0.0552702	0	0
8.341	0.0531441	0	0
8.375	0.0526992	0	0
8.408	0.0507135	0	0
8.441	0.0464556	0	0
8.475	0.0425896	0	0
8.508	0.0383045	0	0
8.541	0.0315454	0	0
8.575	0.0272005	0	0
8.608	0.0228389	0	0
8.641	0.0191103	0	0
8.675	0.0178569	0	0
8.708	0.0175454	0	0
8.742	0.0158143	0	0
8.775	0.0159311	0	0
8.808	0.0159959	0	0
8.842	0.0178996	0	0
8.875	0.0171896	0	0
8.908	0.0166538	0	0
8.942	0.0161767	0	0
8.975	0.0159408	0	0
9.009	0.0130562	0	0
9.042	0.0128959	0	0
9.075	0.012808	0	0
9.109	0.0126303	0	0
9.142	0.0122852	0	0
9.175	0.0116741	0	0
9.209	0.0111291	0	0
9.242	0.0104307	0	0
9.275	0.00973664	0	0
9.309	0.00929401	0	0
9.342	0.00892113	0	0
9.376	0.00859387	0	0
9.409	0.00832675	0	0
9.442	0.00818219	0	0
9.476	0.00947848	0	0
9.509	0.00918508	0	0
9.542	0.00885754	0	0
9.576	0.00937676	0	0
9.609	0.00985945	0	0
9.642	0.00814247	0	0
9.676	0.00821608	0	0
9.709	0.00810266	0	0
9.743	0.00724818	0	0
9.776	0.00639922	0	0
9.809	0.00638174	0	0
9.843	0.00616614	0	0
9.876	0.00621768	0	0
9.909	0.00738272	0	0
9.943	0.0111529	0	0
9.976	0.0189829	0	0
10.01	0.0287924	0	1
10.043	0.0383337	0	1
10.076	0.0472321	0	1
10.11	0.0538933	0	0
10.143	0.0561512	0	0
10.176	0.0555873	0	0
10.21	0.0549071	0	0
10.243	0.0539699	0	0
10.276	0.0533036	0	0
10.31	0.0524007	0	0
10.343	0.0531303	0	0
10.377	0.0522945	0	0
10.41	0.0515279	0	0
10.443	0.0500566	0	0
10.477	0.0518051	0	0
10.51	0.0529153	0	0
10.543	0.0530914	0	0
10.577	0.0533824	0	0
10.61	0.0533114	0	0
10.643	0.0512448	0	0
10.677	0.0483793	0	0
10.71	0.0489593	0	0
10.744	0.0482135	0	0
10.777	0.0491715	0	0
10.81	0.0486997	0	0
10.844	0.0491634	0	0
10.877	0.0495745	0	0
10.91	0.0498794	0	0
10.944	0.0478918	0	1
10.977	0.046656	0	1
11.011	0.0436534	0	0
11.044	0.0394667	0	0
11.077	0.0347762	0	0
11.111	0.0305478	0	0
11.144	0.0256537	0	0
11.177	0.0221503	0	0
11.211	0.018871	0	0
11.244	0.016733	0	0
11.277	0.0149014	0	0
11.311	0.0134794	0	0
11.344	0.0121731	0	0
11.378	0.0109366	0	0
11.411	0.0102088	0	0
11.444	0.00946932	0	0
11.478	0.0089308	0	0
11.511	0.00839419	0	0
11.544	0.00808352	0	0
11.578	0.00746974	0	0
11.611	0.00698662	0	0
11.644	0.00651661	0	0
11.678	0.00602069	0	0
11.711	0.00545456	0	0
11.745	0.00542661	0	0
11.778	0.00520925	0	0
11.811	0.00528137	0	0
11.845	0.00524443	0	0
11.878	0.00537753	0	0
11.911	0.00517087	0	0
11.945	0.00538927	0	0
11.978	0.00537924	0	0
12.012	0.00546494	0	0
12.045	0.0055346	0	0
12.078	0.00565537	0	0
12.112	0.00543056	0	0
12.145	0.00526471	0	0
12.178	0.00519534	0	0
12.212	0.00504358	0	0
12.245	0.0049631	0	0
12.278	0.0074335	0	0
12.312	0.00748273	0	0
12.345	0.00757887	0	0
12.379	0.00951097	0	0
12.412	0.0149462	0	0
12.445	0.0230796	0	1
12.479	0.0336895	0	1
12.512	0.0440126	0	1
12.545	0.0550026	0	0
12.579	0.0597663	0	0
12.612	0.0589195	0	0
12.645	0.0603024	0	0
12.679	0.0597421	0	0
12.712	0.0562069	0	0
12.746	0.0551228	0	0
12.779	0.0546139	0	0
12.812	0.0518339	0	0
12.846	0.051086	0	0
12.879	0.0510614	0	0
12.912	0.0512386	0	0
12.946	0.0515618	0	0
12.979	0.0518856	0	0
13.013	0.0522054	0	0
13.046	0.0523774	0	0
13.079	0.0526	0	0
13.113	0.0528185	0	0
13.146	0.0528285	0	0
13.179	0.0531924	0	0
13.213	0.0536651	0	0
13.246	0.0542869	0	0
13.279	0.0552542	0	0
13.313	0.0565982	1	0
13.346	0.0575377	1	0
13.38	0.0585179	1	0
13.413	0.0591973	1	0
13.446	0.0593871	1	0
13.48	0.0594227	1	0
13.513	0.05961	1	0
13.546	0.0593878	1	0
13.58	0.0590893	1	0
13.613	0.058939	1	0
13.646	0.0577037	1	0
13.68	0.0560762	1	0
13.713	0.0548885	1	0
13.747	0.0535272	1	0
13.78	0.0519862	1	0
13.813	0.0515237	1	0
13.847	0.0513425	1	0
13.88	0.0510243	1	0
13.913	0.0512427	1	0
13.947	0.051167	1	0
13.98	0.0512694	1	0
14.014	0.0515582	1	0
14.047	0.0515974	1	0
14.08	0.0521065	1	0
14.114	0.0536097	1	0
14.147	0.0547493	1	0
14.18	0.0558129	1	0
14.214	0.0571234	1	0
14.247	0.0577544	1	0
14.28	0.0577507	1	0
14.314	0.0577429	1	0
14.347	0.0575906	1	0
14.381	0.0575139	1	0
14.414	0.0571737	1	0
14.447	0.056947	1	0
14.481	0.0570243	1	0
14.514	0.0573647	1	0
14.547	0.0572894	1	0
14.581	0.0574778	1	0
14.614	0.0575902	1	0
14.647	0.0574427	1	0
14.681	0.0572559	1	0
14.714	0.0573341	1	0
14.748	0.0573359	1	0
14.781	0.0573359	1	0
14.814	0.0572591	1	0
14.848	0.0571501	1	0
14.881	0.0570752	1	0
14.914	0.0571515	1	0
14.948	0.057004	1	0
14.981	0.0570499	1	0
15.015	0.0573056	1	0
15.048	0.0571184	1	0
15.081	0.0568174	1	0
15.115	0.0571166	1	0
15.148	0.0573671	1	0
15.181	0.0574025	1	0
15.215	0.0574755	1	0
15.248	0.0579226	1	0
15.281	0.0578499	1	0
15.315	0.0578921	1	0
15.348	0.0578567	1	0
15.382	0.0581518	1	0
15.415	0.0581115	1	0
15.448	0.0582589	1	0
15.482	0.0584112	1	0
15.515	0.0587912	1	0
15.548	0.0586814	1	0
15.582	0.0588019	1	0
15.615	0.0587298	1	0
15.648	0.0585792	1	0
15.682	0.0583483	1	0
15.715	0.0586531	1	0
15.749	0.0585003	1	0
15.782	0.0586908	1	0
15.815	0.0586902	1	0
15.849	0.0584655	1	0
15.882	0.0582382	1	0
15.915	0.0582734	1	0
15.949	0.0580448	1	0
15.982	0.0575501	1	0
16.016	0.0568764	0	0
16.049	0.0557616	0	0
16.082	0.0546825	0	0
16.116	0.0530558	0	0
16.149	0.0518472	0	0
16.182	0.0510081	0	0
16.216	0.05075	0	0
16.249	0.05031	0	0
16.282	0.0504164	0	0
16.316	0.0504906	0	0
16.349	0.0503822	0	0
16.383	0.0505275	0	0
16.416	0.0510023	0	0
16.449	0.0515147	0	0
16.483	0.052543	0	0
16.516	0.0541995	1	0
16.549	0.0555363	1	0
16.583	0.0566565	1	0
16.616	0.0577768	1	0
16.649	0.0582246	1	0
16.683	0.0583378	1	0
16.716	0.058224	1	0
16.75	0.0580732	1	0
16.783	0.0579957	1	0
16.816	0.0582602	1	0
16.85	0.0582623	1	0
16.883	0.0585341	1	0
16.916	0.0586846	1	0
16.95	0.0587985	1	0
16.983	0.0587664	1	0
17.017	0.0586529	1	0
17.05	0.0584228	1	0
17.083	0.0585758	1	0
17.117	0.0585822	1	0
17.15	0.0583878	1	0
17.183	0.0585422	1	0
17.217	0.0585836	1	0
17.25	0.0584353	1	0
17.283	0.0586623	1	0
17.317	0.0587411	1	0
17.35	0.0587355	1	0
17.384	0.0590015	1	0
17.417	0.0590415	1	0
17.45	0.0587653	1	0
17.484	0.059106	1	0
17.517	0.0593002	1	0
17.55	0.0589564	1	0
17.584	0.0588767	1	0
17.617	0.0585868	1	0
17.65	0.0583165	1	0
17.684	0.0582034	1	0
17.717	0.0585394	1	0
17.751	0.0588791	1	0
17.784	0.0592534	1	0
17.817	0.0591389	1	0
17.851	0.0587594	1	0
17.884	0.0585705	1	0
17.917	0.0580802	1	0
17.951	0.0576207	1	0
17.984	0.0575171	1	0
18.018	0.0577471	1	0
18.051	0.057641	1	0
18.084	0.0580258	1	0
18.118	0.0582956	1	0
18.151	0.0582523	1	0
18.184	0.0581388	1	0
18.218	0.0578423	1	0
18.251	0.0571997	1	0
18.284	0.0567878	1	0
18.318	0.0565664	1	0
18.351	0.0561165	1	0
18.385	0.056073	1	0
18.418	0.0562571	1	0
18.451	0.0562525	1	0
18.485	0.0564736	1	0
18.518	0.0568109	1	0
18.551	0.0569933	1	0
18.585	0.0570691	1	0
18.618	0.0575239	1	0
18.651	0.0575294	1	0
18.685	0.0575599	1	0
18.718	0.0579001	1	0
18.752	0.0581211	1	0
18.785	0.0580807	1	0
18.818	0.0578872	1	0
18.852	0.0575505	1	0
18.885	0.0569863	1	0
18.918	0.0564957	1	0
18.952	0.0560816	1	0
18.985	0.0559718	1	0
19.019	0.0565011	1	0
19.052	0.0566192	1	0
19.085	0.0566245	1	0
19.119	0.0566246	1	0
19.152	0.0569956	1	0
19.185	0.0563953	1	0
19.219	0.0566872	1	0
19.252	0.0569818	1	0
19.285	0.0570648	1	0
19.319	0.0571805	1	0
19.352	0.057402	1	0
19.386	0.0568831	1	0
19.419	0.0570791	1	0
19.452	0.0573755	1	0
19.486	0.0575687	1	0
19.519	0.0579459	0	0
19.552	0.0577674	0	0
19.586	0.0566877	0	0
19.619	0.0556821	0	0
19.652	0.0541913	0	0
19.686	0.0527776	0	0
19.719	0.0519709	0	0
19.753	0.0514574	0	0
19.786	0.051164	0	0
19.819	0.0509421	0	0
19.853	0.0510565	0	0
19.886	0.0510493	0	0
19.919	0.0510859	0	0
19.953	0.0510847	0	0
19.986	0.0507579	0	0
20.02	0.0505718	0	0
20.053	0.0503462	0	0
20.086	0.0502665	0	0
20.12	0.0497936	0	0
20.153	0.0500797	0	0
20.186	0.0499453	0	0
20.22	0.0502334	0	0
20.253	0.0503468	0	0
20.286	0.0509988	0	0
20.32	0.0516952	0	0
20.353	0.0532411	0	0
20.387	0.0550003	0	0
20.42	0.0565225	1	0
20.453	0.0578311	1	0
20.487	0.0588879	1	0
20.52	0.0592305	1	0
20.553	0.0590416	1	0
20.587	0.0591182	1	0
20.62	0.0592731	1	0
20.653	0.0586336	1	0
20.687	0.0579965	1	0
20.72	0.0577316	1	0
20.754	0.057542	1	0
20.787	0.0570543	1	0
20.82	0.057166	1	0
20.854	0.0573151	1	0
20.887	0.0572773	1	0
20.92	0.0569758	1	0
20.954	0.0567061	1	0
20.987	0.056701	1	0
21.021	0.0565075	1	0
21.054	0.0563893	1	0
21.087	0.0563163	1	0
21.121	0.0563218	1	0
21.154	0.056325	1	0
21.187	0.0565893	1	0
21.221	0.0566648	1	0
21.254	0.0567786	1	0
21.287	0.0570734	1	0
21.321	0.0571427	1	0
21.354	0.0570734	1	0
21.388	0.0572271	1	0
21.421	0.0575597	1	0
21.454	0.0574483	1	0
21.488	0.05787	1	0
21.521	0.0583547	1	0
21.554	0.0583185	1	0
21.588	0.0584701	1	0
21.621	0.0585843	1	0
21.654	0.0584267	1	0
21.688	0.0581288	1	0
21.721	0.0581302	1	0
21.755	0.0579809	1	0
21.788	0.0581387	1	0
21.821	0.0581192	1	0
21.855	0.0578956	1	0
21.888	0.0578622	1	0
21.921	0.0577515	1	0
21.955	0.0575529	1	0
21.988	0.0572038	1	0
22.022	0.0572752	1	0
22.055	0.0570434	1	0
22.088	0.0567409	1	0
22.122	0.0566268	1	0
22.155	0.0565843	1	0
22.188	0.0564687	1	0
22.222	0.0566858	1	0
22.255	0.0570554	1	0
22.288	0.0575849	1	0
22.322	0.0577766	1	0
22.355	0.0575895	1	0
22.389	0.0575249	1	0
22.422	0.0570753	1	0
22.455	0.0564701	1	0
22.489	0.0565054	1	0
22.522	0.0566942	1	0
22.555	0.0563181	1	0
22.589	0.0565096	1	0
22.622	0.0564398	1	0
22.655	0.0560328	1	0
22.689	0.0556994	1	0
22.722	0.0557385	1	0
22.756	0.0555551	1	0
22.789	0.0556311	1	0
22.822	0.0555549	1	0
22.856	0.0554798	1	0
22.889	0.0555943	1	0
22.922	0.0555257	1	0
22.956	0.0555337	1	0
22.989	0.0558653	1	0
23.023	0.0560856	1	0
23.056	0.0560787	1	0
23.089	0.0561075	1	0
23.123	0.056058	1	0
23.156	0.056241	1	0
23.189	0.0566509	1	0
23.223	0.0568005	1	0
23.256	0.056507	0	0
23.289	0.0560393	0	0
23.323	0.0550856	0	0
23.356	0.0535237	0	0
23.39	0.0521108	0	0
23.423	0.0511347	0	0
23.456	0.050302	0	0
23.49	0.0497265	0	0
23.523	0.0496736	0	0
23.556	0.0495897	0	0
23.59	0.0494549	0	0
23.623	0.0492428	0	0
23.656	0.0489612	0	0
23.69	0.0487905	0	0
23.723	0.0487939	0	0
23.757	0.0488215	0	0
23.79	0.0490542	0	0
23.823	0.0493505	0	0
23.857	0.0497221	0	0
23.89	0.0499934	0	0
23.923	0.0502294	0	0
23.957	0.0503675	0	0
23.99	0.0501879	0	0
24.024	0.0498371	0	0
24.057	0.0495269	0	0
24.09	0.0493975	0	0
24.124	0.0491334	0	0
24.157	0.0490087	0	0
24.19	0.049044	0	0
24.224	0.0491889	0	0
24.257	0.0489324	0	0
24.29	0.049208	0	0
24.324	0.0502862	0	0
24.357	0.0513415	0	0
24.391	0.0522089	1	0
24.424	0.0533966	1	0
24.457	0.0541547	1	0
24.491	0.05468	1	0
24.524	0.0549795	1	0
24.557	0.055132	1	0
24.591	0.0550673	1	0
24.624	0.0549988	1	0
24.657	0.0548079	1	0
24.691	0.0548498	1	0
24.724	0.0554484	1	0
24.758	0.0560357	1	0
24.791	0.0564407	1	0
24.824	0.0568155	1	0
24.858	0.0567378	1	0
24.891	0.0562157	1	0
24.924	0.0559205	1	0
24.958	0.05599	1	0
24.991	0.0549569	1	0
25.025	0.0549215	1	0
25.058	0.0549151	1	0
25.091	0.0544038	1	0
25.125	0.0545253	1	0
25.158	0.055042	1	0
25.191	0.0550391	1	0
25.225	0.0551526	1	0
25.258	0.0554746	1	0
25.291	0.0552101	1	0
25.325	0.0553856	1	0
25.358	0.0550204	1	0
25.392	0.0550171	1	0
25.425	0.0553925	1	0
25.458	0.0547277	1	0
25.492	0.0552937	1	0
25.525	0.056	1	0
25.558	0.0560405	1	0
25.592	0.0561517	1	0
25.625	0.0571121	1	0
25.658	0.0565083	1	0
25.692	0.0563936	1	0
25.725	0.0568389	1	0
25.759	0.0571755	1	0
25.792	0.057443	1	0
25.825	0.0580084	1	0
25.859	0.0582332	1	0
25.892	0.0581971	1	0
25.925	0.0581945	1	0
25.959	0.0582276	1	0
25.992	0.0581873	1	0
26.026	0.0581467	1	0
26.059	0.0580719	1	0
26.092	0.0579239	1	0
26.126	0.0576611	1	0
26.159	0.0571452	1	0
26.192	0.0568498	1	0
26.226	0.056811	1	0
26.259	0.0565438	1	0
26.292	0.0565781	1	0
26.326	0.0570196	1	0
26.359	0.0572413	1	0
26.393	0.0572102	1	0
26.426	0.0575141	1	0
26.459	0.0571519	1	0
26.493	0.0568172	1	0
26.526	0.0566325	1	0
26.559	0.0558912	1	0
26.593	0.0550753	1	0
26.626	0.0548099	1	0
26.659	0.054259	1	0
26.693	0.0537816	1	0
26.726	0.0539624	1	0
26.76	0.0539581	1	0
26.793	0.0541423	1	0
26.826	0.054325	1	0
26.86	0.0543181	1	0
26.893	0.054468	1	0
26.926	0.0548467	1	0
26.96	0.0549594	1	0
26.993	0.0550312	1	0
27.027	0.0554754	1	0
27.06	0.055474	1	0
27.093	0.0556145	1	0
27.127	0.0558364	1	0
27.16	0.0560559	1	0
27.193	0.0559848	1	0
27.227	0.0562483	1	0
27.26	0.0559541	1	0
27.293	0.0556572	1	0
27.327	0.0554365	1	0
27.36	0.0551431	1	0
27.394	0.0549918	1	0
27.427	0.0552926	1	0
27.46	0.0552536	1	0
27.494	0.0555903	1	0
27.527	0.0559558	1	0
27.56	0.0555146	1	0
27.594	0.0553278	1	0
27.627	0.0553662	1	0
27.66	0.0550281	1	0
27.694	0.0546959	1	0
27.727	0.0549909	1	0
27.761	0.0548007	1	0
27.794	0.0548012	1	0
27.827	0.0550247	1	0
27.861	0.0542836	0	0
27.894	0.0533315	0	0
27.927	0.0523207	0	0
27.961	0.0510153	0	0
27.994	0.049873	0	0
28.028	0.049619	0	0
28.061	0.0491667	0	0
28.094	0.048852	0	0
28.128	0.0484793	0	0
28.161	0.0481926	0	0
28.194	0.0478282	0	1
28.228	0.0478761	0	1
28.261	0.0477011	0	1
28.294	0.0479142	0	1
28.328	0.0479529	0	1
28.361	0.0481045	0	0
28.395	0.0484639	0	0
28.428	0.0489376	0	0
28.461	0.0490129	0	0
28.495	0.0491896	0	0
28.528	0.0494725	0	0
28.561	0.0492863	0	0
28.595	0.0492248	0	0
28.628	0.0494764	0	0
28.661	0.0493333	0	0
28.695	0.0491137	0	0
28.728	0.0491626	0	0
28.762	0.0493035	0	0
28.795	0.049585	0	0
28.828	0.0504243	0	0
28.862	0.0517115	0	0
28.895	0.0533214	0	0
28.928	0.0549376	0	0
28.962	0.056392	0	0
28.995	0.0571294	1	0
29.029	0.0570928	1	0
29.062	0.0564276	1	0
29.095	0.0559454	1	0
29.129	0.0552315	1	0
29.162	0.0547164	1	0
29.195	0.0544243	1	0
29.229	0.0546454	1	0
29.262	0.0546456	1	0
29.295	0.0548753	1	0
29.329	0.0550212	1	0
29.362	0.055236	1	0
29.396	0.0554183	1	0
29.429	0.0553772	1	0
29.462	0.0554834	1	0
29.496	0.0560779	1	0
29.529	0.056456	1	0
29.562	0.0563105	1	0
29.596	0.0566534	1	0
29.629	0.0569607	1	0
29.662	0.0567451	1	0
29.696	0.0571658	1	0
29.729	0.0577303	1	0
29.763	0.0578385	1	0
29.796	0.0577575	1	0
29.829	0.0576765	1	0
29.863	0.057143	1	0
29.896	0.0569134	1	0
29.929	0.0565787	1	0
29.963	0.0562432	1	0
29.996	0.0550595	1	0
30.03	0.0540385	1	0
30.063	0.0528426	1	0
30.096	0.0517729	1	0
30.13	0.0508167	1	0
30.163	0.0506834	1	0
30.196	0.050335	1	0
30.23	0.0501765	1	0
30.263	0.0499737	1	0
30.296	0.0499188	1	0
30.33	0.0499763	1	0
30.363	0.0500334	1	0
30.397	0.0502956	1	0
30.43	0.0504478	1	0
30.463	0.0509062	1	0
30.497	0.052127	1	0
30.53	0.0531864	1	0
30.563	0.054022	1	0
30.597	0.0551789	1	0
30.63	0.0556251	1	0
30.663	0.0554007	1	0
30.697	0.0555022	1	0
30.73	0.0553896	1	0
30.764	0.0549142	1	0
30.797	0.0549763	1	0
30.83	0.0551228	1	0
30.864	0.0551246	1	0
30.897	0.0551228	0	0
30.93	0.055333	0	0
30.964	0.0552244	0	0
30.997	0.0548193	0	0
31.031	0.0545211	1	0
31.064	0.0542619	1	0
31.097	0.0542664	1	0
31.131	0.0541562	1	0
31.164	0.054128	1	0
31.197	0.0540941	1	0
31.231	0.0539891	1	0
31.264	0.0536976	1	0
31.297	0.0535222	1	0
31.331	0.0534842	1	0
31.364	0.0534864	1	0
31.398	0.053555	1	0
31.431	0.0536992	1	0
31.464	0.0536938	1	0
31.498	0.0540972	1	0
31.531	0.0542796	1	0
31.564	0.0544996	1	0
31.598	0.0546908	1	0
31.631	0.0550201	1	0
31.664	0.0538447	1	0
31.698	0.0538803	1	0
31.731	0.0539262	1	0
31.765	0.0539179	1	0
31.798	0.0538828	1	0
31.831	0.0549815	1	0
31.865	0.0549438	1	0
31.898	0.0548584	1	0
31.931	0.0548604	1	0
31.965	0.0547523	1	0
31.998	0.0546767	1	0
32.032	0.0547859	1	0
32.065	0.0538443	1	0
32.098	0.0537308	1	0
32.132	0.0537246	1	0
32.165	0.0536121	1	0
32.198	0.053614	1	0
32.232	0.0543738	1	0
32.265	0.0541573	1	0
32.298	0.0540147	1	0
32.332	0.0539827	1	0
32.365	0.0540217	1	0
32.399	0.0544271	1	0
32.432	0.0549046	1	0
32.465	0.0552703	1	0
32.499	0.0559034	1	0
32.532	0.056163	1	0
32.565	0.0560133	1	0
32.599	0.0558986	1	0
32.632	0.0558263	1	0
32.665	0.0554122	1	0
32.699	0.0552254	1	0
32.732	0.0554505	1	0
32.766	0.0556401	1	0
32.799	0.0557102	1	0
32.832	0.0559334	1	0
32.866	0.055747	1	0
32.899	0.0554847	1	0
32.932	0.0552214	1	0
32.966	0.0550375	1	0
32.999	0.0549583	1	0
33.033	0.0550371	1	0
33.066	0.0539801	1	0
33.099	0.0540558	1	0
33.133	0.0544257	1	0
33.166	0.0543197	1	0
33.199	0.0542777	1	0
33.233	0.0556314	1	0
33.266	0.0556686	1	0
33.299	0.0554907	1	0
33.333	0.0553804	1	0
33.366	0.0550252	1	0
33.4	0.054812	1	0
33.433	0.0546709	1	0
33.466	0.0545581	1	0
33.5	0.0548208	1	0
33.533	0.0555178	1	0
33.566	0.0554011	1	0
33.6	0.0555038	1	0
33.633	0.0556156	1	0
33.666	0.055391	1	0
33.7	0.0552024	1	0
33.733	0.05554	1	0
33.767	0.0554697	1	0
33.8	0.055431	1	0
33.833	0.0553547	1	0
33.867	0.0552757	1	0
33.9	0.0551182	1	0
33.933	0.0554122	1	0
33.967	0.0553052	1	0
34	0.0553867	1	0
34.034	0.0553135	1	0
34.067	0.0552798	1	0
34.1	0.0551362	1	0
34.134	0.055279	1	0
34.167	0.0556471	1	0
34.2	0.055987	1	0
34.234	0.0562854	1	0
34.267	0.0563607	1	0
34.3	0.0565498	1	0
34.334	0.0566973	1	0
34.367	0.0566283	1	0
34.401	0.0568579	1	0
34.434	0.0573798	1	0
34.467	0.0574567	1	0
34.501	0.0571605	1	0
34.534	0.0570821	1	0
34.567	0.056598	1	0
34.601	0.0560759	1	0
34.634	0.0559229	1	0
34.667	0.0558135	1	0
34.701	0.0559258	1	0
34.734	0.0559989	1	0
34.768	0.056217	1	0
34.801	0.0560304	1	0
34.834	0.0560295	1	0
34.868	0.0559137	1	0
34.901	0.0559806	1	0
34.934	0.0556829	1	0
34.968	0.0556128	1	0
35.001	0.0553531	1	0
35.035	0.0550618	1	0
35.068	0.0545881	1	0
35.101	0.054446	1	0
35.135	0.0543756	1	0
35.168	0.0542	1	0
35.201	0.0540476	1	0
35.235	0.0540462	1	0
35.268	0.05408	1	0
35.301	0.0534183	1	0
35.335	0.0538862	1	0
35.368	0.053995	1	0
35.402	0.0540272	1	0
35.435	0.0540983	1	0
35.468	0.0547147	1	0
35.502	0.0549016	1	0
35.535	0.055271	1	0
35.568	0.0551994	1	0
35.602	0.05432	1	0
35.635	0.0537408	1	0
35.668	0.0526332	1	0
35.702	0.0517108	1	0
35.735	0.0522659	1	0
35.769	0.053369	1	0
35.802	0.0543572	1	0
35.835	0.0553879	1	0
35.869	0.0562718	1	0
35.902	0.0561195	1	0
35.935	0.0562678	1	0
35.969	0.0562297	1	0
36.002	0.0564537	1	0
36.036	0.0563777	1	0
36.069	0.0564188	1	0
36.102	0.0555318	1	0
36.136	0.0556089	1	0
36.169	0.0551982	1	0
36.202	0.0551265	1	0
36.236	0.0549023	1	0
36.269	0.055676	1	0
36.302	0.0557044	1	0
36.336	0.0557782	1	0
36.369	0.0559264	1	0
36.403	0.0561483	1	0
36.436	0.0560032	1	0
36.469	0.0560151	1	0
36.503	0.0563161	1	0
36.536	0.0564308	1	0
36.569	0.0563598	1	0
36.603	0.0560608	0	0
36.636	0.055463	0	0
36.669	0.0543604	0	0
36.703	0.0532976	0	0
36.736	0.0522775	0	0
36.77	0.0514052	0	0
36.803	0.0507054	0	0
36.836	0.0504811	0	0
36.87	0.0500631	0	0
36.903	0.0499021	0	0
36.936	0.0500754	0	0
36.97	0.050149	0	0
37.003	0.0499354	0	0
37.037	0.0502021	0	0
37.07	0.0503894	0	0
37.103	0.0504625	0	0
37.137	0.050394	0	0
37.17	0.0507184	0	0
37.203	0.05098	0	0
37.237	0.0514216	0	0
37.27	0.0517198	0	0
37.303	0.0521971	0	0
37.337	0.0526355	0	0
37.37	0.0528559	0	0
37.404	0.0527871	0	0
37.437	0.053122	0	0
37.47	0.0537802	0	0
37.504	0.0548191	0	0
37.537	0.0558479	1	0
37.57	0.0565355	1	0
37.604	0.0570504	1	0
37.637	0.0572026	1	0
37.67	0.0567137	1	0
37.704	0.056872	1	0
37.737	0.057254	1	0
37.771	0.0574412	1	0
37.804	0.0578594	1	0
37.837	0.0583169	1	0
37.871	0.058052	1	0
37.904	0.057644	1	0
37.937	0.0571582	1	0
37.971	0.0565171	1	0
38.004	0.0561036	1	0
38.038	0.0559595	1	0
38.071	0.0559991	1	0
38.104	0.0562281	1	0
38.138	0.0562691	1	0
38.171	0.0561966	1	0
38.204	0.0561499	1	0
38.238	0.0562173	1	0
38.271	0.0562103	1	0
38.304	0.0562452	1	0
38.338	0.0562429	1	0
38.371	0.0561389	1	0
38.405	0.0559542	1	0
38.438	0.0559591	1	0
38.471	0.0559577	1	0
38.505	0.0561433	1	0
38.538	0.0567361	1	0
38.571	0.0569575	1	0
38.605	0.0569534	1	0
38.638	0.057064	1	0
38.671	0.0568026	1	0
38.705	0.0562391	1	0
38.738	0.0560161	1	0
38.772	0.0562373	1	0
38.805	0.056469	1	0
38.838	0.0569522	1	0
38.872	0.0570976	1	0
38.905	0.0575032	1	0
38.938	0.0576143	1	0
38.972	0.0575629	1	0
39.005	0.0569257	0	0
39.039	0.0563717	0	0
39.072	0.0555925	0	0
39.105	0.0549581	0	0
39.139	0.0543313	0	0
39.172	0.0544754	1	0
39.205	0.0550658	1	0
39.239	0.0556989	1	0
39.272	0.0558855	1	0
39.305	0.0561103	1	0
39.339	0.0564888	1	0
39.372	0.056154	1	0
39.406	0.0558923	1	0
39.439	0.0556318	1	0
39.472	0.055996	1	0
39.506	0.0556934	1	0
39.539	0.0551069	0	0
39.572	0.05422	0	0
39.606	0.0534466	0	0
39.639	0.0519344	0	0
39.672	0.0508656	0	0
39.706	0.0505279	0	0
39.739	0.050384	0	0
39.773	0.0502061	0	0
39.806	0.0503985	0	0
39.839	0.0503015	0	0
39.873	0.0502702	0	0
39.906	0.0502316	0	0
39.939	0.0503385	0	0
39.973	0.0502561	0	0
40.006	0.0503892	0	0
40.04	0.0503836	0	0
40.073	0.0505238	0	0
40.106	0.0507006	0	0
40.14	0.0507743	0	0
40.173	0.0508117	0	0
40.206	0.0508505	0	0
40.24	0.0510045	0	0
40.273	0.051006	0	0
40.306	0.0516715	0	0
40.34	0.0528181	0	0
40.373	0.0540351	1	0
40.407	0.055065	1	0
40.44	0.0563666	1	0
40.473	0.0567353	1	0
40.507	0.0571909	1	0
40.54	0.0574585	1	0
40.573	0.0574643	1	0
40.607	0.0572019	1	0
40.64	0.0577703	1	0
40.673	0.0578143	1	0
40.707	0.0578125	1	0
40.74	0.0578944	1	0
40.774	0.0578211	1	0
40.807	0.0576345	1	0
40.84	0.0572924	1	0
40.874	0.0571868	1	0
40.907	0.0571051	1	0
40.94	0.0571805	1	0
40.974	0.0569131	1	0
41.007	0.0567217	1	0
41.041	0.0564941	1	0
41.074	0.056345	1	0
41.107	0.056496	1	0
41.141	0.0569479	1	0
41.174	0.0573267	1	0
41.207	0.0576646	1	0
41.241	0.0581504	1	0
41.274	0.0583	1	0
41.307	0.0582958	1	0
41.341	0.0583707	1	0
41.374	0.0582918	1	0
41.408	0.0576959	1	0
41.441	0.057619	1	0
41.474	0.0570219	1	0
41.508	0.0567187	1	0
41.541	0.0566488	1	0
41.574	0.0568732	1	0
41.608	0.0566527	1	0
41.641	0.056914	1	0
41.674	0.0568761	1	0
41.708	0.0568736	1	0
41.741	0.0571393	1	0
41.775	0.0571368	1	0
41.808	0.0572549	1	0
41.841	0.0571823	1	0
41.875	0.0570729	1	0
41.908	0.0567694	1	0
41.941	0.0567334	1	0
41.975	0.0564651	1	0
42.008	0.056462	1	0
42.042	0.0563855	1	0
42.075	0.0563826	1	0
42.108	0.0561909	1	0
42.142	0.0560051	1	0
42.175	0.0557061	1	0
42.208	0.055333	1	0
42.242	0.0551823	1	0
42.275	0.0549603	1	0
42.308	0.0549571	1	0
42.342	0.0547723	1	0
42.375	0.0544773	1	0
42.409	0.0542162	1	0
42.442	0.054625	1	0
42.475	0.0547394	1	0
42.509	0.0554146	1	0
42.542	0.0563866	1	0
42.575	0.0569125	1	0
42.609	0.0567289	1	0
42.642	0.0569542	1	0
42.675	0.0566887	1	0
42.709	0.0566125	1	0
42.742	0.0568021	1	0
42.776	0.0572893	1	0
42.809	0.0575182	1	0
42.842	0.0578217	1	0
42.876	0.0578182	1	0
42.909	0.057817	1	0
42.942	0.0580413	1	0
42.976	0.0579253	1	0
43.009	0.0576963	1	0
43.043	0.0575435	1	0
43.076	0.0572766	1	0
43.109	0.0569354	1	0
43.143	0.0568598	1	0
43.176	0.0567465	1	0
43.209	0.0567499	1	0
43.243	0.0560536	1	0
43.276	0.0558341	1	0
43.309	0.0557949	1	0
43.343	0.0558723	1	0
43.376	0.0557568	1	0
43.41	0.0566072	1	0
43.443	0.0569074	1	0
43.476	0.0569491	1	0
43.51	0.0573657	1	0
43.543	0.0575537	1	0
43.576	0.0575199	1	0
43.61	0.0574446	1	0
43.643	0.0576294	1	0
43.676	0.0575074	1	0
43.71	0.0576941	1	0
43.743	0.0582184	1	0
43.777	0.05803	1	0
43.81	0.0583342	1	0
43.843	0.0584493	1	0
43.877	0.0583739	1	0
43.91	0.0579241	1	0
43.943	0.0580033	1	0
43.977	0.0575571	1	0
44.01	0.0577104	1	0
44.044	0.0580515	1	0
44.077	0.0579702	1	0
44.11	0.0581525	1	0
44.144	0.058108	1	0
44.177	0.0578451	1	0
44.21	0.0574687	1	0
44.244	0.0576981	1	0
44.277	0.057547	1	0
44.31	0.0574735	1	0
44.344	0.0573251	1	0
44.377	0.0572119	1	0
44.411	0.0569481	1	0
44.444	0.0572547	1	0
44.477	0.0571765	1	0
44.511	0.0570612	1	0
44.544	0.0571021	1	0
44.577	0.0567696	1	0
44.611	0.0561649	1	0
44.644	0.0559808	1	0
44.677	0.0557951	1	0
44.711	0.0554943	1	0
44.744	0.0556396	1	0
44.778	0.0556773	1	0
44.811	0.0561676	1	0
44.844	0.0565056	1	0
44.878	0.0568453	1	0
44.911	0.0572983	1	0
44.944	0.0578635	1	0
44.978	0.0571143	1	0
45.011	0.0563352	0	0
45.045	0.0554719	0	0
45.078	0.0541657	0	0
45.111	0.0526763	0	0
45.145	0.0523406	0	0
45.178	0.0518937	0	0
45.211	0.0517861	0	0
45.245	0.0518252	0	0
45.278	0.052046	0	0
45.311	0.0520084	0	0
45.345	0.052231	0	0
45.378	0.0518625	0	0
45.412	0.0517502	0	0
45.445	0.0518986	0	0
45.478	0.051859	0	0
45.512	0.051926	0	0
45.545	0.0522935	0	0
45.578	0.052074	0	0
45.612	0.0518875	0	0
45.645	0.0520373	0	0
45.678	0.0519275	0	0
45.712	0.0520137	0	0
45.745	0.0524521	0	0
45.779	0.0528622	0	0
45.812	0.0532289	0	0
45.845	0.0539335	0	0
45.879	0.0542933	0	0
45.912	0.0548826	0	0
45.945	0.0549828	0	0
45.979	0.055133	0	0
46.012	0.055017	0	0
46.046	0.0552325	0	0
46.079	0.0556429	0	0
46.112	0.0567049	0	0
46.146	0.0573792	1	0
46.179	0.0582523	1	0
46.212	0.0588567	1	0
46.246	0.0590458	1	0
46.279	0.058475	1	0
46.312	0.0580656	1	0
46.346	0.0579195	1	0
46.379	0.0578156	1	0
46.413	0.0578657	1	0
46.446	0.0581762	1	0
46.479	0.0584103	1	0
46.513	0.0585265	1	0
46.546	0.0586037	1	0
46.579	0.0587893	1	0
46.613	0.0587457	1	0
46.646	0.0587779	1	0
46.679	0.0584687	1	0
46.713	0.0581232	1	0
46.746	0.0578595	1	0
46.78	0.0575179	1	0
46.813	0.0574412	1	0
46.846	0.0574717	1	0
46.88	0.0573591	1	0
46.913	0.057579	1	0
46.946	0.0576931	1	0
46.98	0.0575404	1	0
47.013	0.057587	1	0
47.047	0.0580061	1	0
47.08	0.0577499	1	0
47.113	0.0578646	1	0
47.147	0.0580163	1	0
47.18	0.0577117	1	0
47.213	0.0573306	1	0
47.247	0.0571368	1	0
47.28	0.0569845	1	0
47.313	0.0568731	1	0
47.347	0.0571021	1	0
47.38	0.057254	1	0
47.414	0.0574497	1	0
47.447	0.0576796	1	0
47.48	0.0577579	1	0
47.514	0.0580183	1	0
47.547	0.0583574	1	0
47.58	0.0581585	1	0
47.614	0.0581112	1	0
47.647	0.0580671	1	0
47.68	0.0573523	1	0
47.714	0.0567465	1	0
47.747	0.0565257	1	0
47.781	0.0560431	1	0
47.814	0.0557821	1	0
47.847	0.0559684	1	0
47.881	0.0563432	1	0
47.914	0.0565283	1	0
47.947	0.0569401	1	0
47.981	0.0571627	1	0
48.014	0.0575014	1	0
48.048	0.0574269	1	0
48.081	0.057577	1	0
48.114	0.0575758	1	0
48.148	0.0577265	1	0
48.181	0.0574991	1	0
48.214	0.0573845	1	0
48.248	0.0571581	1	0
48.281	0.0571194	1	0
48.314	0.0570421	1	0
48.348	0.0571901	1	0
48.381	0.0571136	1	0
48.415	0.0572658	1	0
48.448	0.0572309	1	0
48.481	0.0570454	1	0
48.515	0.0568233	1	0
48.548	0.0568648	1	0
48.581	0.0565298	1	0
48.615	0.0565667	1	0
48.648	0.0564945	1	0
48.681	0.0562708	1	0
48.715	0.0563105	1	0
48.748	0.0565722	1	0
48.782	0.0563847	1	0
48.815	0.0563488	1	0
48.848	0.0564266	1	0
48.882	0.0561652	1	0
48.915	0.056132	1	0
48.948	0.0560216	1	0
48.982	0.0561358	1	0
49.015	0.0562449	1	0
49.049	0.0563153	1	0
49.082	0.0561988	1	0
49.115	0.0561923	1	0
49.149	0.0561869	1	0
49.182	0.0560362	1	0
49.215	0.0562235	1	0
49.249	0.0563694	1	0
49.282	0.0564881	1	0
49.315	0.0565243	1	0
49.349	0.0567487	1	0
49.382	0.0565629	1	0
49.416	0.0564559	1	0
49.449	0.0564534	1	0
49.482	0.0562701	1	0
49.516	0.0562341	1	0
49.549	0.0562369	1	0
49.582	0.0558653	1	0
49.616	0.0553861	1	0
49.649	0.0551238	1	0
49.682	0.0547478	1	0
49.716	0.0545592	1	0
49.749	0.054485	1	0
49.783	0.0545963	1	0
49.816	0.0545968	1	0
49.849	0.0546767	1	0
49.883	0.0546044	1	0
49.916	0.054861	1	0
49.949	0.054971	1	0
49.983	0.0552692	1	0
50.016	0.0553789	1	0
50.05	0.0556011	1	0
50.083	0.0557157	1	0
50.116	0.0559393	1	0
50.15	0.055941	1	0
50.183	0.0560942	1	0
50.216	0.0562074	1	0
50.25	0.0566858	1	0
50.283	0.0564928	1	0
50.316	0.0558064	0	0
50.35	0.0547032	0	0
50.383	0.053346	0	0
50.417	0.0514889	0	0
50.45	0.0503967	0	0
50.483	0.049801	0	0
50.517	0.0498689	0	0
50.55	0.0504787	0	0
50.583	0.0508656	0	0
50.617	0.0514079	0	0
50.65	0.0518785	0	0
50.683	0.0517271	0	0
50.717	0.0517421	0	0
50.75	0.0519539	0	0
50.784	0.0517776	0	0
50.817	0.0518045	0	0
50.85	0.051983	0	0
50.884	0.0519341	0	0
50.917	0.0521874	0	0
50.95	0.0523669	0	0
50.984	0.0524122	0	0
51.017	0.0522633	0	0
51.051	0.0522642	0	0
51.084	0.0519685	0	0
51.117	0.0517427	0	0
51.151	0.0517794	0	0
51.184	0.0521873	0	0
51.217	0.0519269	0	0
51.251	0.0522232	0	0
51.284	0.0524178	0	0
51.317	0.052526	0	0
51.351	0.0524516	0	0
51.384	0.0527033	0	0
51.418	0.052407	0	0
51.451	0.052251	0	0
51.484	0.0517346	0	0
51.518	0.0519899	0	0
51.551	0.0521807	0	0
51.584	0.0522528	0	0
51.618	0.0525821	0	0
51.651	0.053178	0	0
51.684	0.0533739	0	0
51.718	0.0541491	0	0
51.751	0.054931	0	0
51.785	0.0554867	0	0
51.818	0.0562246	1	0
51.851	0.0565981	1	0
51.885	0.0561219	1	0
51.918	0.0559393	1	0
51.951	0.0559466	1	0
51.985	0.0559832	1	0
52.018	0.0560205	1	0
52.052	0.056396	1	0
52.085	0.0566616	1	0
52.118	0.0568103	1	0
52.152	0.0571539	1	0
52.185	0.0572314	1	0
52.218	0.0572306	1	0
52.252	0.0573443	1	0
52.285	0.0573464	1	0
52.318	0.0568958	1	0
52.352	0.0567394	1	0
52.385	0.0568154	1	0
52.419	0.056698	1	0
52.452	0.0566195	1	0
52.485	0.0568007	1	0
52.519	0.0573607	1	0
52.552	0.0573521	1	0
52.585	0.0561504	1	0
52.619	0.0551722	1	0
52.652	0.0539106	1	0
52.685	0.0523878	1	0
52.719	0.0513003	1	0
52.752	0.0512613	1	0
52.786	0.051085	1	0
52.819	0.0511435	1	0
52.852	0.0510641	1	0
52.886	0.0510586	1	0
52.919	0.0520442	1	0
52.952	0.0530521	1	0
52.986	0.0535905	1	0
53.019	0.054891	1	0
53.053	0.0557625	1	0
53.086	0.0558662	1	0
53.119	0.0558986	1	0
53.153	0.0561887	1	0
53.186	0.055815	1	0
53.219	0.0558909	1	0
53.253	0.0560385	1	0
53.286	0.0560376	1	0
53.319	0.056225	1	0
53.353	0.0562627	1	0
53.386	0.0560755	1	0
53.42	0.0558533	1	0
53.453	0.0558151	1	0
53.486	0.0555565	1	0
53.52	0.0555963	1	0
53.553	0.0558214	1	0
53.586	0.055785	1	0
53.62	0.0557498	1	0
53.653	0.0556737	1	0
53.686	0.0553449	1	0
53.72	0.0551212	1	0
53.753	0.0551984	1	0
53.787	0.0552751	1	0
53.82	0.0554591	1	0
53.853	0.0556016	1	0
53.887	0.0558241	1	0
53.92	0.0561191	1	0
53.953	0.0560783	1	0
53.987	0.0560398	1	0
54.02	0.0566014	1	0
54.054	0.0568277	1	0
54.087	0.0569045	1	0
54.12	0.0572407	1	0
54.154	0.0576235	1	0
54.187	0.0575135	1	0
54.22	0.0574795	1	0
54.254	0.0574443	1	0
54.287	0.0571876	1	0
54.32	0.0568457	1	0
54.354	0.0565435	1	0
54.387	0.056166	1	0
54.421	0.0560492	1	0
54.454	0.0561194	1	0
54.487	0.0561934	1	0
54.521	0.0565317	1	0
54.554	0.0568659	1	0
54.587	0.0567543	1	0
54.621	0.0568682	1	0
54.654	0.0569414	1	0
54.687	0.0568289	1	0
54.721	0.056719	1	0
54.754	0.0566834	1	0
54.788	0.0566462	1	0
54.821	0.0567238	1	0
54.854	0.0565735	1	0
54.888	0.0565016	1	0
54.921	0.056282	0	0
54.954	0.0558029	0	0
54.988	0.0547099	0	0
55.021	0.0535455	0	0
55.055	0.052337	0	0
55.088	0.0512112	0	0
55.121	0.0502654	0	0
55.155	0.0498803	0	0
55.188	0.0496147	0	0
55.221	0.0494979	0	0
55.255	0.0495993	0	0
55.288	0.0496167	0	0
55.321	0.0497294	0	0
55.355	0.0498669	0	0
55.388	0.0498646	0	0
55.422	0.050148	0	0
55.455	0.0504092	0	0
55.488	0.0505276	0	0
55.522	0.0508183	0	0
55.555	0.0512148	0	0
55.588	0.0511087	0	0
55.622	0.0511135	0	0
55.655	0.0512502	0	0
55.688	0.0512943	0	0
55.722	0.0515196	0	0
55.755	0.0522125	0	0
55.789	0.0527635	0	0
55.822	0.053241	0	0
55.855	0.0537534	0	0
55.889	0.05386	0	0
55.922	0.0537095	0	0
55.955	0.0530813	0	0
55.989	0.0525645	0	0
56.022	0.0518965	0	0
56.056	0.0513567	0	0
56.089	0.0513699	0	0
56.122	0.0523993	0	0
56.156	0.0536577	1	0
56.189	0.0548025	1	0
56.222	0.0559705	1	0
56.256	0.0566253	1	0
56.289	0.0564462	1	0
56.322	0.0560729	1	0
56.356	0.0557768	1	0
56.389	0.0553772	1	0
56.423	0.0548638	1	0
56.456	0.0546828	1	0
56.489	0.0542825	1	0
56.523	0.0543975	1	0
56.556	0.0543993	1	0
56.589	0.0541588	1	0
56.623	0.0539783	1	0
56.656	0.053483	1	0
56.689	0.052661	1	0
56.723	0.0520473	1	0
56.756	0.0518641	1	0
56.79	0.0516073	1	0
56.823	0.051708	1	0
56.856	0.0518419	1	0
56.89	0.0518108	1	0
56.923	0.0517742	1	0
56.956	0.0516087	1	0
56.99	0.0514748	1	0
57.023	0.0503729	1	0
57.057	0.0503383	1	0
57.09	0.050229	1	0
57.123	0.050868	1	0
57.157	0.0515451	0	0
57.19	0.0535904	0	0
57.223	0.0552672	0	0
57.257	0.0564272	1	0
57.29	0.0570855	1	0
57.323	0.0575621	1	0
57.357	0.0575278	1	0
57.39	0.056855	1	0
57.424	0.0568528	1	0
57.457	0.0567791	1	0
57.49	0.057374	1	0
57.524	0.0581253	1	0
57.557	0.0591057	1	0
57.59	0.0590739	1	0
57.624	0.0592972	1	0
57.657	0.0590004	1	0
57.69	0.0590389	1	0
57.724	0.0583988	1	0
57.757	0.0584368	1	0
57.791	0.0581413	0	0
57.824	0.0577018	0	0
57.857	0.0570277	0	0
57.891	0.0565933	0	0
57.924	0.056443	1	0
57.957	0.0563748	1	0
57.991	0.0562938	1	0
58.024	0.0562182	1	0
58.058	0.0564248	1	0
58.091	0.0566106	1	0
58.124	0.0569396	1	0
58.158	0.057539	1	0
58.191	0.0577259	1	0
58.224	0.0578017	1	0
58.258	0.0582093	1	0
58.291	0.057986	1	0
58.324	0.0576462	1	0
58.358	0.0574225	1	0
58.391	0.0573129	1	0
58.425	0.056716	1	0
58.458	0.0565257	1	0
58.491	0.0564482	1	0
58.525	0.0561848	1	0
58.558	0.0557352	1	0
58.591	0.0550048	1	0
58.625	0.0546381	1	0
58.658	0.0539405	1	0
58.691	0.0532484	1	0
58.725	0.0530667	1	0
58.758	0.0531741	1	0
58.792	0.0527743	1	0
58.825	0.0525939	1	0
58.858	0.0526988	1	0
58.892	0.0525529	1	0
58.925	0.0532132	1	0
58.958	0.0540169	1	0
58.992	0.0547839	1	0
59.025	0.055523	1	0
59.059	0.0561855	1	0
59.092	0.0560797	1	0
59.125	0.056158	1	0
59.159	0.0562724	1	0
59.192	0.0563817	1	0
59.225	0.0567927	1	0
59.259	0.0569386	1	0
59.292	0.0569784	1	0
59.325	0.0570555	1	0
59.359	0.0572451	1	0
59.392	0.0567602	1	0
59.426	0.0567213	1	0
59.459	0.0566427	1	0
59.492	0.0564565	1	0
59.526	0.0563409	1	0
59.559	0.0567902	1	0
59.592	0.0567532	1	0
59.626	0.0567169	1	0
59.659	0.056825	1	0
59.692	0.0564883	1	0
59.726	0.056266	1	0
59.759	0.0562665	1	0
59.793	0.0563429	1	0
59.826	0.0564592	1	0
59.859	0.0567593	1	0
59.893	0.0567952	1	0
59.926	0.0567982	1	0
59.959	0.0569507	1	0
59.993	0.0568767	1	0
60.026	0.0573989	1	0
60.06	0.0573214	1	0
60.093	0.0574675	1	0
60.126	0.057539	1	0
60.16	0.0576094	1	0
60.193	0.0570508	1	0
60.226	0.057015	1	0
60.26	0.0569011	1	0
60.293	0.0566739	1	0
60.326	0.0565613	1	0
60.36	0.0564465	1	0
60.393	0.0562945	1	0
60.427	0.0563311	1	0
60.46	0.0565177	1	0
60.493	0.0565923	1	0
60.527	0.0569301	1	0
60.56	0.0574568	1	0
60.593	0.0572361	1	0
60.627	0.0571994	1	0
60.66	0.0571211	1	0
60.693	0.0567828	1	0
60.727	0.0564092	1	0
60.76	0.056671	1	0
60.794	0.0566347	1	0
60.827	0.0567149	1	0
60.86	0.0569805	1	0
60.894	0.0570556	1	0
60.927	0.0570521	1	0
60.96	0.0564927	0	0
60.994	0.0557887	0	0
61.027	0.0554511	0	0
61.061	0.0554118	0	0
61.094	0.0552269	0	0
61.127	0.0557118	1	0
61.161	0.0563794	1	0
61.194	0.0564921	1	0
61.227	0.0564183	1	0
61.261	0.0567202	1	0
61.294	0.0574341	1	0
61.327	0.0570651	1	0
61.361	0.0565903	0	0
61.394	0.0559284	0	0
61.428	0.0548956	0	0
61.461	0.0529742	0	0
61.494	0.0522044	0	0
61.528	0.0517212	0	0
61.561	0.0514611	0	0
61.594	0.0510181	0	0
61.628	0.0508253	0	0
61.661	0.0506677	0	0
61.694	0.0505133	0	0
61.728	0.0501054	0	0
61.761	0.0499501	0	0
61.795	0.0501264	0	0
61.828	0.0498366	0	0
61.861	0.0494471	0	0
61.895	0.0492355	0	0
61.928	0.0494594	0	0
61.961	0.0493282	0	0
61.995	0.0495933	0	0
62.028	0.0498444	0	0
62.062	0.0502115	0	0
62.095	0.0502529	0	0
62.128	0.0504265	0	0
62.162	0.0504536	0	0
62.195	0.0506268	0	0
62.228	0.0507602	0	0
62.262	0.0507853	0	0
62.295	0.0504518	0	0
62.328	0.0502716	0	0
62.362	0.0498745	0	0
62.395	0.0494765	0	0
62.429	0.0493735	0	0
62.462	0.0494226	0	0
62.495	0.0495698	0	0
62.529	0.0500826	0	0
62.562	0.0508158	0	0
62.595	0.051093	0	0
62.629	0.0522235	0	0
62.662	0.0534357	0	0
62.695	0.054691	0	0
62.729	0.0552444	1	0
62.762	0.0561086	1	0
62.796	0.0559625	1	0
62.829	0.0554132	1	0
62.862	0.054606	1	0
62.896	0.0540636	1	0
62.929	0.0534441	1	0
62.962	0.0531139	1	0
62.996	0.0529698	1	0
63.029	0.0528938	1	0
63.063	0.0528932	1	0
63.096	0.0528212	1	0
63.129	0.0529673	1	0
63.163	0.0530406	1	0
63.196	0.0527631	1	0
63.229	0.0528705	1	0
63.263	0.0530812	1	0
63.296	0.0532243	1	0
63.329	0.0536931	0	0
63.363	0.0541161	0	0
63.396	0.0544401	0	0
63.43	0.0546265	0	0
63.463	0.0551813	0	0
63.496	0.0552558	1	0
63.53	0.055922	1	0
63.563	0.0565982	1	0
63.596	0.0572731	1	0
63.63	0.0574334	1	0
63.663	0.0578562	1	0
63.696	0.0577855	1	0
63.73	0.0574898	1	0
63.763	0.0573385	1	0
63.797	0.0571157	1	0
63.83	0.0566972	1	0
63.863	0.0561067	1	0
63.897	0.0551577	1	0
63.93	0.0541689	1	0
63.963	0.053319	1	0
63.997	0.0523497	1	0
64.03	0.0519613	1	0
64.064	0.0518577	1	0
64.097	0.0512138	1	0
64.13	0.05049	1	0
64.164	0.050364	1	0
64.197	0.0499874	1	0
64.23	0.0497142	1	0
64.264	0.0500893	1	0
64.297	0.0505062	1	0
64.33	0.0501403	1	0
64.364	0.0502408	1	0
64.397	0.0502746	1	0
64.431	0.0503407	1	0
64.464	0.0505193	1	0
64.497	0.0512952	1	0
64.531	0.0518823	1	0
64.564	0.0523995	1	0
64.597	0.0525318	1	0
64.631	0.0528059	1	0
64.664	0.0529368	1	0
64.697	0.0526156	1	0
64.731	0.0523411	1	0
64.764	0.0521765	1	0
64.798	0.0518687	1	0
64.831	0.0514982	1	0
64.864	0.0514429	1	0
64.898	0.0514373	1	0
64.931	0.0522103	1	0
64.964	0.052214	0	0
64.998	0.0523465	0	0
65.031	0.0524605	0	0
65.065	0.0525137	0	0
65.098	0.0518284	0	0
65.131	0.0518498	0	0
65.165	0.0519486	0	0
65.198	0.0518906	0	0
65.231	0.0518028	0	0
65.265	0.0517547	0	0
65.298	0.0516	0	0
65.331	0.0514113	0	0
65.365	0.0509516	0	0
65.398	0.0510776	0	0
65.432	0.0511836	0	0
65.465	0.0515451	0	0
65.498	0.0516161	0	0
65.532	0.05202	0	0
65.565	0.0518665	0	0
65.598	0.0519451	0	0
65.632	0.0516614	0	0
65.665	0.0515902	0	0
65.698	0.0514189	0	0
65.732	0.0514611	0	0
65.765	0.0511749	0	0
65.799	0.0509599	0	0
65.832	0.0508917	0	0
65.865	0.050797	0	0
65.899	0.0507285	0	0
65.932	0.0514171	0	0
65.965	0.0523198	0	0
65.999	0.0534586	0	0
66.032	0.0548839	1	0
66.066	0.056103	1	0
66.099	0.0568157	1	0
66.132	0.057571	1	0
66.166	0.0579961	1	0
66.199	0.0581157	1	0
66.232	0.0582746	1	0
66.266	0.0579053	1	0
66.299	0.0574181	1	0
66.332	0.0573402	1	0
66.366	0.0574896	1	0
66.399	0.0575593	1	0
66.433	0.0580466	1	0
66.466	0.0583401	1	0
66.499	0.0582596	1	0
66.533	0.0580633	1	0
66.566	0.0579439	1	0
66.599	0.057822	1	0
66.633	0.057703	1	0
66.666	0.0572455	1	0
66.699	0.057162	1	0
66.733	0.0560681	1	0
66.766	0.0547702	0	0
66.8	0.0532829	0	0
66.833	0.0520864	0	0
66.866	0.0508221	0	0
66.9	0.0506111	1	0
66.933	0.0505019	1	0
66.966	0.0508023	1	0
67	0.0507936	1	0
67.033	0.0507623	1	0
67.067	0.0507464	1	0
67.1	0.0506669	1	0
67.133	0.0507267	1	0
67.167	0.0508904	1	0
67.2	0.0509845	1	0
67.233	0.0514078	1	0
67.267	0.0519293	1	0
67.3	0.0520661	1	0
67.333	0.0523082	1	0
67.367	0.0523416	1	0
67.4	0.0518556	1	0
67.434	0.0515139	1	0
67.467	0.051518	1	0
67.5	0.0514123	1	0
67.534	0.0510706	1	0
67.567	0.050898	1	0
67.6	0.0502358	1	0
67.634	0.0514107	1	0
67.667	0.0527613	1	0
67.7	0.0540201	1	0
67.734	0.0552361	1	0
67.767	0.057461	1	0
67.801	0.0571978	1	0
67.834	0.0567899	1	0
67.867	0.0573864	1	0
67.901	0.0576447	1	0
67.934	0.0571592	1	0
67.967	0.0571608	1	0
68.001	0.0571977	1	0
68.034	0.0569374	1	0
68.068	0.0569887	1	0
68.101	0.0572207	1	0
68.134	0.0574509	1	0
68.168	0.0576812	1	0
68.201	0.0574929	1	0
68.234	0.0574109	1	0
68.268	0.0572611	1	0
68.301	0.0571073	1	0
68.334	0.0570304	1	0
68.368	0.057032	1	0
68.401	0.0569218	1	0
68.435	0.0573338	1	0
68.468	0.0573732	1	0
68.501	0.057338	1	0
68.535	0.057528	1	0
68.568	0.0577529	1	0
68.601	0.056997	1	0
68.635	0.0556944	1	0
68.668	0.0541078	1	0
68.701	0.052587	1	0
68.735	0.0510286	1	0
68.768	0.0503201	1	0
68.802	0.0503131	1	0
68.835	0.050705	1	0
68.868	0.0509138	1	0
68.902	0.0508216	1	0
68.935	0.0506463	1	0
68.968	0.0507915	1	0
69.002	0.0508518	1	0
69.035	0.0513014	1	0
69.069	0.0525001	1	0
69.102	0.0534319	1	0
69.135	0.0541811	1	0
69.169	0.0551322	1	0
69.202	0.0555049	1	0
69.235	0.0556557	1	0
69.269	0.0558776	1	0
69.302	0.0562138	1	0
69.335	0.0562824	1	0
69.369	0.0566198	1	0
69.402	0.0566956	1	0
69.436	0.0567704	1	0
69.469	0.0567378	1	0
69.502	0.0565891	1	0
69.536	0.0565141	1	0
69.569	0.0566984	1	0
69.602	0.0563986	1	0
69.636	0.0562485	1	0
69.669	0.0565133	1	0
69.702	0.0561803	1	0
69.736	0.0559246	1	0
69.769	0.0560684	1	0
69.803	0.0561775	1	0
69.836	0.055991	1	0
69.869	0.0562484	1	0
69.903	0.056243	1	0
69.936	0.0560936	1	0
69.969	0.0556461	1	0
70.003	0.0553786	1	0
70.036	0.0553781	1	0
70.07	0.0555675	1	0
70.103	0.0557602	1	0
70.136	0.0563179	1	0
70.17	0.0567701	1	0
70.203	0.0568019	1	0
70.236	0.0568002	1	0
70.27	0.0571354	1	0
70.303	0.0570966	1	0
70.336	0.0571696	1	0
70.37	0.0573211	1	0
70.403	0.0572446	1	0
70.437	0.0571309	1	0
70.47	0.0573187	1	0
70.503	0.0571649	1	0
70.537	0.057241	1	0
70.57	0.0573524	1	0
70.603	0.0570484	1	0
70.637	0.0567855	1	0
70.67	0.0567503	1	0
70.703	0.056374	1	0
70.737	0.0562609	1	0
70.77	0.0563039	1	0
70.804	0.0562324	1	0
70.837	0.0562343	1	0
70.87	0.0565374	1	0
70.904	0.0563893	1	0
70.937	0.0565341	1	0
70.97	0.056642	1	0
71.004	0.0565649	1	0
71.037	0.0565251	1	0
71.071	0.056711	1	0
71.104	0.0568279	1	0
71.137	0.0570605	1	0
71.171	0.0576235	1	0
71.204	0.0578864	1	0
71.237	0.0581853	1	0
71.271	0.0586755	1	0
71.304	0.0587435	1	0
71.337	0.0587045	1	0
71.371	0.0585572	1	0
71.404	0.0586765	1	0
71.438	0.0583071	1	0
71.471	0.0586137	1	0
71.504	0.0585765	1	0
71.538	0.0585016	1	0
71.571	0.0584299	1	0
71.604	0.0581567	1	0
71.638	0.0574423	1	0
71.671	0.0571461	1	0
71.704	0.0569605	1	0
71.738	0.0563906	1	0
71.771	0.0565075	1	0
71.805	0.0567728	1	0
71.838	0.0568863	1	0
71.871	0.0570333	1	0
71.905	0.0571453	1	0
71.938	0.0571444	1	0
71.971	0.0571034	1	0
72.005	0.0569915	1	0
72.038	0.0569516	1	0
72.072	0.0569502	1	0
72.105	0.0568348	1	0
72.138	0.0568303	0	0
72.172	0.056267	0	0
72.205	0.0559691	0	0
72.238	0.0555717	0	0
72.272	0.0552113	0	0
72.305	0.0546984	0	0
72.338	0.0550057	0	0
72.372	0.0550095	0	0
72.405	0.0550375	0	0
72.439	0.055132	0	0
72.472	0.0552716	0	0
72.505	0.0548911	0	0
72.539	0.0548422	0	0
72.572	0.0549879	0	0
72.605	0.0549465	0	0
72.639	0.0549469	0	0
72.672	0.0553466	0	0
72.705	0.0554232	0	0
72.739	0.0552747	0	0
72.772	0.0553174	0	0
72.806	0.0553144	0	0
72.839	0.0550257	0	0
72.872	0.0546583	0	0
72.906	0.0546201	0	0
72.939	0.0543977	0	0
72.972	0.0541138	0	0
73.006	0.0540383	0	0
73.039	0.0541814	0	0
73.073	0.0542553	0	0
73.106	0.054363	0	0
73.139	0.0546114	0	0
73.173	0.0549779	0	0
73.206	0.0550559	0	0
73.239	0.0553475	0	0
73.273	0.0554939	0	0
73.306	0.0556038	0	0
73.339	0.0557171	0	0
73.373	0.0556864	0	0
73.406	0.055802	0	0
73.44	0.0561045	0	0
73.473	0.0561881	1	0
73.506	0.0563755	1	0
73.54	0.0569638	1	0
73.573	0.0568924	1	0
73.606	0.0563052	1	0
73.64	0.0561172	1	0
73.673	0.0556019	1	0
73.706	0.0550819	1	0
73.74	0.0548656	1	0
73.773	0.0551992	1	0
73.807	0.0552005	1	0
73.84	0.0553554	1	0
73.873	0.0552201	1	0
73.907	0.0548967	1	0
73.94	0.054329	1	0
73.973	0.0538518	1	0
74.007	0.0535147	1	0
74.04	0.053727	1	0
74.074	0.0544268	1	0
74.107	0.054809	1	0
74.14	0.0554374	1	0
74.174	0.0562993	1	0
74.207	0.0556152	1	0
74.24	0.0553566	1	0
74.274	0.055514	1	0
74.307	0.0554151	1	0
74.34	0.0549254	1	0
74.374	0.0558716	1	0
74.407	0.0561982	1	0
74.441	0.056415	1	0
74.474	0.0568467	1	0
74.507	0.0568483	1	0
74.541	0.0568164	1	0
74.574	0.0565558	1	0
74.607	0.0562947	1	0
74.641	0.0558482	1	0
74.674	0.0559924	1	0
74.707	0.0556192	1	0
74.741	0.0553275	1	0
74.774	0.0552523	1	0
74.808	0.0553297	1	0
74.841	0.0550755	1	0
74.874	0.0551153	1	0
74.908	0.0551192	1	0
74.941	0.055056	1	0
74.974	0.05513	1	0
75.008	0.0556109	1	0
75.041	0.0558616	1	0
75.075	0.0558129	1	0
75.108	0.0549281	1	0
75.141	0.0539048	1	0
75.175	0.0537876	1	0
75.208	0.0539429	1	0
75.241	0.0544656	1	0
75.275	0.0564204	1	0
75.308	0.0575543	1	0
75.341	0.0577047	1	0
75.375	0.0576281	1	0
75.408	0.0574071	1	0
75.442	0.0568481	1	0
75.475	0.0569964	1	0
75.508	0.0566252	1	0
75.542	0.0568839	1	0
75.575	0.0571391	1	0
75.608	0.056173	1	0
75.642	0.0562043	1	0
75.675	0.057133	1	0
75.708	0.0568673	1	0
75.742	0.0568283	1	0
75.775	0.0576801	1	0
75.809	0.0573834	1	0
75.842	0.0565626	1	0
75.875	0.0571305	1	0
75.909	0.0575475	1	0
75.942	0.0580699	1	0
75.975	0.0582967	1	0
76.009	0.0587451	1	0
76.042	0.0585565	1	0
76.076	0.0571119	1	0
76.109	0.0568119	1	0
76.142	0.0570352	1	0
76.176	0.0558956	1	0
76.209	0.0556677	1	0
76.242	0.0567317	1	0
76.276	0.0567316	1	0
76.309	0.0561347	1	0
76.342	0.0568241	1	0
76.376	0.0564919	1	0
76.409	0.0563084	1	0
76.443	0.0561198	1	0
76.476	0.0564576	1	0
76.509	0.0563494	1	0
76.543	0.0570567	1	0
76.576	0.0575432	1	0
76.609	0.0580359	1	0
76.643	0.0584034	1	0
76.676	0.0589241	1	0
76.709	0.0584036	1	0
76.743	0.058212	1	0
76.776	0.057723	1	0
76.81	0.0573517	1	0
76.843	0.0573523	1	0
76.876	0.0574983	1	0
76.91	0.0572773	1	0
76.943	0.05746	1	0
76.976	0.0575707	1	0
77.01	0.0574615	1	0
77.043	0.0569813	1	0
77.077	0.0565446	1	0
77.11	0.056029	1	0
77.143	0.0560674	1	0
77.177	0.0559861	1	0
77.21	0.0563927	1	0
77.243	0.0569792	1	0
77.277	0.0574986	1	0
77.31	0.0573093	1	0
77.343	0.0573141	1	0
77.377	0.0572746	1	0
77.41	0.0572376	1	0
77.444	0.0570849	1	0
77.477	0.0572762	1	0
77.51	0.0570873	1	0
77.544	0.0574694	1	0
77.577	0.0575081	1	0
77.61	0.0576635	1	0
77.644	0.0576613	1	0
77.677	0.0578484	1	0
77.71	0.0575838	1	0
77.744	0.0576616	1	0
77.777	0.0575819	1	0
77.811	0.0574704	1	0
77.844	0.0573175	1	0
77.877	0.0575768	1	0
77.911	0.0576492	1	0
77.944	0.0576859	1	0
77.977	0.0578383	1	0
78.011	0.057956	1	0
78.044	0.0577664	1	0
78.078	0.0576888	1	0
78.111	0.0576899	1	0
78.144	0.0575769	1	0
78.178	0.0565084	1	0
78.211	0.0555494	1	0
78.244	0.0553994	1	0
78.278	0.0553277	1	0
78.311	0.055362	1	0
78.344	0.0561694	1	0
78.378	0.0571696	1	0
78.411	0.0571322	1	0
78.445	0.0572767	1	0
78.478	0.0572756	1	0
78.511	0.0575684	1	0
78.545	0.0575287	1	0
78.578	0.0577936	1	0
78.611	0.0572053	1	0
78.645	0.0567594	1	0
78.678	0.0567625	1	0
78.711	0.0565396	1	0
78.745	0.0560138	1	0
78.778	0.0566016	1	0
78.812	0.0570835	1	0
78.845	0.0569698	1	0
78.878	0.0565683	0	0
78.912	0.0559657	0	0
78.945	0.0550886	0	0
78.978	0.0536654	0	0
79.012	0.0523886	0	0
79.045	0.0517543	0	0
79.079	0.0514419	0	0
79.112	0.0508065	0	0
79.145	0.0507622	0	0
79.179	0.0506792	0	0
79.212	0.0503924	0	0
79.245	0.0504275	0	0
79.279	0.0505322	0	0
79.312	0.0507782	0	0
79.345	0.0510673	0	0
79.379	0.0515052	0	0
79.412	0.0517216	0	0
79.446	0.0520177	0	0
79.479	0.0521997	0	0
79.512	0.0523795	0	0
79.546	0.0528147	0	0
79.579	0.0533263	0	0
79.612	0.0536161	0	0
79.646	0.0540939	0	0
79.679	0.054315	0	0
79.712	0.0543511	0	0
79.746	0.0539063	0	0
79.779	0.0540562	0	0
79.813	0.0544295	0	0
79.846	0.0552083	0	0
79.879	0.0561521	0	0
79.913	0.0572419	1	0
79.946	0.0579956	1	0
79.979	0.0580387	1	0
80.013	0.0578594	1	0
80.046	0.0572907	1	0
80.08	0.0567609	1	0
80.113	0.0563413	1	0
80.146	0.0564878	1	0
80.18	0.0568644	1	0
80.213	0.0571644	1	0
80.246	0.0578821	1	0
80.28	0.0584152	1	0
80.313	0.058572	1	0
80.346	0.0586514	1	0
80.38	0.0586173	1	0
80.413	0.0582015	1	0
80.447	0.058052	1	0
80.48	0.0578602	1	0
80.513	0.0576655	1	0
80.547	0.0577415	1	0
80.58	0.0580445	1	0
80.613	0.0579675	1	0
80.647	0.0578955	1	0
80.68	0.0579363	1	0
80.713	0.0577444	1	0
80.747	0.0575563	1	0
80.78	0.0574434	1	0
80.814	0.0572598	1	0
80.847	0.0571097	1	0
80.88	0.0573052	1	0
80.914	0.0573047	1	0
80.947	0.057345	1	0
80.98	0.0576115	1	0
81.014	0.0575404	1	0
81.047	0.0572715	1	0
81.081	0.0560139	1	0
81.114	0.0558969	1	0
81.147	0.0558489	1	0
81.181	0.0547447	1	0
81.214	0.0545584	1	0
81.247	0.0557378	1	0
81.281	0.0557039	1	0
81.314	0.055631	1	0
81.347	0.0565429	1	0
81.381	0.0566926	1	0
81.414	0.0565793	1	0
81.448	0.0555088	1	0
81.481	0.0555431	1	0
81.514	0.0556528	1	0
81.548	0.0558766	1	0
81.581	0.0561388	1	0
81.614	0.0571709	1	0
81.648	0.0572442	1	0
81.681	0.0573575	1	0
81.714	0.0571688	1	0
81.748	0.0571318	1	0
81.781	0.0575407	1	0
81.815	0.057577	1	0
81.848	0.0574999	1	0
81.881	0.0571356	0	0
81.915	0.0564672	0	0
81.948	0.0558776	0	0
81.981	0.0557308	0	0
82.015	0.0559177	0	0
82.048	0.0563951	1	0
82.082	0.0568002	1	0
82.115	0.0569429	1	0
82.148	0.0569393	1	0
82.182	0.056862	1	0
82.215	0.0567841	1	0
82.248	0.0570468	1	0
82.282	0.0570076	1	0
82.315	0.0568988	1	0
82.348	0.0567527	1	0
82.382	0.0568299	1	0
82.415	0.0567917	1	0
82.449	0.0570904	1	0
82.482	0.0575806	1	0
82.515	0.0577278	1	0
82.549	0.0578771	1	0
82.582	0.0580654	1	0
82.615	0.0578889	1	0
82.649	0.0572121	1	0
82.682	0.0572522	1	0
82.715	0.0566239	1	0
82.749	0.0560278	1	0
82.782	0.0561677	1	0
82.816	0.0564274	1	0
82.849	0.0563525	1	0
82.882	0.0567554	1	0
82.916	0.0568647	1	0
82.949	0.0567887	1	0
82.982	0.0567888	1	0
83.016	0.0566744	1	0
83.049	0.0563739	1	0
83.083	0.0563721	1	0
83.116	0.0562216	1	0
83.149	0.055852	1	0
83.183	0.0554459	1	0
83.216	0.0553732	1	0
83.249	0.0553072	1	0
83.283	0.0553833	1	0
83.316	0.0557544	1	0
83.349	0.0561986	1	0
83.383	0.0565362	1	0
83.416	0.0567525	1	0
83.45	0.0566008	1	0
83.483	0.0566367	1	0
83.516	0.0564082	1	0
83.55	0.0563305	1	0
83.583	0.0562921	1	0
83.616	0.0556663	1	0
83.65	0.0552209	1	0
83.683	0.0554103	1	0
83.716	0.0553371	1	0
83.75	0.0551134	1	0
83.783	0.0556645	1	0
83.817	0.0558888	1	0
83.85	0.0558893	1	0
83.883	0.0557796	1	0
83.917	0.0557115	1	0
83.95	0.0557873	1	0
83.983	0.0556768	1	0
84.017	0.0555312	1	0
84.05	0.0557583	1	0
84.084	0.0561265	1	0
84.117	0.0562761	1	0
84.15	0.0566082	1	0
84.184	0.0568292	1	0
84.217	0.0568983	1	0
84.25	0.0568575	1	0
84.284	0.0568923	1	0
84.317	0.0568185	1	0
84.35	0.0568921	1	0
84.384	0.0567407	1	0
84.417	0.0567778	1	0
84.451	0.0567789	1	0
84.484	0.0565164	1	0
84.517	0.0562938	1	0
84.551	0.0562978	1	0
84.584	0.0561873	1	0
84.617	0.055598	1	0
84.651	0.0555678	1	0
84.684	0.0554201	1	0
84.717	0.055091	1	0
84.751	0.0540476	1	0
84.784	0.0534055	1	0
84.818	0.0525505	1	0
84.851	0.0517957	1	0
84.884	0.0511591	1	0
84.918	0.0511314	1	0
84.951	0.0513244	1	0
84.984	0.0513566	1	0
85.018	0.0511575	1	0
85.051	0.0509014	1	0
85.085	0.0506221	1	0
85.118	0.0502395	1	0
85.151	0.0500989	1	0
85.185	0.0499775	1	0
85.218	0.0500307	1	0
85.251	0.0502552	1	0
85.285	0.0503458	1	0
85.318	0.050234	1	0
85.351	0.0505143	1	0
85.385	0.0506949	1	0
85.418	0.0505282	1	0
85.452	0.0504942	1	0
85.485	0.0507398	1	0
85.518	0.0500449	1	0
85.552	0.0500224	1	0
85.585	0.0504202	1	0
85.618	0.050496	1	0
85.652	0.0502735	1	0
85.685	0.0507647	1	0
85.718	0.0500882	1	0
85.752	0.0496979	1	0
85.785	0.0492998	1	0
85.819	0.0490292	1	0
85.852	0.0484708	1	0
85.885	0.0489398	1	0
85.919	0.0489002	1	0
85.952	0.049074	1	0
85.985	0.049442	1	0
86.019	0.0500689	1	0
86.052	0.0512856	1	0
86.086	0.0525755	1	0
86.119	0.0537192	1	0
86.152	0.0547429	1	0
86.186	0.0555648	1	0
86.219	0.055306	1	0
86.252	0.0552289	1	0
86.286	0.0552995	1	0
86.319	0.054863	1	0
86.352	0.0550099	1	0
86.386	0.055303	1	0
86.419	0.0550847	1	0
86.453	0.0553092	1	0
86.486	0.0558249	1	0
86.519	0.055861	1	0
86.553	0.056127	1	0
86.586	0.0566841	1	0
86.619	0.0566484	1	0
86.653	0.0563848	1	0
86.686	0.0563435	1	0
86.719	0.0559274	1	0
86.753	0.0552925	1	0
86.786	0.0552564	1	0
86.82	0.0557009	1	0
86.853	0.055854	1	0
86.886	0.0561552	1	0
86.92	0.0564899	1	0
86.953	0.0563753	1	0
86.986	0.0562279	1	0
87.02	0.0560019	1	0
87.053	0.055742	1	0
87.087	0.0556316	1	0
87.12	0.0556705	1	0
87.153	0.055705	1	0
87.187	0.0558929	1	0
87.22	0.0558618	1	0
87.253	0.0560867	1	0
87.287	0.0561242	1	0
87.32	0.0561619	1	0
87.353	0.056201	1	0
87.387	0.056385	1	0
87.42	0.0563146	1	0
87.454	0.0564274	1	0
87.487	0.0565076	1	0
87.52	0.0561786	1	0
87.554	0.0563249	1	0
87.587	0.05643	1	0
87.62	0.0561314	1	0
87.654	0.0559759	1	0
87.687	0.0563024	1	0
87.72	0.0561882	1	0
87.754	0.0558223	1	0
87.787	0.0556836	1	0
87.821	0.0554353	1	0
87.854	0.0555861	1	0
87.887	0.0554438	1	0
87.921	0.055733	1	0
87.954	0.0558427	0	0
87.987	0.0555886	0	0
88.021	0.0542759	0	0
88.054	0.0531337	0	0
88.088	0.0518482	0	0
88.121	0.0509206	0	0
88.154	0.0501563	0	0
88.188	0.0501048	0	0
88.221	0.0499225	0	0
88.254	0.0497855	0	0
88.288	0.0497211	0	0
88.321	0.0497512	0	0
88.354	0.0497212	0	0
88.388	0.0498373	0	0
88.421	0.0497645	0	0
88.455	0.049596	0	0
88.488	0.0495669	0	0
88.521	0.0493675	0	0
88.555	0.049521	0	0
88.588	0.0499332	0	0
88.621	0.0502924	0	0
88.655	0.0503951	0	0
88.688	0.0506706	0	0
88.721	0.0505416	0	0
88.755	0.0505241	0	0
88.788	0.0504739	0	0
88.822	0.0505031	0	0
88.855	0.0503573	0	0
88.888	0.0504042	0	0
88.922	0.0502672	0	0
88.955	0.0501663	0	0
88.988	0.0501379	0	0
89.022	0.0502057	0	0
89.055	0.0505949	0	0
89.089	0.0517585	0	0
89.122	0.0530725	0	0
89.155	0.0540484	1	0
89.189	0.0551059	1	0
89.222	0.0552933	1	0
89.255	0.0549233	1	0
89.289	0.0543323	1	0
89.322	0.0539304	1	0
89.355	0.0534219	1	0
89.389	0.0540493	1	0
89.422	0.0540158	1	0
89.456	0.0544956	1	0
89.489	0.0547908	1	0
89.522	0.055118	1	0
89.556	0.0552307	1	0
89.589	0.0557828	1	0
89.622	0.0557059	1	0
89.656	0.0561877	1	0
89.689	0.0555997	1	0
89.722	0.0554894	1	0
89.756	0.0555314	1	0
89.789	0.0557601	1	0
89.823	0.0556832	1	0
89.856	0.0562337	1	0
89.889	0.056268	1	0
89.923	0.0561167	1	0
89.956	0.0557434	1	0
89.989	0.0556671	1	0
90.023	0.0557794	1	0
90.056	0.0557814	1	0
90.09	0.0556688	1	0
90.123	0.0557431	1	0
90.156	0.0553805	1	0
90.19	0.0556751	1	0
90.223	0.0551596	1	0
90.256	0.055234	1	0
90.29	0.055343	1	0
90.323	0.0555599	1	0
90.356	0.0554844	1	0
90.39	0.0559962	1	0
90.423	0.0558518	1	0
90.457	0.0554483	1	0
90.49	0.0554545	1	0
90.523	0.0551244	1	0
90.557	0.0548716	1	0
90.59	0.0549085	1	0
90.623	0.0542203	1	0
90.657	0.053198	1	0
90.69	0.0523954	1	0
90.723	0.0514034	1	0
90.757	0.0515068	1	0
90.79	0.0521521	1	0
90.824	0.0527293	1	0
90.857	0.0536033	1	0
90.89	0.0544062	1	0
90.924	0.0539714	1	0
90.957	0.0546402	1	0
90.99	0.0553365	1	0
91.024	0.055555	1	0
91.057	0.0557014	1	0
91.091	0.0558852	1	0
91.124	0.0553329	1	0
91.157	0.0551866	1	0
91.191	0.055077	1	0
91.224	0.0552658	1	0
91.257	0.0554814	1	0
91.291	0.0561135	1	0
91.324	0.0560415	1	0
91.357	0.0561617	1	0
91.391	0.0563132	1	0
91.424	0.0563949	1	0
91.458	0.0561307	1	0
91.491	0.0562412	1	0
91.524	0.0558992	1	0
91.558	0.0556338	1	0
91.591	0.055703	1	0
91.624	0.0554446	1	0
91.658	0.0554455	1	0
91.691	0.0558154	1	0
91.724	0.0558937	1	0
91.758	0.0557106	1	0
91.791	0.0559317	1	0
91.825	0.0548708	1	0
91.858	0.0548289	1	0
91.891	0.0550858	1	0
91.925	0.0540966	1	0
91.958	0.0542486	1	0
91.991	0.055308	1	0
92.025	0.054294	1	0
92.058	0.0540329	1	0
92.092	0.0542506	1	0
92.125	0.0541368	1	0
92.158	0.0542472	1	0
92.192	0.0554537	1	0
92.225	0.0545457	1	0
92.258	0.0544739	1	0
92.292	0.0536316	1	0
92.325	0.0536296	1	0
92.358	0.0537428	1	0
92.392	0.0548021	1	0
92.425	0.0557904	1	0
92.459	0.0564818	1	0
92.492	0.0564066	1	0
92.525	0.0557775	1	0
92.559	0.0557019	1	0
92.592	0.0547535	1	0
92.625	0.0538007	1	0
92.659	0.052564	1	0
92.692	0.0529683	1	0
92.725	0.0518622	1	0
92.759	0.0517455	1	0
92.792	0.0528092	1	0
92.826	0.053936	1	0
92.859	0.053786	1	0
92.892	0.0546304	1	0
92.926	0.0545647	1	0
92.959	0.0540497	1	0
92.992	0.0539394	1	0
93.026	0.0532975	1	0
93.059	0.0524911	0	0
93.093	0.052062	0	0
93.126	0.0511908	0	0
93.159	0.0499463	0	0
93.193	0.0495266	0	0
93.226	0.0488761	0	0
93.259	0.049219	0	0
93.293	0.0491115	0	0
93.326	0.0493339	0	0
93.359	0.0494779	0	0
93.393	0.0500893	0	0
93.426	0.0501285	0	0
93.46	0.0505596	0	0
93.493	0.0504871	0	0
93.526	0.0500961	0	0
93.56	0.0498776	0	0
93.593	0.0499144	0	0
93.626	0.0496204	0	0
93.66	0.0497924	0	0
93.693	0.0500688	0	0
93.726	0.0499236	0	0
93.76	0.049741	0	0
93.793	0.0496319	0	0
93.827	0.0492728	0	0
93.86	0.0490611	0	0
93.893	0.0498774	0	0
93.927	0.0513463	0	0
93.96	0.0530701	0	0
93.993	0.054946	0	0
94.027	0.056823	1	0
94.06	0.0576281	1	0
94.094	0.0573344	1	0
94.127	0.0569679	1	0
94.16	0.0564083	1	0
94.194	0.0558874	1	0
94.227	0.0554348	1	0
94.26	0.0552845	1	0
94.294	0.0542654	1	0
94.327	0.0533189	1	0
94.36	0.0533544	1	0
94.394	0.0535058	1	0
94.427	0.0535082	1	0
94.461	0.0545629	1	0
94.494	0.0545288	1	0
94.527	0.0542328	1	0
94.561	0.0544573	1	0
94.594	0.0547916	1	0
94.627	0.0547171	1	0
94.661	0.0557745	1	0
94.694	0.0559629	1	0
94.727	0.0556255	1	0
94.761	0.055364	1	0
94.794	0.0552892	1	0
94.828	0.0551434	1	0
94.861	0.0548791	1	0
94.894	0.0548037	1	0
94.928	0.0545061	1	0
94.961	0.0543604	1	0
94.994	0.0541347	1	0
95.028	0.0539222	1	0
95.061	0.0538584	1	0
95.095	0.0539367	1	0
95.128	0.0539013	1	0
95.161	0.0540858	1	0
95.195	0.0542638	1	0
95.228	0.0540369	1	0
95.261	0.0538545	1	0
95.295	0.0538876	1	0
95.328	0.0534866	1	0
95.361	0.0533779	1	0
95.395	0.0534518	1	0
95.428	0.0535231	1	0
95.462	0.0535273	1	0
95.495	0.0541553	1	0
95.528	0.0543442	1	0
95.562	0.0544916	1	0
95.595	0.0550829	1	0
95.628	0.0550795	1	0
95.662	0.0547804	1	0
95.695	0.0547743	1	0
95.728	0.0546978	1	0
95.762	0.0547722	1	0
95.795	0.0552516	1	0
95.829	0.0553587	1	0
95.862	0.0556538	1	0
95.895	0.0559858	1	0
95.929	0.0545913	1	0
95.962	0.0542212	1	0
95.995	0.0541874	1	0
96.029	0.0538903	1	0
96.062	0.0535954	1	0
96.096	0.0545053	1	0
96.129	0.054358	1	0
96.162	0.054283	1	0
96.196	0.0542112	1	0
96.229	0.0532749	1	0
96.262	0.0530209	1	0
96.296	0.0520477	1	0
96.329	0.0510007	1	0
96.362	0.0508507	1	0
96.396	0.0508856	1	0
96.429	0.0507372	1	0
96.463	0.05074	1	0
96.496	0.0507829	1	0
96.529	0.0509335	1	0
96.563	0.051479	1	0
96.596	0.0513791	0	0
96.629	0.0518413	0	0
96.663	0.0521854	0	0
96.696	0.0513847	0	0
96.729	0.0509762	0	0
96.763	0.0502388	0	0
96.796	0.0500149	0	0
96.83	0.0494351	0	0
96.863	0.0491448	0	0
96.896	0.0491813	0	0
96.93	0.0490146	0	0
96.963	0.0490879	0	0
96.996	0.0490944	0	0
97.03	0.049305	0	0
97.063	0.0489847	0	0
97.097	0.0493175	0	0
97.13	0.0490778	0	0
97.163	0.0493767	0	0
97.197	0.0490627	0	0
97.23	0.0492106	0	0
97.263	0.0490863	0	0
97.297	0.0491929	0	0
97.33	0.0494346	0	0
97.363	0.0496726	0	0
97.397	0.0498393	0	0
97.43	0.0501584	0	0
97.464	0.0503274	0	0
97.497	0.0502467	0	0
97.53	0.0505032	0	0
97.564	0.0509097	0	0
97.597	0.0511735	0	0
97.63	0.0512595	0	0
97.664	0.0513743	0	0
97.697	0.0514859	0	0
97.73	0.0510456	0	0
97.764	0.0508211	0	0
97.797	0.0505148	0	0
97.831	0.0503425	0	0
97.864	0.05014	0	0
97.897	0.050779	0	0
97.931	0.0516293	0	0
97.964	0.0528456	1	0
97.997	0.0539372	1	0
98.031	0.0548025	1	0
98.064	0.0547255	1	0
98.098	0.0544682	1	0
98.131	0.0531301	1	0
98.164	0.052584	1	0
98.198	0.052186	1	0
98.231	0.0526542	1	0
98.264	0.0529372	1	0
98.298	0.0541219	1	0
98.331	0.0533606	1	0
98.364	0.0526902	1	0
98.398	0.0522858	1	0
98.431	0.0520033	1	0
98.465	0.0517846	1	0
98.498	0.0527953	1	0
98.531	0.0538307	1	0
98.565	0.0544213	1	0
98.598	0.0550067	1	0
98.631	0.0553415	1	0
98.665	0.0553837	1	0
98.698	0.0554558	1	0
98.731	0.0549034	1	0
98.765	0.0546789	1	0
98.798	0.0541629	1	0
98.832	0.0540126	1	0
98.865	0.0539754	1	0
98.898	0.0539738	1	0
98.932	0.0539706	1	0
98.965	0.0539422	1	0
98.998	0.05395	1	0
99.032	0.0538424	1	0
99.065	0.054095	1	0
99.099	0.0538782	1	0
99.132	0.0541986	1	0
99.165	0.0543357	1	0
99.199	0.0544044	1	0
99.232	0.0541833	1	0
99.265	0.0540692	1	0
99.299	0.053847	1	0
99.332	0.0535912	1	0
99.365	0.0525098	1	0
99.399	0.0524775	1	0
99.432	0.0524131	1	0
99.466	0.0522081	1	0
99.499	0.0522892	1	0
99.532	0.0531189	1	0
99.566	0.0534512	1	0
99.599	0.0538556	1	0
99.632	0.0542814	1	0
99.666	0.0544546	1	0
99.699	0.0547755	1	0
99.732	0.0546588	1	0
99.766	0.0544648	1	0
99.799	0.0543548	1	0
99.833	0.0545026	1	0
99.866	0.0545428	1	0
99.899	0.0544346	1	0
99.933	0.0543266	1	0
99.966	0.0542173	1	0
99.999	0.0540333	1	0
100.033	0.0536683	1	0
100.066	0.0534556	1	0
100.1	0.0534207	1	0
100.133	0.0533133	1	0
100.166	0.0529535	1	0
100.2	0.0529528	1	0
100.233	0.0529098	1	0
100.266	0.0529811	1	0
100.3	0.0531281	1	0
100.333	0.0531655	1	0
100.366	0.0531607	1	0
100.4	0.0528853	1	0
100.433	0.052492	1	0
100.467	0.0521742	1	0
100.5	0.0521429	1	0
100.533	0.0520072	1	0
100.567	0.0525457	1	0
100.6	0.0529089	1	0
100.633	0.0531199	1	0
100.667	0.0532185	1	0
100.7	0.0533933	1	0
100.733	0.0532067	1	0
100.767	0.053129	1	0
100.8	0.0530998	1	0
100.834	0.0530371	1	0
100.867	0.0530822	1	0
100.9	0.0531165	1	0
100.934	0.0521783	1	0
100.967	0.0522799	1	0
101	0.052273	1	0
101.034	0.0520153	1	0
101.067	0.0518768	1	0
101.101	0.0529626	1	0
101.134	0.0529286	1	0
101.167	0.0530773	1	0
101.201	0.0533643	1	0
101.234	0.0533529	1	0
101.267	0.0530983	1	0
101.301	0.0530916	1	0
101.334	0.0529417	1	0
101.367	0.0527631	1	0
101.401	0.0528031	1	0
101.434	0.0525842	1	0
101.468	0.0527302	1	0
101.501	0.0528481	1	0
101.534	0.0531019	1	0
101.568	0.0534326	1	0
101.601	0.0540152	1	0
101.634	0.0538697	1	0
101.668	0.0540487	1	0
101.701	0.0536068	1	0
101.734	0.0527526	0	0
101.768	0.0519428	0	0
101.801	0.0513473	0	0
101.835	0.050331	0	0
101.868	0.0498782	0	0
101.901	0.0498286	0	0
101.935	0.0495848	0	0
101.968	0.0493161	0	0
102.001	0.0495921	0	0
102.035	0.0494333	0	0
102.068	0.0489878	0	0
102.102	0.048724	0	0
102.135	0.0483508	0	0
102.168	0.0478516	0	1
102.202	0.0476455	0	1
102.235	0.0476858	0	1
102.268	0.0476463	0	1
102.302	0.0478613	0	1
102.335	0.0479987	0	1
102.368	0.0482698	0	0
102.402	0.0481309	0	0
102.435	0.0481002	0	0
102.469	0.0480389	0	0
102.502	0.0480468	0	0
102.535	0.0477404	0	1
102.569	0.0479955	0	1
102.602	0.048291	0	0
102.635	0.048611	0	0
102.669	0.0486062	0	0
102.702	0.0489273	0	0
102.735	0.0490102	0	0
102.769	0.0493438	0	0
102.802	0.0502619	0	0
102.836	0.0518783	0	0
102.869	0.0535612	0	0
102.902	0.0548926	1	0
102.936	0.0558734	1	0
102.969	0.0563812	1	0
103.002	0.056193	1	0
103.036	0.055926	1	0
103.069	0.0556695	1	0
103.103	0.0554114	1	0
103.136	0.0548301	1	0
103.169	0.0544645	1	0
103.203	0.0539501	1	0
103.236	0.0539146	1	0
103.269	0.0536954	1	0
103.303	0.0536126	1	0
103.336	0.0535353	1	0
103.369	0.0534982	1	0
103.403	0.0534614	1	0
103.436	0.0533559	1	0
103.47	0.0534004	1	0
103.503	0.0533286	1	0
103.536	0.0532924	1	0
103.57	0.0534372	1	0
103.603	0.053687	1	0
103.636	0.0537959	1	0
103.67	0.0539047	1	0
103.703	0.0540136	1	0
103.736	0.0537966	1	0
103.77	0.0536223	1	0
103.803	0.0534751	1	0
103.837	0.053407	1	0
103.87	0.0535937	1	0
103.903	0.0526165	1	0
103.937	0.0525735	1	0
103.97	0.0527548	1	0
104.003	0.0528189	1	0
104.037	0.0524214	1	0
104.07	0.0535402	1	0
104.104	0.0536526	1	0
104.137	0.0532191	1	0
104.17	0.053189	1	0
104.204	0.0534368	1	0
104.237	0.0535482	1	0
104.27	0.0538001	1	0
104.304	0.0544175	1	0
104.337	0.0546361	1	0
104.37	0.0546381	1	0
104.404	0.0546749	1	0
104.437	0.0545643	1	0
104.471	0.0543758	1	0
104.504	0.0543726	1	0
104.537	0.054337	1	0
104.571	0.0541879	1	0
104.604	0.0543336	1	0
104.637	0.0531092	1	0
104.671	0.0530703	1	0
104.704	0.0529594	1	0
104.737	0.051803	1	0
104.771	0.0515081	1	0
104.804	0.0528451	1	0
104.838	0.0525918	1	0
104.871	0.052197	1	0
104.904	0.0527065	1	0
104.938	0.0514434	1	0
104.971	0.0506534	1	0
105.004	0.0491691	1	0
105.038	0.0486962	1	0
105.071	0.0478063	0	0
105.105	0.0482702	1	0
105.138	0.0475243	0	0
105.171	0.048383	1	0
105.205	0.0491095	1	0
105.238	0.0503948	1	0
105.271	0.0510877	1	0
105.305	0.0522949	1	0
105.338	0.0528859	1	0
105.371	0.0529855	1	0
105.405	0.0531659	1	0
105.438	0.0529851	1	0
105.472	0.0532448	1	0
105.505	0.0530945	1	0
105.538	0.0528764	1	0
105.572	0.0528762	1	0
105.605	0.0533098	1	0
105.638	0.0529371	1	0
105.672	0.0531564	1	0
105.705	0.0533742	1	0
105.738	0.0530182	1	0
105.772	0.0531341	1	0
105.805	0.0535029	1	0
105.839	0.0536599	1	0
105.872	0.0539983	1	0
105.905	0.0547252	1	0
105.939	0.054501	1	0
105.972	0.0546101	1	0
106.005	0.0545629	1	0
106.039	0.0542632	1	0
106.072	0.0534537	1	0
106.106	0.0530353	1	0
106.139	0.05236	1	0
106.172	0.052116	1	0
106.206	0.0519095	1	0
106.239	0.0520605	1	0
106.272	0.0524062	1	0
106.306	0.0522924	1	0
106.339	0.0516363	0	0
106.372	0.0510182	0	0
106.406	0.0503309	0	0
106.439	0.0491774	0	0
106.473	0.0484449	0	0
106.506	0.0479935	0	1
106.539	0.0475996	0	1
106.573	0.0474879	0	1
106.606	0.047514	0	1
106.639	0.0477517	0	1
106.673	0.0480139	0	0
106.706	0.0479371	0	1
106.739	0.0477017	0	1
106.773	0.047693	0	1
106.806	0.0476119	0	1
106.84	0.047197	0	1
106.873	0.0475228	0	1
106.906	0.0475762	0	1
106.94	0.0475956	0	1
106.973	0.0476132	0	1
107.006	0.0479903	0	1
107.04	0.0479912	0	1
107.073	0.0480286	0	0
107.107	0.0481371	0	0
107.14	0.0481646	0	0
107.173	0.0482622	0	0
107.207	0.0480076	0	0
107.24	0.047926	0	1
107.273	0.0480045	0	0
107.307	0.0482122	0	0
107.34	0.0484111	0	0
107.373	0.0487773	0	0
107.407	0.0494318	0	0
107.44	0.0494297	0	0
107.474	0.0490256	0	0
107.507	0.0488831	0	0
107.54	0.0486325	0	0
107.574	0.0481709	0	0
107.607	0.0482432	0	0
107.64	0.0486314	0	0
107.674	0.0495725	0	0
107.707	0.0515659	0	0
107.74	0.0530928	1	0
107.774	0.0545801	1	0
107.807	0.0558566	1	0
107.841	0.0561101	1	0
107.874	0.0557376	1	0
107.907	0.0555501	1	0
107.941	0.0551774	1	0
107.974	0.0551029	1	0
108.007	0.0552163	1	0
108.041	0.0551075	1	0
108.074	0.054193	1	0
108.108	0.0533876	1	0
108.141	0.0529068	1	0
108.174	0.0518518	1	0
108.208	0.0514804	1	0
108.241	0.0519872	1	0
108.274	0.0518772	1	0
108.308	0.0512707	1	0
108.341	0.0511948	1	0
108.374	0.0514176	1	0
108.408	0.0509184	1	0
108.441	0.0518737	1	0
108.475	0.0527787	1	0
108.508	0.0535772	1	0
108.541	0.0535064	1	0
108.575	0.054154	1	0
108.608	0.0540079	1	0
108.641	0.0530256	1	0
108.675	0.0520818	1	0
108.708	0.0510946	1	0
108.741	0.0501138	1	0
108.775	0.0489896	1	0
108.808	0.0490296	1	0
108.842	0.0490984	1	0
108.875	0.0493192	1	0
108.908	0.0503393	1	0
108.942	0.0514984	1	0
108.975	0.0523616	1	0
109.008	0.0522596	1	0
109.042	0.0520069	1	0
109.075	0.0510763	1	0
109.109	0.0505979	1	0
109.142	0.0503871	1	0
109.175	0.0510368	1	0
109.209	0.0516171	1	0
109.242	0.0525157	1	0
109.275	0.0518807	1	0
109.309	0.0510853	1	0
109.342	0.0503612	1	0
109.375	0.0497183	1	0
109.409	0.0497131	1	0
109.442	0.0501878	0	0
109.476	0.0505599	0	0
109.509	0.0512907	0	0
109.542	0.0519372	0	0
109.576	0.0521591	1	0
109.609	0.0526513	1	0
109.642	0.0530676	1	0
109.676	0.0531365	1	0
109.709	0.0535694	1	0
109.742	0.0533495	1	0
109.776	0.0526606	1	0
109.809	0.0529926	1	0
109.843	0.0532072	1	0
109.876	0.0533569	1	0
109.909	0.0527346	1	0
109.943	0.0527056	1	0
109.976	0.0518369	1	0
110.009	0.0511186	1	0
110.043	0.0501364	1	0
110.076	0.0504414	1	0
110.11	0.0502541	1	0
110.143	0.0506119	1	0
110.176	0.0512187	1	0
110.21	0.0517258	1	0
110.243	0.0517538	1	0
110.276	0.0522646	1	0
110.31	0.0525951	1	0
110.343	0.052389	1	0
110.376	0.0525693	1	0
110.41	0.0528928	1	0
110.443	0.05307	1	0
110.477	0.0520191	1	0
110.51	0.0523047	1	0
110.543	0.0512567	1	0
110.577	0.0511873	1	0
110.61	0.0514203	1	0
110.643	0.0513281	1	0
110.677	0.0508949	1	0
110.71	0.0516297	1	0
110.743	0.0512839	1	0
110.777	0.0511233	1	0
110.81	0.0516122	0	0
110.844	0.051025	0	0
110.877	0.0503994	0	0
110.91	0.0498342	0	0
110.944	0.0489577	0	0
110.977	0.0487406	0	0
111.01	0.0488918	0	0
111.044	0.0491301	0	0
111.077	0.049062	0	0
111.111	0.0491719	0	0
111.144	0.0493857	0	0
111.177	0.04941	0	0
111.211	0.0492655	0	0
111.244	0.0491291	0	0
111.277	0.0491355	0	0
111.311	0.0490264	0	0
111.344	0.0489657	0	0
111.377	0.0490029	0	0
111.411	0.0493093	0	0
111.444	0.0494056	0	0
111.478	0.0491546	0	0
111.511	0.0492075	0	0
111.544	0.0489993	0	0
111.578	0.0492176	0	0
111.611	0.0492926	0	0
111.644	0.0491865	0	0
111.678	0.0489551	0	0
111.711	0.0489107	0	0
111.744	0.048363	0	0
111.778	0.048154	0	0
111.811	0.0485755	0	0
111.845	0.0488345	0	0
111.878	0.0491447	0	0
111.911	0.0495861	0	0
111.945	0.0498772	0	0
111.978	0.0499619	0	0
112.011	0.0500934	0	0
112.045	0.050185	0	0
112.078	0.0500872	0	0
112.112	0.0502737	0	0
112.145	0.050454	0	0
112.178	0.0510825	1	0
112.212	0.0517202	1	0
112.245	0.0523043	1	0
112.278	0.0520661	1	0
112.312	0.0523023	1	0
112.345	0.0521179	1	0
112.378	0.051782	1	0
112.412	0.051591	1	0
112.445	0.0519458	1	0
112.479	0.0516898	1	0
112.512	0.0514813	1	0
112.545	0.0513738	1	0
112.579	0.0514488	1	0
112.612	0.0515085	1	0
112.645	0.0513864	1	0
112.679	0.0514382	1	0
112.712	0.0518328	1	0
112.745	0.0523384	1	0
112.779	0.0528153	1	0
112.812	0.0537258	1	0
112.846	0.0534398	1	0
112.879	0.0534749	1	0
112.912	0.0531469	1	0
112.946	0.0527404	1	0
112.979	0.0526293	1	0
113.012	0.0535031	1	0
113.046	0.0537585	1	0
113.079	0.0538362	1	0
113.113	0.0531973	1	0
113.146	0.0520072	1	0
113.179	0.050862	1	0
113.213	0.0504583	1	0
113.246	0.0503109	1	0
113.279	0.0508464	1	0
113.313	0.0517412	1	0
113.346	0.0515224	1	0
113.379	0.051674	1	0
113.413	0.0518234	1	0
113.446	0.0512135	1	0
113.48	0.0504224	1	0
113.513	0.0504954	1	0
113.546	0.0495485	1	0
113.58	0.0496874	1	0
113.613	0.0506154	1	0
113.646	0.0513372	1	0
113.68	0.0525144	1	0
113.713	0.0535677	1	0
113.746	0.05292	1	0
113.78	0.0528171	1	0
113.813	0.0524912	1	0
113.847	0.0520944	1	0
113.88	0.0520553	1	0
113.913	0.0512402	1	0
113.947	0.0510195	1	0
113.98	0.0514908	1	0
114.013	0.0516716	1	0
114.047	0.0503092	1	0
114.08	0.0517345	1	0
114.114	0.051196	1	0
114.147	0.0511625	1	0
114.18	0.0511237	1	0
114.214	0.0523395	1	0
114.247	0.052195	1	0
114.28	0.0531313	1	0
114.314	0.0533464	1	0
114.347	0.0535298	1	0
114.38	0.0537171	1	0
114.414	0.0542745	1	0
114.447	0.0533053	1	0
114.481	0.0537128	1	0
114.514	0.0543061	1	0
114.547	0.0546347	1	0
114.581	0.0544472	1	0
114.614	0.0558231	1	0
114.647	0.0553816	0	0
114.681	0.0548622	0	0
114.714	0.0545339	0	0
114.747	0.0540301	0	0
114.781	0.0534901	0	0
114.814	0.0531976	0	0
114.848	0.052952	0	0
114.881	0.0524846	0	0
114.914	0.0523708	0	0
114.948	0.0520136	0	0
114.981	0.0515934	0	0
115.014	0.0513313	0	0
115.048	0.0512376	0	0
115.081	0.050708	0	0
115.115	0.0501644	0	0
115.148	0.0497343	0	0
115.181	0.0492141	0	0
115.215	0.0488771	0	0
115.248	0.0491546	0	0
115.281	0.0496674	0	0
115.315	0.0500199	0	0
115.348	0.0502982	0	0
115.381	0.0506464	0	0
115.415	0.0506847	0	0
115.448	0.0504119	0	0
115.482	0.0502731	0	0
115.515	0.0502841	0	0
115.548	0.0499902	0	0
115.582	0.0498649	0	0
115.615	0.0498453	0	0
115.648	0.0493162	0	0
115.682	0.0492945	0	0
115.715	0.0492261	0	0
115.748	0.049129	0	0
115.782	0.0493601	0	0
115.815	0.0499516	0	0
115.849	0.0500985	0	0
115.882	0.0506546	0	0
115.915	0.0509535	0	0
115.949	0.0509684	0	0
115.982	0.0512251	0	0
116.015	0.0511375	0	0
116.049	0.0508259	0	0
116.082	0.0508574	0	0
116.116	0.051212	0	0
116.149	0.0512093	1	0
116.182	0.0511127	1	0
116.216	0.0512414	1	0
116.249	0.050922	1	0
116.282	0.0502503	1	0
116.316	0.0498045	1	0
116.349	0.0493782	1	0
116.382	0.0488837	1	0
116.416	0.0486839	1	0
116.449	0.0482959	1	0
116.483	0.0486279	1	0
116.516	0.0497408	1	0
116.549	0.0497601	1	0
116.583	0.0508551	1	0
116.616	0.0513009	1	0
116.649	0.0509489	1	0
116.683	0.0511661	1	0
116.716	0.0512361	1	0
116.749	0.051313	1	0
116.783	0.0523686	1	0
116.816	0.0525688	1	0
116.85	0.0515561	1	0
116.883	0.0516981	1	0
116.916	0.0506919	1	0
116.95	0.0494649	1	0
116.983	0.0494328	1	0
117.016	0.0494274	1	0
117.05	0.0493496	1	0
117.083	0.0501336	1	0
117.117	0.050085	1	0
117.15	0.0512112	1	0
117.183	0.0523779	1	0
117.217	0.0532229	0	0
117.25	0.0531818	0	0
117.283	0.0543496	0	0
117.317	0.0541295	0	0
117.35	0.0539117	0	0
117.383	0.0543466	0	0
117.417	0.0551264	1	0
117.45	0.0554905	1	0
117.484	0.0555299	1	0
117.517	0.055495	1	0
117.55	0.0540889	1	0
117.584	0.0534277	1	0
117.617	0.0528776	1	0
117.65	0.0523694	1	0
117.684	0.0522593	1	0
117.717	0.0531546	1	0
117.75	0.0530024	1	0
117.784	0.0528912	1	0
117.817	0.0531793	1	0
117.851	0.053143	1	0
117.884	0.0531759	1	0
117.917	0.0533242	1	0
117.951	0.0530714	1	0
117.984	0.0527203	1	0
118.017	0.0523956	1	0
118.051	0.0517284	1	0
118.084	0.0508985	1	0
118.118	0.0505948	1	0
118.151	0.0499475	1	0
118.184	0.0491303	1	0
118.218	0.0489535	1	0
118.251	0.0484384	1	0
118.284	0.0482509	1	0
118.318	0.0484303	1	0
118.351	0.0490887	1	0
118.384	0.0493451	0	0
118.418	0.0496645	0	0
118.451	0.0493077	0	0
118.485	0.0486866	0	0
118.518	0.0477752	0	1
118.551	0.0467588	0	1
118.585	0.0463105	0	1
118.618	0.046212	0	1
118.651	0.0462372	0	1
118.685	0.0466476	0	1
118.718	0.0469486	0	1
118.751	0.0470794	0	1
118.785	0.0469867	0	1
118.818	0.0472096	0	1
118.852	0.0468595	0	1
118.885	0.047149	0	1
118.918	0.0475053	0	1
118.952	0.0478865	0	1
118.985	0.0478106	0	1
119.018	0.0477402	0	1
119.052	0.047492	0	1
119.085	0.0473033	0	1
119.119	0.0471283	0	1
119.152	0.0473801	0	1
119.185	0.0476795	0	1
119.219	0.047894	0	1
119.252	0.0479724	0	1
119.285	0.0480711	0	0
119.319	0.048133	0	0
119.352	0.0481992	0	0
119.385	0.0480841	0	0
119.419	0.0478071	0	1
119.452	0.0475943	0	1
119.486	0.0474511	0	1
119.519	0.0478537	0	1
119.552	0.0490237	0	0
119.586	0.051508	0	0
119.619	0.0538209	1	0
119.652	0.0554335	1	0
119.686	0.0561796	1	0
119.719	0.0554238	1	0
119.752	0.0542062	1	0
119.786	0.0531671	1	0
119.819	0.0527987	1	0
119.853	0.0529099	1	0
119.886	0.0543258	1	0
119.919	0.0549851	1	0
119.953	0.0556079	1	0
119.986	0.0548788	1	0
120.019	0.0554322	1	0
120.053	0.0561859	1	0
120.086	0.0561859	1	0
120.12	0.056223	1	0
120.153	0.0559319	1	0
120.186	0.0553773	1	0
120.22	0.0545849	1	0
120.253	0.0540332	1	0
120.286	0.0534435	1	0
120.32	0.0542052	1	0
120.353	0.0527958	1	0
120.386	0.0511208	1	0
120.42	0.0500737	1	0
120.453	0.0489885	1	0
120.487	0.0491747	1	0
120.52	0.0504347	1	0
120.553	0.0502274	1	0
120.587	0.0500796	1	0
120.62	0.0497626	1	0
120.653	0.0480539	1	0
120.687	0.0464136	0	0
120.72	0.0462277	0	0
120.753	0.0457706	0	0
120.787	0.0458351	0	0
120.82	0.0462054	0	0
120.854	0.0464235	0	0
120.887	0.046441	0	0
120.92	0.0465282	0	0
120.954	0.0461351	0	0
120.987	0.0461101	0	0
121.02	0.046922	0	0
121.054	0.0476626	0	0
121.087	0.0478329	0	0
121.121	0.0491198	1	0
121.154	0.0500512	1	0
121.187	0.0502677	1	0
121.221	0.0499399	1	0
121.254	0.0500325	1	0
121.287	0.0491586	1	0
121.321	0.0481042	1	0
121.354	0.0471121	0	0
121.387	0.0479106	0	0
121.421	0.0489183	1	0
121.454	0.0490246	1	0
121.488	0.050154	1	0
121.521	0.0505015	1	0
121.554	0.0493961	1	0
121.588	0.0495071	1	0
121.621	0.0495246	1	0
121.654	0.0482775	1	0
121.688	0.0478506	0	0
121.721	0.047726	0	0
121.754	0.0465981	0	0
121.788	0.0464033	0	0
121.821	0.0474982	0	0
121.855	0.0478502	0	0
121.888	0.0481493	1	0
121.921	0.048958	1	0
121.955	0.048731	1	0
121.988	0.0486329	1	0
122.021	0.0485767	1	0
122.055	0.0485488	1	0
122.088	0.0478307	0	0
122.122	0.0482413	1	0
122.155	0.0474834	0	0
122.188	0.0470184	0	0
122.222	0.0464836	0	0
122.255	0.0458933	0	0
122.288	0.0453309	0	0
122.322	0.0446859	0	0
122.355	0.0443899	0	0
122.388	0.0451676	0	0
122.422	0.0459084	0	0
122.455	0.0464433	0	0
122.489	0.0467143	0	0
122.522	0.0469722	0	0
122.555	0.0470083	0	0
122.589	0.0474374	0	0
122.622	0.048055	1	0
122.655	0.048029	1	0
122.689	0.0481053	1	0
122.722	0.0474806	0	0
122.755	0.0466417	0	0
122.789	0.0457563	0	0
122.822	0.046011	0	0
122.856	0.0460719	0	0
122.889	0.0461197	0	0
122.922	0.0460537	0	0
122.956	0.0462166	0	0
122.989	0.0463242	0	0
123.022	0.046205	0	0
123.056	0.0460214	0	0
123.089	0.046562	0	0
123.123	0.0461754	0	0
123.156	0.046401	0	0
123.189	0.046857	0	0
123.223	0.0474148	0	0
123.256	0.0475052	0	0
123.289	0.0481313	1	0
123.323	0.0482847	1	0
123.356	0.0484867	1	0
123.389	0.0489154	1	0
123.423	0.0482691	1	0
123.456	0.0478377	0	0
123.49	0.0472344	0	0
123.523	0.0465403	0	0
123.556	0.0455031	0	0
123.59	0.0463433	0	0
123.623	0.0461096	0	0
123.656	0.0460538	0	0
123.69	0.0464378	0	0
123.723	0.0465254	0	0
123.756	0.0457024	0	0
123.79	0.0459593	0	0
123.823	0.0460287	0	0
123.857	0.0458881	0	0
123.89	0.0461173	0	0
123.923	0.0462363	0	0
123.957	0.0460364	0	0
123.99	0.0463538	0	0
124.023	0.0464134	0	0
124.057	0.046507	0	0
124.09	0.0473471	0	0
124.124	0.048621	1	0
124.157	0.0492724	1	0
124.19	0.0496572	1	0
124.224	0.0507613	1	0
124.257	0.0508321	1	0
124.29	0.0511127	1	0
124.324	0.0504943	1	0
124.357	0.0507645	1	0
124.39	0.0500425	1	0
124.424	0.0505906	1	0
124.457	0.0499019	1	0
124.491	0.0503592	1	0
124.524	0.0506126	1	0
124.557	0.0509401	1	0
124.591	0.0513137	1	0
124.624	0.0524521	1	0
124.657	0.0536632	1	0
124.691	0.054922	1	0
124.724	0.054995	1	0
124.757	0.0538225	1	0
124.791	0.0530191	1	0
124.824	0.0519643	1	0
124.858	0.0507161	1	0
124.891	0.0509025	1	0
124.924	0.0518545	1	0
124.958	0.052033	1	0
124.991	0.0522793	1	0
125.024	0.0521315	1	0
125.058	0.0520921	1	0
125.091	0.0526085	1	0
125.125	0.0531211	1	0
125.158	0.0541554	1	0
125.191	0.055517	1	0
125.225	0.0564011	1	0
125.258	0.0562895	1	0
125.291	0.0570365	1	0
125.325	0.0563335	1	0
125.358	0.0552609	1	0
125.391	0.055483	1	0
125.425	0.0550338	1	0
125.458	0.0543977	1	0
125.492	0.0549465	1	0
125.525	0.0559014	1	0
125.558	0.0559344	1	0
125.592	0.0566067	1	0
125.625	0.0568969	1	0
125.658	0.0531352	1	0
125.692	0.0492329	1	0
125.725	0.0565231	1	0
125.758	0.0640007	1	0
125.792	0.0724814	1	0
125.825	0.0851359	1	0
125.859	0.0994804	1	0
125.892	0.104454	1	0
125.925	0.111296	1	0
125.959	0.118692	1	0
125.992	0.126369	1	0
126.025	0.132405	1	0
126.059	0.136129	1	0
126.092	0.137587	1	0
126.126	0.137613	1	0
126.159	0.136772	1	0
126.192	0.135899	1	0
126.226	0.13545	1	0
126.259	0.135043	1	0
126.292	0.134976	1	0
126.326	0.135237	1	0
126.359	0.13514	1	0
126.392	0.135861	1	0
126.426	0.13558	1	0
126.459	0.134759	1	0
126.493	0.134326	1	0
126.526	0.133879	1	0
126.559	0.132585	1	0
126.593	0.131966	1	0
126.626	0.131573	1	0
126.659	0.130804	1	0
126.693	0.130943	1	0
126.726	0.130251	1	0
126.759	0.130117	1	0
126.793	0.129948	1	0
126.826	0.12974	1	0
126.86	0.129697	1	0
126.893	0.130002	1	0
126.926	0.129814	1	0
126.96	0.130051	1	0
126.993	0.129981	1	0
127.026	0.129476	1	0
127.06	0.129371	1	0
127.093	0.129371	1	0
127.127	0.129371	1	0