time	rmse	false positive	false negative
1.968	0.0193285	0	0
2.002	0.0193285	0	0
2.035	0.0193285	0	0
2.068	0.0194516	0	0
2.102	0.0194389	0	0
2.135	0.0200635	0	0
2.168	0.0195932	0	0
2.202	0.0194047	0	0
2.235	0.0188079	0	0
2.268	0.0188363	0	0
2.302	0.0183069	0	0
2.335	0.0183692	0	0
2.369	0.0180295	0	0
2.402	0.0192222	0	0
2.435	0.0197242	0	0
2.469	0.0195635	0	0
2.502	0.0199493	0	0
2.535	0.0199760	0	0
2.569	0.0194844	0	0
2.602	0.0193485	0	0
2.635	0.0191305	0	0
2.669	0.0190716	0	0
2.702	0.0188795	0	0
2.736	0.0189744	0	0
2.769	0.0189735	0	0
2.802	0.0196082	0	0
2.836	0.0204148	0	0
2.869	0.0209889	0	0
2.902	0.0206071	0	0
2.936	0.0201840	0	0
2.969	0.0191462	0	0
3.003	0.0186313	0	0
3.036	0.0181129	0	0
3.069	0.0181932	0	0
3.103	0.0187226	0	0
3.136	0.0194317	0	0
3.169	0.0196844	0	0
3.203	0.0197598	0	0
3.236	0.0203027	0	0
3.269	0.0202728	0	0
3.303	0.0199795	0	0
3.336	0.0194523	0	0
3.370	0.0199528	0	0
3.403	0.0197508	0	0
3.436	0.0195109	0	0
3.470	0.0194525	0	0
3.503	0.0199467	0	0
3.536	0.0195274	0	0
3.570	0.0191529	0	0
3.603	0.0192130	0	0
3.636	0.0194547	0	0
3.670	0.0189595	0	0
3.703	0.0191901	0	0
3.737	0.0197976	0	0
3.770	0.0201560	0	0
3.803	0.0204035	0	0
3.837	0.0209111	0	0
3.870	0.0210949	0	0
3.903	0.0211346	0	0
3.937	0.0203111	0	0
3.970	0.0198314	0	0
4.004	0.0194766	0	0
4.037	0.0188678	0	0
4.070	0.0181169	0	0
4.104	0.0179873	0	0
4.137	0.0180277	0	0
4.170	0.0208923	0	0
4.204	0.0265299	0	0
4.237	0.0336323	0	0
4.270	0.0407852	0	0
4.304	0.0459738	0	0
4.337	0.0465822	0	0
4.371	0.0436994	0	0
4.404	0.0385740	0	0
4.437	0.0336664	0	0
4.471	0.0300326	0	0
4.504	0.0275930	0	0
4.537	0.0263416	0	0
4.571	0.0245642	0	0
4.604	0.0233193	0	0
4.637	0.0222000	0	0
4.671	0.0221330	0	0
4.704	0.0218459	0	0
4.738	0.0225290	0	0
4.771	0.0221438	0	0
4.804	0.0223730	0	0
4.838	0.0224828	0	0
4.871	0.0231434	0	0
4.904	0.0230134	0	0
4.938	0.0237331	0	0
4.971	0.0233101	0	0
5.005	0.0223406	0	0
5.038	0.0206070	0	0
5.071	0.0210789	0	0
5.105	0.0202487	0	0
5.138	0.0203215	0	0
5.171	0.0205325	0	0
5.205	0.0212149	0	0
5.238	0.0207123	0	0
5.271	0.0205666	0	0
5.305	0.0208944	0	0
5.338	0.0211466	0	0
5.372	0.0209450	0	0
5.405	0.0206003	0	0
5.438	0.0209555	0	0
5.472	0.0207040	0	0
5.505	0.0206968	0	0
5.538	0.0199687	0	0
5.572	0.0199173	0	0
5.605	0.0203956	0	0
5.638	0.0203678	0	0
5.672	0.0203099	0	0
5.705	0.0219307	0	0
5.739	0.0223913	0	0
5.772	0.0214759	0	0
5.805	0.0218866	0	0
5.839	0.0225833	0	0
5.872	0.0221688	0	0
5.905	0.0218986	0	0
5.939	0.0227799	0	0
5.972	0.0218297	0	0
6.006	0.0206042	0	0
6.039	0.0194356	0	0
6.072	0.0195341	0	0
6.106	0.0190402	0	0
6.139	0.0193924	0	0
6.172	0.0196640	0	0
6.206	0.0199731	0	0
6.239	0.0203571	0	0
6.272	0.0207399	0	0
6.306	0.0207277	0	0
6.339	0.0204644	0	0
6.373	0.0207683	0	0
6.406	0.0204969	0	0
6.439	0.0207497	0	0
6.473	0.0219383	0	0
6.506	0.0228383	0	0
6.539	0.0225562	0	0
6.573	0.0222907	0	0
6.606	0.0212698	0	0
6.639	0.0197885	0	0
6.673	0.0196406	0	0
6.706	0.0202421	0	0
6.740	0.0201947	0	0
6.773	0.0209382	0	0
6.806	0.0210958	0	0
6.840	0.0209598	0	0
6.873	0.0208867	0	0
6.906	0.0215968	0	0
6.940	0.0216294	0	0
6.973	0.0215466	0	0
7.007	0.0208900	0	0
7.040	0.0208396	0	0
7.073	0.0204225	0	0
7.107	0.0209742	0	0
7.140	0.0215557	0	0
7.173	0.0222132	0	0
7.207	0.0224715	0	0
7.240	0.0223313	0	0
7.273	0.0219195	0	0
7.307	0.0213743	0	0
7.340	0.0212322	0	0
7.374	0.0213062	0	0
7.407	0.0215237	0	0
7.440	0.0211022	0	0
7.474	0.0217245	0	0
7.507	0.0219835	0	0
7.540	0.0218746	0	0
7.574	0.0216505	0	0
7.607	0.0222045	0	0
7.640	0.0222416	0	0
7.674	0.0221140	0	0
7.707	0.0226200	0	0
7.741	0.0230042	0	0
7.774	0.0223604	0	0
7.807	0.0225690	0	0
7.841	0.0228207	0	0
7.874	0.0226731	0	0
7.907	0.0225111	0	0
7.941	0.0224465	0	0
7.974	0.0219198	0	0
8.008	0.0214313	0	0
8.041	0.0208871	0	0
8.074	0.0209474	0	0
8.108	0.0213163	0	0
8.141	0.0211727	0	0
8.174	0.0209387	0	0
8.208	0.0211524	0	0
8.241	0.0200747	0	0
8.274	0.0193005	0	0
8.308	0.0192436	0	0
8.341	0.0189093	0	0
8.375	0.0183651	0	0
8.408	0.0189779	0	0
8.441	0.0190517	0	0
8.475	0.0189184	0	0
8.508	0.0196251	0	0
8.541	0.0199991	0	0
8.575	0.0193665	0	0
8.608	0.0187610	0	0
8.641	0.0183654	0	0
8.675	0.0174129	0	0
8.708	0.0162516	0	0
8.742	0.0161629	0	0
8.775	0.0162883	0	0
8.808	0.0154802	0	0
8.842	0.0150496	0	0
8.875	0.0149569	0	0
8.908	0.0148397	0	0
8.942	0.0142960	0	0
8.975	0.0146733	0	0
9.009	0.0148168	0	0
9.042	0.0148747	0	0
9.075	0.0147594	0	0
9.109	0.0154564	0	0
9.142	0.0158538	0	0
9.175	0.0159337	0	0
9.209	0.0152898	0	0
9.242	0.0151953	0	0
9.275	0.0149631	0	0
9.309	0.0143248	0	0
9.342	0.0139505	0	0
9.376	0.0147373	0	0
9.409	0.0146245	0	0
9.442	0.0140460	0	0
9.476	0.0142952	0	0
9.509	0.0141295	0	0
9.542	0.0133817	0	0
9.576	0.0137682	0	0
9.609	0.0140273	0	0
9.642	0.0145963	0	0
9.676	0.0150551	0	0
9.709	0.0157145	0	0
9.743	0.0149349	0	0
9.776	0.0153934	0	0
9.809	0.0145812	0	0
9.843	0.0138493	0	0
9.876	0.0134361	0	0
9.909	0.0140402	0	0
9.943	0.0131385	0	0
9.976	0.0138115	0	0
10.010	0.0149620	0	0
10.043	0.0151395	0	0
10.076	0.0154451	0	0
10.110	0.0166032	0	0
10.143	0.0160167	0	0
10.176	0.0155554	0	0
10.210	0.0156544	0	0
10.243	0.0151858	0	0
10.276	0.0145571	0	0
10.310	0.0146183	0	0
10.343	0.0146118	0	0
10.377	0.0147546	0	0
10.410	0.0150002	0	0
10.443	0.0154435	0	0
10.477	0.0158258	0	0
10.510	0.0161974	0	0
10.543	0.0161168	0	0
10.577	0.0161752	0	0
10.610	0.0166204	0	0
10.643	0.0163796	0	0
10.677	0.0163386	0	0
10.710	0.0158656	0	0
10.744	0.0158072	0	0
10.777	0.0152174	0	0
10.810	0.0148157	0	0
10.844	0.0144890	0	0
10.877	0.0152236	0	0
10.910	0.0159222	0	0
10.944	0.0155429	0	0
10.977	0.0163603	0	0
11.011	0.0164146	0	0
11.044	0.0158880	0	0
11.077	0.0155422	0	0
11.111	0.0159928	0	0
11.144	0.0159515	0	0
11.177	0.0160362	0	0
11.211	0.0157362	0	0
11.244	0.0156297	0	0
11.277	0.0158651	0	0
11.311	0.0163563	0	0
11.344	0.0172726	0	0
11.378	0.0209815	0	0
11.411	0.0279448	0	0
11.444	0.0376583	0	0
11.478	0.0472750	0	0
11.511	0.0560637	0	0
11.544	0.0597124	0	0
11.578	0.0569258	0	0
11.611	0.0499346	0	0
11.644	0.0417662	0	0
11.678	0.0341041	0	0
11.711	0.0289481	0	0
11.745	0.0255653	0	0
11.778	0.0232178	0	0
11.811	0.0217435	0	0
11.845	0.0200949	0	0
11.878	0.0188584	0	0
11.911	0.0186518	0	0
11.945	0.0180404	0	0
11.978	0.0179294	0	0
12.012	0.0181434	0	0
12.045	0.0175015	0	0
12.078	0.0166121	0	0
12.112	0.0165905	0	0
12.145	0.0158980	0	0
12.178	0.0154491	0	0
12.212	0.0156132	0	0
12.245	0.0155591	0	0
12.278	0.0157747	0	0
12.312	0.0158583	0	0
12.345	0.0160754	0	0
12.379	0.0162471	0	0
12.412	0.0164655	0	0
12.445	0.0160500	0	0
12.479	0.0159035	0	0
12.512	0.0153775	0	0
12.545	0.0146767	0	0
12.579	0.0143578	0	0
12.612	0.0143500	0	0
12.645	0.0143716	0	0
12.679	0.0151000	0	0
12.712	0.0157029	0	0
12.746	0.0162707	0	0
12.779	0.0165095	0	0
12.812	0.0173040	0	0
12.846	0.0163083	0	0
12.879	0.0168165	0	0
12.912	0.0162848	0	0
12.946	0.0168948	0	0
12.979	0.0167439	0	0
13.013	0.0174101	0	0
13.046	0.0168945	0	0
13.079	0.0174396	0	0
13.113	0.0163900	0	0
13.146	0.0163368	0	0
13.179	0.0162561	0	0
13.213	0.0163797	0	0
13.246	0.0159748	0	0
13.279	0.0161692	0	0
13.313	0.0151098	0	0
13.346	0.0146944	0	0
13.380	0.0144839	0	0
13.413	0.0151148	0	0
13.446	0.0148690	0	0
13.480	0.0155853	0	0
13.513	0.0158506	0	0
13.546	0.0155532	0	0
13.580	0.0151981	0	0
13.613	0.0158189	0	0
13.646	0.0157310	0	0
13.680	0.0156672	0	0
13.713	0.0160122	0	0
13.747	0.0154961	0	0
13.780	0.0153013	0	0
13.813	0.0153304	0	0
13.847	0.0150327	0	0
13.880	0.0147685	0	0
13.913	0.0145090	0	0
13.947	0.0140647	0	0
13.980	0.0142699	0	0
14.014	0.0143212	0	0
14.047	0.0148802	0	0
14.080	0.0150517	0	0
14.114	0.0150333	0	0
14.147	0.0145382	0	0
14.180	0.0145954	0	0
14.214	0.0144183	0	0
14.247	0.0150352	0	0
14.280	0.0161799	0	0
14.314	0.0164836	0	0
14.347	0.0167056	0	0
14.381	0.0174218	0	0
14.414	0.0179532	0	0
14.447	0.0173942	0	0
14.481	0.0175306	0	0
14.514	0.0175729	0	0
14.547	0.0166757	0	0
14.581	0.0163482	0	0
14.614	0.0162470	0	0
14.647	0.0157563	0	0
14.681	0.0155732	0	0
14.714	0.0156820	0	0
14.748	0.0152611	0	0
14.781	0.0152683	0	0
14.814	0.0158633	0	0
14.848	0.0168065	0	0
14.881	0.0164587	0	0
14.914	0.0162510	0	0
14.948	0.0162917	0	0
14.981	0.0158458	0	0
15.015	0.0145261	0	0
15.048	0.0153090	0	0
15.081	0.0160006	0	0
15.115	0.0159296	0	0
15.148	0.0165081	0	0
15.181	0.0175273	0	0
15.215	0.0178836	0	0
15.248	0.0176261	0	0
15.281	0.0176624	0	0
15.315	0.0172916	0	0
15.348	0.0163008	0	0
15.382	0.0155962	0	0
15.415	0.0151113	0	0
15.448	0.0150420	0	0
15.482	0.0150218	0	0
15.515	0.0156432	0	0
15.548	0.0156591	0	0
15.582	0.0158360	0	0
15.615	0.0156249	0	0
15.648	0.0156375	0	0
15.682	0.0158061	0	0
15.715	0.0163424	0	0
15.749	0.0163766	0	0
15.782	0.0164028	0	0
15.815	0.0170061	0	0
15.849	0.0169797	0	0
15.882	0.0160863	0	0
15.915	0.0163693	0	0
15.949	0.0166772	0	0
15.982	0.0162226	0	0
16.016	0.0157701	0	0
16.049	0.0160633	0	0
16.082	0.0157904	0	0
16.116	0.0149143	0	0
16.149	0.0143402	0	0
16.182	0.0142196	0	0
16.216	0.0142885	0	0
16.249	0.0157711	0	0
16.282	0.0218136	0	0
16.316	0.0312991	0	0
16.349	0.0400582	0	0
16.383	0.0475490	0	0
16.416	0.0510722	0	0
16.449	0.0491999	0	0
16.483	0.0431131	0	0
16.516	0.0368948	0	0
16.549	0.0304022	0	0
16.583	0.0263788	0	0
16.616	0.0240807	0	0
16.649	0.0219068	0	0
16.683	0.0198869	0	0
16.716	0.0191595	0	0
16.750	0.0185265	0	0
16.783	0.0177703	0	0
16.816	0.0170320	0	0
16.850	0.0169837	0	0
16.883	0.0170778	0	0
16.916	0.0166470	0	0
16.950	0.0163304	0	0
16.983	0.0167407	0	0
17.017	0.0167960	0	0
17.050	0.0166624	0	0
17.083	0.0171448	0	0
17.117	0.0170476	0	0
17.150	0.0170672	0	0
17.183	0.0171478	0	0
17.217	0.0167659	0	0
17.250	0.0163296	0	0
17.283	0.0159802	0	0
17.317	0.0154064	0	0
17.350	0.0151162	0	0
17.384	0.0156164	0	0
17.417	0.0155536	0	0
17.450	0.0155352	0	0
17.484	0.0153416	0	0
17.517	0.0150453	0	0
17.550	0.0141482	0	0
17.584	0.0144387	0	0
17.617	0.0144571	0	0
17.650	0.0147872	0	0
17.684	0.0152188	0	0
17.717	0.0158146	0	0
17.751	0.0153793	0	0
17.784	0.0158966	0	0
17.817	0.0157730	0	0
17.851	0.0156465	0	0
17.884	0.0158010	0	0
17.917	0.0158816	0	0
17.951	0.0154337	0	0
17.984	0.0160593	0	0
18.018	0.0176704	0	0
18.051	0.0192965	0	0
18.084	0.0214892	0	0
18.118	0.0221763	0	0
18.151	0.0221344	0	0
18.184	0.0212919	0	0
18.218	0.0197135	0	0
18.251	0.0180349	0	0
18.284	0.0178051	0	0
18.318	0.0173240	0	0
18.351	0.0169906	0	0
18.385	0.0164948	0	0
18.418	0.0159635	0	0
18.451	0.0160058	0	0
18.485	0.0159404	0	0
18.518	0.0153132	0	0
18.551	0.0154420	0	0
18.585	0.0153528	0	0
18.618	0.0152145	0	0
18.651	0.0153219	0	0
18.685	0.0154207	0	0
18.718	0.0154881	0	0
18.752	0.0155141	0	0
18.785	0.0156953	0	0
18.818	0.0157392	0	0
18.852	0.0160472	0	0
18.885	0.0163591	0	0
18.918	0.0172135	0	0
18.952	0.0168814	0	0
18.985	0.0171379	0	0
19.019	0.0170268	0	0
19.052	0.0168575	0	0
19.085	0.0165246	0	0
19.119	0.0169702	0	0
19.152	0.0165687	0	0
19.185	0.0165178	0	0
19.219	0.0164774	0	0
19.252	0.0162853	0	0
19.285	0.0157986	0	0
19.319	0.0160720	0	0
19.352	0.0161670	0	0
19.386	0.0163029	0	0
19.419	0.0163430	0	0
19.452	0.0162894	0	0
19.486	0.0161428	0	0
19.519	0.0165313	0	0
19.552	0.0162932	0	0
19.586	0.0163459	0	0
19.619	0.0165461	0	0
19.652	0.0162524	0	0
19.686	0.0156229	0	0
19.719	0.0153235	0	0
19.753	0.0150511	0	0
19.786	0.0148940	0	0
19.819	0.0148041	0	0
19.853	0.0143737	0	0
19.886	0.0147608	0	0
19.919	0.0147853	0	0
19.953	0.0148356	0	0
19.986	0.0154408	0	0
20.020	0.0159068	0	0
20.053	0.0162011	0	0
20.086	0.0163563	0	0
20.120	0.0165950	0	0
20.153	0.0161170	0	0
20.186	0.0157360	0	0
20.220	0.0152663	0	0
20.253	0.0151683	0	0
20.286	0.0153831	0	0
20.320	0.0152517	0	0
20.353	0.0161840	0	0
20.387	0.0162791	0	0
20.420	0.0162816	0	0
20.453	0.0161993	0	0
20.487	0.0169974	0	0
20.520	0.0167715	0	0
20.553	0.0170193	0	0
20.587	0.0187439	0	0
20.620	0.0238303	0	0
20.653	0.0319626	0	0
20.687	0.0417590	0	0
20.720	0.0502293	0	0
20.754	0.0554958	0	0
20.787	0.0550329	0	0
20.820	0.0498306	0	0
20.854	0.0423085	1	0
20.887	0.0355187	0	0
20.920	0.0299711	0	0
20.954	0.0263161	0	0
20.987	0.0242258	0	0
21.021	0.0226329	0	0
21.054	0.0212723	0	0
21.087	0.0205197	0	0
21.121	0.0199440	0	0
21.154	0.0189053	0	0
21.187	0.0189546	0	0
21.221	0.0188593	0	0
21.254	0.0187187	0	0
21.287	0.0183849	0	0
21.321	0.0186566	0	0
21.354	0.0183533	0	0
21.388	0.0182122	0	0
21.421	0.0181854	0	0
21.454	0.0178136	0	0
21.488	0.0179509	0	0
21.521	0.0173318	0	0
21.554	0.0167822	0	0
21.588	0.0161848	0	0
21.621	0.0161583	0	0
21.654	0.0155209	0	0
21.688	0.0152278	0	0
21.721	0.0154533	0	0
21.755	0.0156975	0	0
21.788	0.0160540	0	0
21.821	0.0162938	0	0
21.855	0.0171795	0	0
21.888	0.0170336	0	0
21.921	0.0173934	0	0
21.955	0.0174407	0	0
21.988	0.0177084	0	0
22.022	0.0174685	0	0
22.055	0.0179640	0	0
22.088	0.0176879	0	0
22.122	0.0181290	0	0
22.155	0.0179547	0	0
22.188	0.0177361	0	0
22.222	0.0179101	0	0
22.255	0.0177626	0	0
22.288	0.0169753	0	0
22.322	0.0169047	0	0
22.355	0.0169209	0	0
22.389	0.0163063	0	0
22.422	0.0163534	0	0
22.455	0.0162588	0	0
22.489	0.0159816	0	0
22.522	0.0155922	0	0
22.555	0.0152748	0	0
22.589	0.0154145	0	0
22.622	0.0153010	0	0
22.655	0.0149339	0	0
22.689	0.0149050	0	0
22.722	0.0154565	0	0
22.756	0.0152599	0	0
22.789	0.0157928	0	0
22.822	0.0165486	0	0
22.856	0.0170729	0	0
22.889	0.0168426	0	0
22.922	0.0167897	0	0
22.956	0.0167375	0	0
22.989	0.0169443	0	0
23.023	0.0171673	0	0
23.056	0.0182571	0	0
23.089	0.0187541	0	0
23.123	0.0193104	0	0
23.156	0.0189694	0	0
23.189	0.0187987	0	0
23.223	0.0175253	0	0
23.256	0.0169782	0	0
23.289	0.0162266	0	0
23.323	0.0161272	0	0
23.356	0.0159815	0	0
23.390	0.0171171	0	0
23.423	0.0178483	0	0
23.456	0.0177623	0	0
23.490	0.0182141	0	0
23.523	0.0184976	0	0
23.556	0.0174323	0	0
23.590	0.0167062	0	0
23.623	0.0165595	0	0
23.656	0.0156338	0	0
23.690	0.0150410	0	0
23.723	0.0153799	0	0
23.757	0.0156629	0	0
23.790	0.0161578	0	0
23.823	0.0170072	0	0
23.857	0.0172266	0	0
23.890	0.0170623	0	0
23.923	0.0169027	0	0
23.957	0.0168621	0	0
23.990	0.0165688	0	0
24.024	0.0171088	0	0
24.057	0.0175869	0	0
24.090	0.0178003	0	0
24.124	0.0176161	0	0
24.157	0.0173739	0	0
24.190	0.0168599	0	0
24.224	0.0167561	0	0
24.257	0.0158894	0	0
24.290	0.0158105	0	0
24.324	0.0156847	0	0
24.357	0.0155208	0	0
24.391	0.0151956	0	0
24.424	0.0162922	0	0
24.457	0.0164632	0	0
24.491	0.0165667	0	0
24.524	0.0167958	0	0
24.557	0.0168370	0	0
24.591	0.0161035	0	0
24.624	0.0160400	0	0
24.657	0.0161354	0	0
24.691	0.0162577	0	0
24.724	0.0159411	0	0
24.758	0.0165807	0	0
24.791	0.0165902	0	0
24.824	0.0170569	0	0
24.858	0.0168304	0	0
24.891	0.0168583	0	0
24.924	0.0165439	0	0
24.958	0.0164757	0	0
24.991	0.0159727	0	0
25.025	0.0159691	0	0
25.058	0.0162830	0	0
25.091	0.0161044	0	0
25.125	0.0163435	0	0
25.158	0.0162040	0	0
25.191	0.0164541	0	0
25.225	0.0164385	0	0
25.258	0.0163143	0	0
25.291	0.0159139	0	0
25.325	0.0159882	0	0
25.358	0.0157889	0	0
25.392	0.0154385	0	0
25.425	0.0164484	0	0
25.458	0.0177806	0	0
25.492	0.0212171	0	0
25.525	0.0249668	0	0
25.558	0.0305438	0	0
25.592	0.0366540	0	0
25.625	0.0410545	0	0
25.658	0.0424951	0	0
25.692	0.0469805	0	0
25.725	0.0513847	0	0
25.759	0.0532574	0	0
25.792	0.0568866	0	0
25.825	0.0631873	0	0
25.859	0.0646444	0	0
25.892	0.0647632	0	0
25.925	0.0639464	0	0
25.959	0.0596899	0	0
25.992	0.0517818	1	0
26.026	0.0443204	1	0
26.059	0.0365097	0	0
26.092	0.0301657	0	0
26.126	0.0263810	0	0
26.159	0.0246232	0	0
26.192	0.0240613	0	0
26.226	0.0226945	0	0
26.259	0.0218506	0	0
26.292	0.0211909	0	0
26.326	0.0207480	0	0
26.359	0.0197610	0	0
26.393	0.0200046	0	0
26.426	0.0195237	0	0
26.459	0.0191194	0	0
26.493	0.0192860	0	0
26.526	0.0188440	0	0
26.559	0.0182793	0	0
26.593	0.0182589	0	0
26.626	0.0194094	0	0
26.659	0.0192594	0	0
26.693	0.0193619	0	0
26.726	0.0193124	0	0
26.760	0.0198028	0	0
26.793	0.0194166	0	0
26.826	0.0183731	0	0
26.860	0.0181538	0	0
26.893	0.0184945	0	0
26.926	0.0179792	0	0
26.960	0.0177328	0	0
26.993	0.0180909	0	0
27.027	0.0181923	0	0
27.060	0.0181488	0	0
27.093	0.0187360	0	0
27.127	0.0186724	0	0
27.160	0.0187109	0	0
27.193	0.0188425	0	0
27.227	0.0185835	0	0
27.260	0.0180619	0	0
27.293	0.0178644	0	0
27.327	0.0179336	0	0
27.360	0.0183737	0	0
27.394	0.0187506	0	0
27.427	0.0192516	0	0
27.460	0.0190275	0	0
27.494	0.0189996	0	0
27.527	0.0180435	0	0
27.560	0.0173478	0	0
27.594	0.0170430	0	0
27.627	0.0176077	0	0
27.660	0.0171342	0	0
27.694	0.0172974	0	0
27.727	0.0172690	0	0
27.761	0.0169062	0	0
27.794	0.0168358	0	0
27.827	0.0175355	0	0
27.861	0.0178209	0	0
27.894	0.0182193	0	0
27.927	0.0186211	0	0
27.961	0.0183213	0	0
27.994	0.0182599	0	0
28.028	0.0186119	0	0
28.061	0.0188426	0	0
28.094	0.0196136	0	0
28.128	0.0195871	0	0
28.161	0.0191194	0	0
28.194	0.0190878	0	0
28.228	0.0190960	0	0
28.261	0.0182955	0	0
28.294	0.0186571	0	0
28.328	0.0189688	0	0
28.361	0.0187788	0	0
28.395	0.0190646	0	0
28.428	0.0192444	0	0
28.461	0.0189541	0	0
28.495	0.0189863	0	0
28.528	0.0191504	0	0
28.561	0.0183131	0	0
28.595	0.0181554	0	0
28.628	0.0179288	0	0
28.661	0.0176537	0	0
28.695	0.0177484	0	0
28.728	0.0183879	0	0
28.762	0.0189312	0	0
28.795	0.0189864	0	0
28.828	0.0198935	0	0
28.862	0.0193813	0	0
28.895	0.0191727	0	0
28.928	0.0182723	0	0
28.962	0.0181492	0	0
28.995	0.0168580	0	0
29.029	0.0166317	0	0
29.062	0.0164980	0	0
29.095	0.0168907	0	0
29.129	0.0166551	0	0
29.162	0.0169717	0	0
29.195	0.0177305	0	0
29.229	0.0176544	0	0
29.262	0.0178485	0	0
29.295	0.0180495	0	0
29.329	0.0182806	0	0
29.362	0.0179541	0	0
29.396	0.0187242	0	0
29.429	0.0181270	0	0
29.462	0.0181066	0	0
29.496	0.0181044	0	0
29.529	0.0176684	0	0
29.562	0.0173509	0	0
29.596	0.0173169	0	0
29.629	0.0179636	0	0
29.662	0.0177277	0	0
29.696	0.0177893	0	0
29.729	0.0173513	0	0
29.763	0.0173690	0	0
29.796	0.0170727	0	0
29.829	0.0170299	0	0
29.863	0.0169696	0	0
29.896	0.0165445	0	0
29.929	0.0165992	0	0
29.963	0.0161486	0	0
29.996	0.0159704	0	0
30.030	0.0161199	0	0
30.063	0.0163999	0	0
30.096	0.0167270	0	0
30.130	0.0165796	0	0
30.163	0.0169234	0	0
30.196	0.0170809	0	0
30.230	0.0169575	0	0
30.263	0.0164403	0	0
30.296	0.0167617	0	0
30.330	0.0167707	0	0
30.363	0.0165076	0	0
30.397	0.0167101	0	0
30.430	0.0170193	0	0
30.463	0.0168229	0	0
30.497	0.0167990	0	0
30.530	0.0169669	0	0
30.563	0.0167558	0	0
30.597	0.0170687	0	0
30.630	0.0175645	0	0
30.663	0.0182654	0	0
30.697	0.0181397	0	0
30.730	0.0182422	0	0
30.764	0.0174941	0	0
30.797	0.0171221	0	0
30.830	0.0168666	0	0
30.864	0.0168677	0	0
30.897	0.0169475	0	0
30.930	0.0178580	0	0
30.964	0.0179957	0	0
30.997	0.0173612	0	0
31.031	0.0174246	0	0
31.064	0.0173555	0	0
31.097	0.0170660	0	0
31.131	0.0171605	0	0
31.164	0.0171677	0	0
31.197	0.0168439	0	0
31.231	0.0166388	0	0
31.264	0.0161984	0	0
31.297	0.0163035	0	0
31.331	0.0165365	0	0
31.364	0.0166310	0	0
31.398	0.0173509	0	0
31.431	0.0173012	0	0
31.464	0.0170739	0	0
31.498	0.0170479	0	0
31.531	0.0176137	0	0
31.564	0.0166524	0	0
31.598	0.0171105	0	0
31.631	0.0174852	0	0
31.664	0.0172466	0	0
31.698	0.0167439	0	0
31.731	0.0174795	0	0
31.765	0.0193178	0	0
31.798	0.0251071	0	0
31.831	0.0338265	0	0
31.865	0.0430658	0	0
31.898	0.0523562	0	0
31.931	0.0594251	0	0
31.965	0.0626502	0	0
31.998	0.0612560	0	0
32.032	0.0568325	0	0
32.065	0.0507757	0	0
32.098	0.0442241	0	0
32.132	0.0373788	0	0
32.165	0.0321566	0	0
32.198	0.0293419	0	0
32.232	0.0269685	0	0
32.265	0.0255736	0	0
32.298	0.0235108	0	0
32.332	0.0223384	0	0
32.365	0.0205870	0	0
32.399	0.0196186	0	0
32.432	0.0189268	0	0
32.465	0.0192426	0	0
32.499	0.0187844	0	0
32.532	0.0189373	0	0
32.565	0.0186519	0	0
32.599	0.0183839	0	0
32.632	0.0172569	0	0
32.665	0.0168735	0	0
32.699	0.0162561	0	0
32.732	0.0165077	0	0
32.766	0.0162646	0	0
32.799	0.0167640	0	0
32.832	0.0173541	0	0
32.866	0.0175508	0	0
32.899	0.0176081	0	0
32.932	0.0173240	0	0
32.966	0.0167909	0	0
32.999	0.0166672	0	0
33.033	0.0170793	0	0
33.066	0.0169488	0	0
33.099	0.0171177	0	0
33.133	0.0176285	0	0
33.166	0.0170732	0	0
33.199	0.0167785	0	0
33.233	0.0166882	0	0
33.266	0.0169148	0	0
33.299	0.0173840	0	0
33.333	0.0176944	0	0
33.366	0.0179012	0	0
33.400	0.0180671	0	0
33.433	0.0177964	0	0
33.466	0.0176194	0	0
33.500	0.0179516	0	0
33.533	0.0173405	0	0
33.566	0.0167624	0	0
33.600	0.0165747	0	0
33.633	0.0168536	0	0
33.666	0.0160135	0	0
33.700	0.0158932	0	0
33.733	0.0163149	0	0
33.767	0.0165492	0	0
33.800	0.0161018	0	0
33.833	0.0159961	0	0
33.867	0.0170720	0	0
33.900	0.0173144	0	0
33.933	0.0177694	0	0
33.967	0.0177031	0	0
34.000	0.0179311	0	0
34.034	0.0170719	0	0
34.067	0.0162742	0	0
34.100	0.0157000	0	0
34.134	0.0153323	0	0
34.167	0.0154846	0	0
34.200	0.0158409	0	0
34.234	0.0157731	0	0
34.267	0.0161277	0	0
34.300	0.0164189	0	0
34.334	0.0162226	0	0
34.367	0.0161879	0	0
34.401	0.0167026	0	0
34.434	0.0164088	0	0
34.467	0.0162505	0	0
34.501	0.0166489	0	0
34.534	0.0167563	0	0
34.567	0.0168314	0	0
34.601	0.0171352	0	0
34.634	0.0167542	0	0
34.667	0.0169346	0	0
34.701	0.0168905	0	0
34.734	0.0167434	0	0
34.768	0.0163232	0	0
34.801	0.0174419	0	0
34.834	0.0173435	0	0
34.868	0.0177194	0	0
34.901	0.0176663	0	0
34.934	0.0177440	0	0
34.968	0.0169339	0	0
35.001	0.0163518	0	0
35.035	0.0160492	0	0
35.068	0.0161901	0	0
35.101	0.0162337	0	0
35.135	0.0159816	0	0
35.168	0.0164251	0	0
35.201	0.0160153	0	0
35.235	0.0157811	0	0
35.268	0.0155530	0	0
35.301	0.0156766	0	0
35.335	0.0156892	0	0
35.368	0.0159694	0	0
35.402	0.0158840	0	0
35.435	0.0160575	0	0
35.468	0.0158827	0	0
35.502	0.0159155	0	0
35.535	0.0156928	0	0
35.568	0.0163041	0	0
35.602	0.0162436	0	0
35.635	0.0168606	0	0
35.668	0.0167520	0	0
35.702	0.0171640	0	0
35.735	0.0167870	0	0
35.769	0.0168900	0	0
35.802	0.0165047	0	0
35.835	0.0168378	0	0
35.869	0.0165102	0	0
35.902	0.0167434	0	0
35.935	0.0170444	0	0
35.969	0.0175322	0	0
36.002	0.0170822	0	0
36.036	0.0171026	0	0
36.069	0.0169007	0	0
36.102	0.0169750	0	0
36.136	0.0166847	0	0
36.169	0.0169058	0	0
36.202	0.0171688	0	0
36.236	0.0176344	0	0
36.269	0.0174158	0	0
36.302	0.0172850	0	0
36.336	0.0170459	0	0
36.369	0.0172488	0	0
36.403	0.0172228	0	0
36.436	0.0170210	0	0
36.469	0.0169085	0	0
36.503	0.0170320	0	0
36.536	0.0172701	0	0
36.569	0.0167309	0	0
36.603	0.0165586	0	0
36.636	0.0166926	0	0
36.669	0.0164496	0	0
36.703	0.0155117	0	0
36.736	0.0156075	0	0
36.770	0.0154344	0	0
36.803	0.0154499	0	0
36.836	0.0157506	0	0
36.870	0.0161826	0	0
36.903	0.0165611	0	0
36.936	0.0169078	0	0
36.970	0.0167395	0	0
37.003	0.0166876	0	0
37.037	0.0158015	0	0
37.070	0.0152467	0	0
37.103	0.0146653	0	0
37.137	0.0144474	0	0
37.170	0.0142310	0	0
37.203	0.0149597	0	0
37.237	0.0158592	0	0
37.270	0.0163999	0	0
37.303	0.0168310	0	0
37.337	0.0168631	0	0
37.370	0.0171592	0	0
37.404	0.0163439	0	0
37.437	0.0165387	0	0
37.470	0.0164676	0	0
37.504	0.0166599	0	0
37.537	0.0162895	0	0
37.570	0.0162392	0	0
37.604	0.0161313	0	0
37.637	0.0160830	0	0
37.670	0.0159237	0	0
37.704	0.0159527	0	0
37.737	0.0165144	0	0
37.771	0.0169750	0	0
37.804	0.0171513	0	0
37.837	0.0174493	0	0
37.871	0.0172071	0	0
37.904	0.0167704	0	0
37.937	0.0167033	0	0
37.971	0.0171377	0	0
38.004	0.0164425	0	0
38.038	0.0166882	0	0
38.071	0.0164869	0	0
38.104	0.0161198	0	0
38.138	0.0156530	0	0
38.171	0.0162727	0	0
38.204	0.0164888	0	0
38.238	0.0170143	0	0
38.271	0.0169123	0	0
38.304	0.0173903	0	0
38.338	0.0171372	0	0
38.371	0.0168212	0	0
38.405	0.0166303	0	0
38.438	0.0164036	0	0
38.471	0.0160399	0	0
38.505	0.0160338	0	0
38.538	0.0158867	0	0
38.571	0.0157208	0	0
38.605	0.0159904	0	0
38.638	0.0159199	0	0
38.671	0.0161217	0	0
38.705	0.0165108	0	0
38.738	0.0169681	0	0
38.772	0.0171205	0	0
38.805	0.0168151	0	0
38.838	0.0170121	0	0
38.872	0.0164449	0	0
38.905	0.0163035	0	0
38.938	0.0165166	0	0
38.972	0.0166561	0	0
39.005	0.0161200	0	0
39.039	0.0169228	0	0
39.072	0.0167319	0	0
39.105	0.0166264	0	0
39.139	0.0165875	0	0
39.172	0.0165290	0	0
39.205	0.0160201	0	0
39.239	0.0163149	0	0
39.272	0.0164649	0	0
39.305	0.0162787	0	0
39.339	0.0170432	0	0
39.372	0.0177286	0	0
39.406	0.0177673	0	0
39.439	0.0182256	0	0
39.472	0.0187018	0	0
39.506	0.0189614	0	0
39.539	0.0192900	0	0
39.572	0.0194460	0	0
39.606	0.0193025	0	0
39.639	0.0192935	0	0
39.672	0.0184565	0	0
39.706	0.0175094	0	0
39.739	0.0174242	0	0
39.773	0.0169002	0	0
39.806	0.0165488	0	0
39.839	0.0164864	0	0
39.873	0.0186662	0	0
39.906	0.0231822	0	0
39.939	0.0321511	0	0
39.973	0.0419822	0	0
40.006	0.0497564	0	0
40.040	0.0527038	0	0
40.073	0.0509250	0	0
40.106	0.0442265	0	0
40.140	0.0372956	0	0
40.173	0.0316218	0	0
40.206	0.0280522	0	0
40.240	0.0266338	0	0
40.273	0.0247703	0	0
40.306	0.0222938	0	0
40.340	0.0213227	0	0
40.373	0.0201090	0	0
40.407	0.0187052	0	0
40.440	0.0183765	0	0
40.473	0.0182338	0	0
40.507	0.0171083	0	0
40.540	0.0173447	0	0
40.573	0.0169457	0	0
40.607	0.0168629	0	0
40.640	0.0169989	0	0
40.673	0.0169263	0	0
40.707	0.0161813	0	0
40.740	0.0166611	0	0
40.774	0.0163759	0	0
40.807	0.0157760	0	0
40.840	0.0156322	0	0
40.874	0.0155801	0	0
40.907	0.0152355	0	0
40.940	0.0151913	0	0
40.974	0.0157613	0	0
41.007	0.0164743	0	0
41.041	0.0168418	0	0
41.074	0.0170667	0	0
41.107	0.0174326	0	0
41.141	0.0170417	0	0
41.174	0.0165739	0	0
41.207	0.0164585	0	0
41.241	0.0163079	0	0
41.274	0.0160921	0	0
41.307	0.0158446	0	0
41.341	0.0160791	0	0
41.374	0.0160621	0	0
41.408	0.0161925	0	0
41.441	0.0161621	0	0
41.474	0.0163718	0	0
41.508	0.0165094	0	0
41.541	0.0163393	0	0
41.574	0.0154365	0	0
41.608	0.0150232	0	0
41.641	0.0151412	0	0
41.674	0.0148843	0	0
41.708	0.0148220	0	0
41.741	0.0159235	0	0
41.775	0.0164980	0	0
41.808	0.0168308	0	0
41.841	0.0167750	0	0
41.875	0.0167920	0	0
41.908	0.0162308	0	0
41.941	0.0160067	0	0
41.975	0.0159115	0	0
42.008	0.0156698	0	0
42.042	0.0155268	0	0
42.075	0.0160836	0	0
42.108	0.0159249	0	0
42.142	0.0164287	0	0
42.175	0.0167751	0	0
42.208	0.0174592	0	0
42.242	0.0170058	0	0
42.275	0.0171634	0	0
42.308	0.0166379	0	0
42.342	0.0164032	0	0
42.375	0.0157096	0	0
42.409	0.0158543	0	0
42.442	0.0160150	0	0
42.475	0.0152903	0	0
42.509	0.0154929	0	0
42.542	0.0156637	0	0
42.575	0.0156146	0	0
42.609	0.0155955	0	0
42.642	0.0163611	0	0
42.675	0.0162317	0	0
42.709	0.0170033	0	0
42.742	0.0175386	0	0
42.776	0.0173199	0	0
42.809	0.0171187	0	0
42.842	0.0172636	0	0
42.876	0.0168933	0	0
42.909	0.0166589	0	0
42.942	0.0166831	0	0
42.976	0.0165056	0	0
43.009	0.0162568	0	0
43.043	0.0159323	0	0
43.076	0.0157597	0	0
43.109	0.0159145	0	0
43.143	0.0161111	0	0
43.176	0.0161086	0	0
43.209	0.0157969	0	0
43.243	0.0155180	0	0
43.276	0.0148292	0	0
43.309	0.0140220	0	0
43.343	0.0140181	0	0
43.376	0.0141217	0	0
43.410	0.0136045	0	0
43.443	0.0139993	0	0
43.476	0.0146049	0	0
43.510	0.0145303	0	0
43.543	0.0143971	0	0
43.576	0.0147103	0	0
43.610	0.0147486	0	0
43.643	0.0145708	0	0
43.676	0.0150371	0	0
43.710	0.0159280	0	0
43.743	0.0165433	0	0
43.777	0.0170537	0	0
43.810	0.0176846	0	0
43.843	0.0174819	0	0
43.877	0.0171023	0	0
43.910	0.0164405	0	0
43.943	0.0159288	0	0
43.977	0.0153139	0	0
44.010	0.0154775	0	0
44.044	0.0149248	0	0
44.077	0.0150635	0	0
44.110	0.0149742	0	0
44.144	0.0153040	0	0
44.177	0.0154144	0	0
44.210	0.0160792	0	0
44.244	0.0160328	0	0
44.277	0.0166248	0	0
44.310	0.0168155	0	0
44.344	0.0162950	0	0
44.377	0.0163170	0	0
44.411	0.0172751	0	0
44.444	0.0172841	0	0
44.477	0.0168494	0	0
44.511	0.0174033	0	0
44.544	0.0170084	0	0
44.577	0.0167916	0	0
44.611	0.0164757	0	0
44.644	0.0165376	0	0
44.677	0.0161501	0	0
44.711	0.0166247	0	0
44.744	0.0160686	0	0
44.778	0.0159989	0	0
44.811	0.0162336	0	0
44.844	0.0160019	0	0
44.878	0.0159543	0	0
44.911	0.0162017	0	0
44.944	0.0167570	0	0
44.978	0.0166078	0	0
45.011	0.0167791	0	0
45.045	0.0163611	0	0
45.078	0.0161113	0	0
45.111	0.0159270	0	0
45.145	0.0164112	0	0
45.178	0.0166130	0	0
45.211	0.0166441	0	0
45.245	0.0164444	0	0
45.278	0.0156964	0	0
45.311	0.0152712	0	0
45.345	0.0154171	0	0
45.378	0.0152776	0	0
45.412	0.0158739	0	0
45.445	0.0166443	0	0
45.478	0.0165841	0	0
45.512	0.0168385	0	0
45.545	0.0170704	0	0
45.578	0.0166982	0	0
45.612	0.0159733	0	0
45.645	0.0167534	0	0
45.678	0.0160440	0	0
45.712	0.0161253	0	0
45.745	0.0166906	0	0
45.779	0.0168999	0	0
45.812	0.0161898	0	0
45.845	0.0160495	0	0
45.879	0.0162271	0	0
45.912	0.0156005	0	0
45.945	0.0157301	0	0
45.979	0.0159634	0	0
46.012	0.0161727	0	0
46.046	0.0169110	0	0
46.079	0.0170835	0	0
46.112	0.0175039	0	0
46.146	0.0170791	0	0
46.179	0.0170765	0	0
46.212	0.0165841	0	0
46.246	0.0165355	0	0
46.279	0.0164333	0	0
46.312	0.0169597	0	0
46.346	0.0173116	0	0
46.379	0.0171567	0	0
46.413	0.0166292	0	0
46.446	0.0162347	0	0
46.479	0.0154280	0	0
46.513	0.0149444	0	0
46.546	0.0149746	0	0
46.579	0.0147619	0	0
46.613	0.0146099	0	0
46.646	0.0145856	0	0
46.679	0.0148323	0	0
46.713	0.0143815	0	0
46.746	0.0150990	0	0
46.780	0.0153186	0	0
46.813	0.0160434	0	0
46.846	0.0157832	0	0
46.880	0.0159823	0	0
46.913	0.0160110	0	0
46.946	0.0162654	0	0
46.980	0.0166785	0	0
47.013	0.0170352	0	0
47.047	0.0169143	0	0
47.080	0.0168482	0	0
47.113	0.0168610	0	0
47.147	0.0159689	0	0
47.180	0.0154721	0	0
47.213	0.0158291	0	0
47.247	0.0160815	0	0
47.280	0.0164742	0	0
47.313	0.0164755	0	0
47.347	0.0171744	0	0
47.380	0.0169907	0	0
47.414	0.0170708	0	0
47.447	0.0165467	0	0
47.480	0.0164989	0	0
47.514	0.0163930	0	0
47.547	0.0159964	0	0
47.580	0.0152303	0	0
47.614	0.0152652	0	0
47.647	0.0152153	0	0
47.680	0.0152675	0	0
47.714	0.0153960	0	0
47.747	0.0154447	0	0
47.781	0.0152040	0	0
47.814	0.0160825	0	0
47.847	0.0156270	0	0
47.881	0.0176567	0	0
47.914	0.0247658	0	0
47.947	0.0342880	0	0
47.981	0.0423356	0	0
48.014	0.0481654	0	0
48.048	0.0494401	0	0
48.081	0.0449426	0	0
48.114	0.0375080	0	0
48.148	0.0302939	0	0
48.181	0.0254941	0	0
48.214	0.0230843	0	0
48.248	0.0218172	0	0
48.281	0.0196881	0	0
48.314	0.0183008	0	0
48.348	0.0178540	0	0
48.381	0.0172369	0	0
48.415	0.0162614	0	0
48.448	0.0164193	0	0
48.481	0.0162549	0	0
48.515	0.0155452	0	0
48.548	0.0153325	0	0
48.581	0.0153288	0	0
48.615	0.0155992	0	0
48.648	0.0158134	0	0
48.681	0.0162082	0	0
48.715	0.0162270	0	0
48.748	0.0163281	0	0
48.782	0.0162435	0	0
48.815	0.0163560	0	0
48.848	0.0169227	0	0
48.882	0.0170005	0	0
48.915	0.0166384	0	0
48.948	0.0167898	0	0
48.982	0.0163781	0	0
49.015	0.0152103	0	0
49.049	0.0149854	0	0
49.082	0.0145967	0	0
49.115	0.0138872	0	0
49.149	0.0137249	0	0
49.182	0.0136473	0	0
49.215	0.0139230	0	0
49.249	0.0142376	0	0
49.282	0.0143264	0	0
49.315	0.0146121	0	0
49.349	0.0150946	0	0
49.382	0.0145927	0	0
49.416	0.0145653	0	0
49.449	0.0144596	0	0
49.482	0.0145201	0	0
49.516	0.0143019	0	0
49.549	0.0148915	0	0
49.582	0.0153122	0	0
49.616	0.0154920	0	0
49.649	0.0152082	0	0
49.682	0.0154264	0	0
49.716	0.0155050	0	0
49.749	0.0157007	0	0
49.783	0.0156605	0	0
49.816	0.0156329	0	0
49.849	0.0154852	0	0
49.883	0.0147408	0	0
49.916	0.0142405	0	0
49.949	0.0142807	0	0
49.983	0.0144055	0	0
50.016	0.0143959	0	0
50.050	0.0143054	0	0
50.083	0.0145653	0	0
50.116	0.0147094	0	0
50.150	0.0144744	0	0
50.183	0.0145111	0	0
50.216	0.0147686	0	0
50.250	0.0145166	0	0
50.283	0.0142983	0	0
50.316	0.0146223	0	0
50.350	0.0149231	0	0
50.383	0.0150203	0	0
50.417	0.0155263	0	0
50.450	0.0155710	0	0
50.483	0.0156246	0	0
50.517	0.0156050	0	0
50.550	0.0156537	0	0
50.583	0.0150016	0	0
50.617	0.0148256	0	0
50.650	0.0150868	0	0
50.683	0.0151887	0	0
50.717	0.0152978	0	0
50.750	0.0157514	0	0
50.784	0.0160265	0	0
50.817	0.0157804	0	0
50.850	0.0156908	0	0
50.884	0.0154040	0	0
50.917	0.0153522	0	0
50.950	0.0155571	0	0
50.984	0.0156624	0	0
51.017	0.0158682	0	0
51.051	0.0164876	0	0
51.084	0.0173215	0	0
51.117	0.0173698	0	0
51.151	0.0177101	0	0
51.184	0.0176130	0	0
51.217	0.0174509	0	0
51.251	0.0165483	0	0
51.284	0.0163872	0	0
51.317	0.0159817	0	0
51.351	0.0157897	0	0
51.384	0.0155360	0	0
51.418	0.0155914	0	0
51.451	0.0156687	0	0
51.484	0.0155931	0	0
51.518	0.0156032	0	0
51.551	0.0157475	0	0
51.584	0.0156771	0	0
51.618	0.0157693	0	0
51.651	0.0158991	0	0
51.684	0.0163470	0	0
51.718	0.0163716	0	0
51.751	0.0165000	0	0
51.785	0.0161846	0	0
51.818	0.0161104	0	0
51.851	0.0163185	0	0
51.885	0.0160762	0	0
51.918	0.0157944	0	0
51.951	0.0157678	0	0
51.985	0.0159098	0	0
52.018	0.0160624	0	0
52.052	0.0167422	0	0
52.085	0.0168718	0	0
52.118	0.0181054	0	0
52.152	0.0184479	0	0
52.185	0.0183977	0	0
52.218	0.0184598	0	0
52.252	0.0185380	0	0
52.285	0.0185977	0	0
52.318	0.0185398	0	0
52.352	0.0177396	0	0
52.385	0.0172068	0	0
52.419	0.0173154	0	0
52.452	0.0165172	0	0
52.485	0.0163675	0	0
52.519	0.0168449	0	0
52.552	0.0174823	0	0
52.585	0.0175504	0	0
52.619	0.0171936	0	0
52.652	0.0170298	0	0
52.685	0.0166440	0	0
52.719	0.0162432	0	0
52.752	0.0158900	0	0
52.786	0.0161211	0	0
52.819	0.0160551	0	0
52.852	0.0164685	0	0
52.886	0.0160872	0	0
52.919	0.0163161	0	0
52.952	0.0169001	0	0
52.986	0.0167055	0	0
53.019	0.0161466	0	0
53.053	0.0165313	0	0
53.086	0.0165373	0	0
53.119	0.0157690	0	0
53.153	0.0159364	0	0
53.186	0.0163797	0	0
53.219	0.0168758	0	0
53.253	0.0173809	0	0
53.286	0.0177732	0	0
53.319	0.0181177	0	0
53.353	0.0177902	0	0
53.386	0.0174550	0	0
53.420	0.0169451	0	0
53.453	0.0164441	0	0
53.486	0.0161832	0	0
53.520	0.0163945	0	0
53.553	0.0159548	0	0
53.586	0.0157065	0	0
53.620	0.0159732	0	0
53.653	0.0157667	0	0
53.686	0.0156909	0	0
53.720	0.0155602	0	0
53.753	0.0156184	0	0
53.787	0.0153177	0	0
53.820	0.0155097	0	0
53.853	0.0153703	0	0
53.887	0.0151556	0	0
53.920	0.0156498	0	0
53.953	0.0164160	0	0
53.987	0.0168655	0	0
54.020	0.0172695	0	0
54.054	0.0175012	0	0
54.087	0.0169578	0	0
54.120	0.0164210	0	0
54.154	0.0159410	0	0
54.187	0.0157533	0	0
54.220	0.0164502	0	0
54.254	0.0172531	0	0
54.287	0.0169879	0	0
54.320	0.0171157	0	0
54.354	0.0167977	0	0
54.387	0.0186304	0	0
54.421	0.0242519	0	0
54.454	0.0334855	0	0
54.487	0.0417891	0	0
54.521	0.0482926	0	0
54.554	0.0509446	0	0
54.587	0.0480266	0	0
54.621	0.0416376	1	0
54.654	0.0359767	0	0
54.687	0.0311618	0	0
54.721	0.0279147	0	0
54.754	0.0262495	0	0
54.788	0.0258526	0	0
54.821	0.0243582	0	0
54.854	0.0241381	0	0
54.888	0.0239696	0	0
54.921	0.0224261	0	0
54.954	0.0214296	0	0
54.988	0.0204608	0	0
55.021	0.0191766	0	0
55.055	0.0175593	0	0
55.088	0.0180778	0	0
55.121	0.0168894	0	0
55.155	0.0164683	0	0
55.188	0.0160753	0	0
55.221	0.0163977	0	0
55.255	0.0153737	0	0
55.288	0.0156829	0	0
55.321	0.0155030	0	0
55.355	0.0157014	0	0
55.388	0.0152510	0	0
55.422	0.0151119	0	0
55.455	0.0145718	0	0
55.488	0.0144950	0	0
55.522	0.0147115	0	0
55.555	0.0145246	0	0
55.588	0.0146525	0	0
55.622	0.0146827	0	0
55.655	0.0149382	0	0
55.688	0.0145495	0	0
55.722	0.0146458	0	0
55.755	0.0147437	0	0
55.789	0.0149616	0	0
55.822	0.0152700	0	0
55.855	0.0156598	0	0
55.889	0.0156771	0	0
55.922	0.0161881	0	0
55.955	0.0170314	0	0
55.989	0.0165471	0	0
56.022	0.0161927	0	0
56.056	0.0159086	0	0
56.089	0.0154845	0	0
56.122	0.0144429	0	0
56.156	0.0150243	0	0
56.189	0.0156714	0	0
56.222	0.0164006	0	0
56.256	0.0165621	0	0
56.289	0.0168075	0	0
56.322	0.0166872	0	0
56.356	0.0159010	0	0
56.389	0.0153230	0	0
56.423	0.0156483	0	0
56.456	0.0154683	0	0
56.489	0.0159922	0	0
56.523	0.0170373	0	0
56.556	0.0187524	0	0
56.589	0.0184469	0	0
56.623	0.0186675	0	0
56.656	0.0189064	0	0
56.689	0.0190880	0	0
56.723	0.0186307	0	0
56.756	0.0187031	0	0
56.790	0.0191092	0	0
56.823	0.0182793	0	0
56.856	0.0181357	0	0
56.890	0.0180178	0	0
56.923	0.0181111	0	0
56.956	0.0172959	0	0
56.990	0.0171210	0	0
57.023	0.0169526	0	0
57.057	0.0167756	0	0
57.090	0.0170431	0	0
57.123	0.0173401	0	0
57.157	0.0176936	0	0
57.190	0.0176429	0	0
57.223	0.0174681	0	0
57.257	0.0173539	0	0
57.290	0.0180220	0	0
57.323	0.0183125	0	0
57.357	0.0179528	0	0
57.390	0.0179938	0	0
57.424	0.0183324	0	0
57.457	0.0178594	0	0
57.490	0.0174969	0	0
57.524	0.0178218	0	0
57.557	0.0175556	0	0
57.590	0.0166941	0	0
57.624	0.0170487	0	0
57.657	0.0171711	0	0
57.690	0.0163204	0	0
57.724	0.0157463	0	0
57.757	0.0159676	0	0
57.791	0.0156895	0	0
57.824	0.0163631	0	0
57.857	0.0169581	0	0
57.891	0.0172597	0	0
57.924	0.0175421	0	0
57.957	0.0173408	0	0
57.991	0.0166950	0	0
58.024	0.0170405	0	0
58.058	0.0177119	0	0
58.091	0.0179273	0	0
58.124	0.0185230	0	0
58.158	0.0189314	0	0
58.191	0.0197312	0	0
58.224	0.0199073	0	0
58.258	0.0201138	0	0
58.291	0.0192255	0	0
58.324	0.0197283	0	0
58.358	0.0184751	0	0
58.391	0.0180882	0	0
58.425	0.0172578	0	0
58.458	0.0176392	0	0
58.491	0.0167980	0	0
58.525	0.0165860	0	0
58.558	0.0168859	0	0
58.591	0.0172658	0	0
58.625	0.0171153	0	0
58.658	0.0166735	0	0
58.691	0.0167368	0	0
58.725	0.0165075	0	0
58.758	0.0163098	0	0
58.792	0.0162778	0	0
58.825	0.0165692	0	0
58.858	0.0170507	0	0
58.892	0.0171556	0	0
58.925	0.0171116	0	0
58.958	0.0175320	0	0
58.992	0.0179850	0	0
59.025	0.0178988	0	0
59.059	0.0175109	0	0
59.092	0.0178838	0	0
59.125	0.0176749	0	0
59.159	0.0179965	0	0
59.192	0.0175769	0	0
59.225	0.0175026	0	0
59.259	0.0173404	0	0
59.292	0.0183809	0	0
59.325	0.0173382	0	0
59.359	0.0179583	0	0
59.392	0.0179187	0	0
59.426	0.0179850	0	0
59.459	0.0179717	0	0
59.492	0.0176951	0	0
59.526	0.0173169	0	0
59.559	0.0170051	0	0
59.592	0.0167355	0	0
59.626	0.0155397	0	0
59.659	0.0161370	0	0
59.692	0.0162854	0	0
59.726	0.0163159	0	0
59.759	0.0168701	0	0
59.793	0.0166572	0	0
59.826	0.0169950	0	0
59.859	0.0167373	0	0
59.893	0.0165980	0	0
59.926	0.0160609	0	0
59.959	0.0166796	0	0
59.993	0.0161998	0	0
60.026	0.0163542	0	0
60.060	0.0169268	0	0
60.093	0.0169072	0	0
60.126	0.0168582	0	0
60.160	0.0170522	0	0
60.193	0.0174438	0	0
60.226	0.0170951	0	0
60.260	0.0171487	0	0
60.293	0.0165855	0	0
60.326	0.0160039	0	0
60.360	0.0160259	0	0
60.393	0.0167285	0	0
60.427	0.0173276	0	0
60.460	0.0181089	0	0
60.493	0.0190776	0	0
60.527	0.0183989	0	0
60.560	0.0179881	0	0
60.593	0.0178848	0	0
60.627	0.0181388	0	0
60.660	0.0174910	0	0
60.693	0.0178294	0	0
60.727	0.0183826	0	0
60.760	0.0178479	0	0
60.794	0.0169823	0	0
60.827	0.0173956	0	0
60.860	0.0172627	0	0
60.894	0.0173894	0	0
60.927	0.0170555	0	0
60.960	0.0177245	0	0
60.994	0.0177923	0	0
61.027	0.0182031	0	0
61.061	0.0185324	0	0
61.094	0.0212121	0	0
61.127	0.0269379	0	0
61.161	0.0344009	0	0
61.194	0.0407194	0	0
61.227	0.0443205	0	0
61.261	0.0456790	0	0
61.294	0.0426677	0	0
61.327	0.0377688	0	0
61.361	0.0326654	0	0
61.394	0.0291454	0	0
61.428	0.0262448	0	0
61.461	0.0241212	0	0
61.494	0.0219659	0	0
61.528	0.0208611	0	0
61.561	0.0206963	0	0
61.594	0.0202349	0	0
61.628	0.0206723	0	0
61.661	0.0208280	0	0
61.694	0.0208155	0	0
61.728	0.0207115	0	0
61.761	0.0211865	0	0
61.795	0.0200161	0	0
61.828	0.0193426	0	0
61.861	0.0184368	0	0
61.895	0.0179661	0	0
61.928	0.0176435	0	0
61.961	0.0177354	0	0
61.995	0.0176883	0	0
62.028	0.0181929	0	0
62.062	0.0178350	0	0
62.095	0.0175233	0	0
62.128	0.0171214	0	0
62.162	0.0171961	0	0
62.195	0.0177528	0	0
62.228	0.0181644	0	0
62.262	0.0189982	0	0
62.295	0.0195210	0	0
62.328	0.0191870	0	0
62.362	0.0189517	0	0
62.395	0.0191523	0	0
62.429	0.0184289	0	0
62.462	0.0180969	0	0
62.495	0.0192070	0	0
62.529	0.0201305	0	0
62.562	0.0201266	0	0
62.595	0.0210530	0	0
62.629	0.0224065	0	0
62.662	0.0217824	0	0
62.695	0.0215259	0	0
62.729	0.0215703	0	0
62.762	0.0209548	0	0
62.796	0.0198951	0	0
62.829	0.0199665	0	0
62.862	0.0193688	0	0
62.896	0.0195116	0	0
62.929	0.0190904	0	0
62.962	0.0183716	0	0
62.996	0.0179540	0	0
63.029	0.0182773	0	0
63.063	0.0176244	0	0
63.096	0.0179814	0	0
63.129	0.0180134	0	0
63.163	0.0178886	0	0
63.196	0.0168204	0	0
63.229	0.0166077	0	0
63.263	0.0161427	0	0
63.296	0.0161866	0	0
63.329	0.0159903	0	0
63.363	0.0170403	0	0
63.396	0.0168525	0	0
63.430	0.0169222	0	0
63.463	0.0168747	0	0
63.496	0.0169974	0	0
63.530	0.0163717	0	0
63.563	0.0166131	0	0
63.596	0.0163679	0	0
63.630	0.0167426	0	0
63.663	0.0167999	0	0
63.696	0.0167053	0	0
63.730	0.0169753	0	0
63.763	0.0176883	0	0
63.797	0.0176861	0	0
63.830	0.0178615	0	0
63.863	0.0178286	0	0
63.897	0.0182189	0	0
63.930	0.0177616	0	0
63.963	0.0179240	0	0
63.997	0.0179471	0	0
64.030	0.0177748	0	0
64.064	0.0170501	0	0
64.097	0.0172273	0	0
64.130	0.0175951	0	0
64.164	0.0180194	0	0
64.197	0.0186106	0	0
64.230	0.0186584	0	0
64.264	0.0192538	0	0
64.297	0.0187313	0	0
64.330	0.0184086	0	0
64.364	0.0178657	0	0
64.397	0.0178179	0	0
64.431	0.0170755	0	0
64.464	0.0173339	0	0
64.497	0.0167401	0	0
64.531	0.0173680	0	0
64.564	0.0178792	0	0
64.597	0.0183472	0	0
64.631	0.0181205	0	0
64.664	0.0182984	0	0
64.697	0.0181102	0	0
64.731	0.0184075	0	0
64.764	0.0186141	0	0
64.798	0.0185923	0	0
64.831	0.0190410	0	0
64.864	0.0200072	0	0
64.898	0.0198238	0	0
64.931	0.0196965	0	0
64.964	0.0199430	0	0
64.998	0.0195550	0	0
65.031	0.0183153	0	0
65.065	0.0183153	0	0
65.098	0.0184905	0	0
65.131	0.0184596	0	0
65.165	0.0191482	0	0
65.198	0.0194098	0	0
65.231	0.0194976	0	0
65.265	0.0191869	0	0
65.298	0.0187662	0	0
65.331	0.0180847	0	0
65.365	0.0185041	0	0
65.398	0.0176959	0	0
65.432	0.0174279	0	0
65.465	0.0173717	0	0
65.498	0.0173964	0	0
65.532	0.0167130	0	0
65.565	0.0170464	0	0
65.598	0.0174550	0	0
65.632	0.0174727	0	0
65.665	0.0170215	0	0
65.698	0.0170817	0	0
65.732	0.0177914	0	0
65.765	0.0171537	0	0
65.799	0.0171666	0	0
65.832	0.0177965	0	0
65.865	0.0177954	0	0
65.899	0.0164583	0	0
65.932	0.0164819	0	0
65.965	0.0165203	0	0
65.999	0.0162226	0	0
66.032	0.0161600	0	0
66.066	0.0168175	0	0
66.099	0.0168989	0	0
66.132	0.0170693	0	0
66.166	0.0174892	0	0
66.199	0.0172693	0	0
66.232	0.0170430	0	0
66.266	0.0166609	0	0
66.299	0.0161405	0	0
66.332	0.0152909	0	0
66.366	0.0151185	0	0
66.399	0.0149640	0	0
66.433	0.0149871	0	0
66.466	0.0150598	0	0
66.499	0.0149573	0	0
66.533	0.0148998	0	0
66.566	0.0152618	0	0
66.599	0.0159358	0	0
66.633	0.0165576	0	0
66.666	0.0179431	0	0
66.699	0.0190523	0	0
66.733	0.0193598	0	0
66.766	0.0190124	0	0
66.800	0.0186084	0	0
66.833	0.0175238	0	0
66.866	0.0170552	0	0
66.900	0.0171586	0	0
66.933	0.0169006	0	0
66.966	0.0164809	0	0
67.000	0.0172659	0	0
67.033	0.0173273	0	0
67.067	0.0169553	0	0
67.100	0.0170941	0	0
67.133	0.0175043	0	0
67.167	0.0170214	0	0
67.200	0.0166490	0	0
67.233	0.0161800	0	0
67.267	0.0157598	0	0
67.300	0.0154839	0	0
67.333	0.0156942	0	0
67.367	0.0156527	0	0
67.400	0.0165345	0	0
67.434	0.0170843	0	0
67.467	0.0176758	0	0
67.500	0.0178552	0	0
67.534	0.0178760	0	0
67.567	0.0173508	0	0
67.600	0.0176836	0	0
67.634	0.0174220	0	0
67.667	0.0172924	0	0
67.700	0.0175152	0	0
67.734	0.0170163	0	0
67.767	0.0167624	0	0
67.801	0.0167809	0	0
67.834	0.0171119	0	0
67.867	0.0170287	0	0
67.901	0.0180129	0	0
67.934	0.0180433	0	0
67.967	0.0179979	0	0
68.001	0.0171113	0	0
68.034	0.0173364	0	0
68.068	0.0166680	0	0
68.101	0.0170026	0	0
68.134	0.0191266	0	0
68.168	0.0227447	0	0
68.201	0.0265781	0	0
68.234	0.0326874	0	0
68.268	0.0420839	0	0
68.301	0.0495297	0	0
68.334	0.0556694	0	0
68.368	0.0618529	0	0
68.401	0.0622813	0	0
68.435	0.0578143	0	0
68.468	0.0519295	0	0
68.501	0.0451826	1	0
68.535	0.0366094	0	0
68.568	0.0317271	0	0
68.601	0.0272976	0	0
68.635	0.0246262	0	0
68.668	0.0231759	0	0
68.701	0.0225714	0	0
68.735	0.0222612	0	0
68.768	0.0230171	0	0
68.802	0.0220383	0	0
68.835	0.0210782	0	0
68.868	0.0210888	0	0
68.902	0.0200168	0	0
68.935	0.0185486	0	0
68.968	0.0184878	0	0
69.002	0.0181840	0	0
69.035	0.0177807	0	0
69.069	0.0177840	0	0
69.102	0.0175189	0	0
69.135	0.0177713	0	0
69.169	0.0180772	0	0
69.202	0.0171073	0	0
69.235	0.0167735	0	0
69.269	0.0168382	0	0
69.302	0.0165705	0	0
69.335	0.0165465	0	0
69.369	0.0168995	0	0
69.402	0.0169507	0	0
69.436	0.0169678	0	0
69.469	0.0176206	0	0
69.502	0.0173658	0	0
69.536	0.0181140	0	0
69.569	0.0180058	0	0
69.602	0.0179064	0	0
69.636	0.0174828	0	0
69.669	0.0176480	0	0
69.702	0.0173669	0	0
69.736	0.0178618	0	0
69.769	0.0176295	0	0
69.803	0.0176128	0	0
69.836	0.0174180	0	0
69.869	0.0164694	0	0
69.903	0.0163149	0	0
69.936	0.0165996	0	0
69.969	0.0163776	0	0
70.003	0.0159921	0	0
70.036	0.0168878	0	0
70.070	0.0168810	0	0
70.103	0.0169075	0	0
70.136	0.0166809	0	0
70.170	0.0166863	0	0
70.203	0.0161941	0	0
70.236	0.0163064	0	0
70.270	0.0161910	0	0
70.303	0.0164939	0	0
70.336	0.0170923	0	0
70.370	0.0172341	0	0
70.403	0.0169503	0	0
70.437	0.0167785	0	0
70.470	0.0171933	0	0
70.503	0.0167286	0	0
70.537	0.0169230	0	0
70.570	0.0167358	0	0
70.603	0.0174270	0	0
70.637	0.0169899	0	0
70.670	0.0165521	0	0
70.703	0.0161155	0	0
70.737	0.0169152	0	0
70.770	0.0168698	0	0
70.804	0.0164626	0	0
70.837	0.0171135	0	0
70.870	0.0173916	0	0
70.904	0.0166629	0	0
70.937	0.0156600	0	0
70.970	0.0157206	0	0
71.004	0.0151157	0	0
71.037	0.0147138	0	0
71.071	0.0145480	0	0
71.104	0.0146164	0	0
71.137	0.0149514	0	0
71.171	0.0153084	0	0
71.204	0.0151584	0	0
71.237	0.0156467	0	0
71.271	0.0157256	0	0
71.304	0.0151628	0	0
71.337	0.0150879	0	0
71.371	0.0156588	0	0
71.404	0.0152538	0	0
71.438	0.0161722	0	0
71.471	0.0161975	0	0
71.504	0.0165478	0	0
71.538	0.0162080	0	0
71.571	0.0165769	0	0
71.604	0.0161899	0	0
71.638	0.0163145	0	0
71.671	0.0166037	0	0
71.704	0.0171686	0	0
71.738	0.0168523	0	0
71.771	0.0166050	0	0
71.805	0.0167000	0	0
71.838	0.0163167	0	0
71.871	0.0166228	0	0
71.905	0.0168821	0	0
71.938	0.0168931	0	0
71.971	0.0168697	0	0
72.005	0.0165571	0	0
72.038	0.0154297	0	0
72.072	0.0150564	0	0
72.105	0.0146768	0	0
72.138	0.0149290	0	0
72.172	0.0156380	0	0
72.205	0.0164341	0	0
72.238	0.0170676	0	0
72.272	0.0174787	0	0
72.305	0.0186647	0	0
72.338	0.0186897	0	0
72.372	0.0183940	0	0
72.405	0.0183672	0	0
72.439	0.0184682	0	0
72.472	0.0173959	0	0
72.505	0.0171567	0	0
72.539	0.0172580	0	0
72.572	0.0172709	0	0
72.605	0.0172118	0	0
72.639	0.0174329	0	0
72.672	0.0176067	0	0
72.705	0.0179141	0	0
72.739	0.0180550	0	0
72.772	0.0181651	0	0
72.806	0.0175911	0	0
72.839	0.0178636	0	0
72.872	0.0177052	0	0
72.906	0.0177175	0	0
72.939	0.0177565	0	0
72.972	0.0187908	0	0
73.006	0.0181193	0	0
73.039	0.0187771	0	0
73.073	0.0186707	0	0
73.106	0.0193358	0	0
73.139	0.0192822	0	0
73.173	0.0201705	0	0
73.206	0.0194493	0	0
73.239	0.0191504	0	0
73.273	0.0182566	0	0
73.306	0.0172034	0	0
73.339	0.0166022	0	0
73.373	0.0170279	0	0
73.406	0.0166873	0	0
73.440	0.0169949	0	0
73.473	0.0174792	0	0
73.506	0.0171847	0	0
73.540	0.0163915	0	0
73.573	0.0170929	0	0
73.606	0.0170940	0	0
73.640	0.0172045	0	0
73.673	0.0173108	0	0
73.706	0.0174548	0	0
73.740	0.0170558	0	0
73.773	0.0162391	0	0
73.807	0.0156893	0	0
73.840	0.0155404	0	0
73.873	0.0161790	0	0
73.907	0.0158881	0	0
73.940	0.0162047	0	0
73.973	0.0166884	0	0
74.007	0.0177176	0	0
74.040	0.0173904	0	0
74.074	0.0171970	0	0
74.107	0.0175058	0	0
74.140	0.0172131	0	0
74.174	0.0168766	0	0
74.207	0.0164679	0	0
74.240	0.0170566	0	0
74.274	0.0170672	0	0
74.307	0.0177759	0	0
74.340	0.0177749	0	0
74.374	0.0178836	0	0
74.407	0.0189046	0	0
74.441	0.0190358	0	0
74.474	0.0185560	0	0
74.507	0.0180928	0	0
74.541	0.0184053	0	0
74.574	0.0172011	0	0
74.607	0.0172371	0	0
74.641	0.0177129	0	0
74.674	0.0181263	0	0
74.707	0.0183910	0	0
74.741	0.0191159	0	0
74.774	0.0196236	0	0
74.808	0.0193535	0	0
74.841	0.0191073	0	0
74.874	0.0187810	0	0
74.908	0.0180680	0	0
74.941	0.0177444	0	0
74.974	0.0176352	0	0
75.008	0.0179661	0	0
75.041	0.0175802	0	0
75.075	0.0179299	0	0
75.108	0.0173030	0	0
75.141	0.0172053	0	0
75.175	0.0167072	0	0
75.208	0.0166625	0	0
75.241	0.0165701	0	0
75.275	0.0173059	0	0
75.308	0.0177074	0	0
75.341	0.0183498	0	0
75.375	0.0183981	0	0
75.408	0.0191750	0	0
75.442	0.0186507	0	0
75.475	0.0191796	0	0
75.508	0.0188457	0	0
75.542	0.0190489	0	0
75.575	0.0184870	0	0
75.608	0.0188012	0	0
75.642	0.0178731	0	0
75.675	0.0177284	0	0
75.708	0.0178882	0	0
75.742	0.0170671	0	0
75.775	0.0175347	0	0
75.809	0.0187567	0	0
75.842	0.0218117	0	0
75.875	0.0264737	0	0
75.909	0.0353032	0	0
75.942	0.0447393	0	0
75.975	0.0531339	0	0
76.009	0.0594306	0	0
76.042	0.0642685	0	0
76.076	0.0628378	0	0
76.109	0.0580863	0	0
76.142	0.0520929	0	0
76.176	0.0460160	0	0
76.209	0.0390747	0	0
76.242	0.0350543	0	0
76.276	0.0315235	0	0
76.309	0.0295273	0	0
76.342	0.0279770	0	0
76.376	0.0262885	0	0
76.409	0.0245126	0	0
76.443	0.0237072	0	0
76.476	0.0234169	0	0
76.509	0.0238667	0	0
76.543	0.0241858	0	0
76.576	0.0257790	0	0
76.609	0.0263505	0	0
76.643	0.0265098	0	0
76.676	0.0253097	0	0
76.709	0.0256357	0	0
76.743	0.0248556	0	0
76.776	0.0249977	0	0
76.810	0.0255344	0	0
76.843	0.0259749	0	0
76.876	0.0261440	0	0
76.910	0.0256903	0	0
76.943	0.0256240	0	0
76.976	0.0261479	0	0
77.010	0.0263585	0	0
77.043	0.0266110	0	0
77.077	0.0267626	0	0
77.110	0.0274606	0	0
77.143	0.0274118	0	0
77.177	0.0279690	0	0
77.210	0.0277941	0	0
77.243	0.0287167	0	0
77.277	0.0284194	0	0
77.310	0.0269548	0	0
77.343	0.0265763	0	0
77.377	0.0259334	0	0
77.410	0.0251096	0	0
77.444	0.0250344	0	0
77.477	0.0253286	0	0
77.510	0.0248711	0	0
77.544	0.0253481	0	0
77.577	0.0255425	0	0
77.610	0.0251711	0	0
77.644	0.0260023	0	0
77.677	0.0265890	0	0
77.710	0.0264808	0	0
77.744	0.0262803	0	0
77.777	0.0267017	0	0
77.811	0.0256876	0	0
77.844	0.0251811	0	0
77.877	0.0246769	0	0
77.911	0.0243755	0	0
77.944	0.0238248	0	0
77.977	0.0239478	0	0
78.011	0.0240275	0	0
78.044	0.0243392	0	0
78.078	0.0243489	0	0
78.111	0.0249003	0	0
78.144	0.0251996	0	0
78.178	0.0249261	0	0
78.211	0.0245477	0	0
78.244	0.0243922	0	0
78.278	0.0234673	0	0
78.311	0.0225031	0	0
78.344	0.0216013	0	0
78.378	0.0213609	0	0
78.411	0.0209448	0	0
78.445	0.0201643	0	0
78.478	0.0204770	0	0
78.511	0.0202473	0	0
78.545	0.0203929	0	0
78.578	0.0200931	0	0
78.611	0.0197206	0	0
78.645	0.0200946	0	0
78.678	0.0205977	0	0
78.711	0.0198196	0	0
78.745	0.0195326	0	0
78.778	0.0195663	0	0
78.812	0.0185797	0	0
78.845	0.0187917	0	0
78.878	0.0190310	0	0
78.912	0.0193649	0	0
78.945	0.0205014	0	0
78.978	0.0206533	0	0
79.012	0.0199207	0	0
79.045	0.0196289	0	0
79.079	0.0187319	0	0
79.112	0.0175240	0	0
79.145	0.0170514	0	0
79.179	0.0166852	0	0
79.212	0.0169125	0	0
79.245	0.0176733	0	0
79.279	0.0180453	0	0
79.312	0.0177761	0	0
79.345	0.0190614	0	0
79.379	0.0191038	0	0
79.412	0.0189959	0	0
79.446	0.0185606	0	0
79.479	0.0190533	0	0
79.512	0.0178187	0	0
79.546	0.0169882	0	0
79.579	0.0170931	0	0
79.612	0.0173193	0	0
79.646	0.0169168	0	0
79.679	0.0170345	0	0
79.712	0.0174520	0	0
79.746	0.0170270	0	0
79.779	0.0168983	0	0
79.813	0.0171650	0	0
79.846	0.0177307	0	0
79.879	0.0178653	0	0
79.913	0.0172119	0	0
79.946	0.0178913	0	0
79.979	0.0172604	0	0
80.013	0.0164186	0	0
80.046	0.0162659	0	0
80.080	0.0159480	0	0
80.113	0.0149732	0	0
80.146	0.0152497	0	0
80.180	0.0160766	0	0
80.213	0.0155572	0	0
80.246	0.0166949	0	0
80.280	0.0172288	0	0
80.313	0.0173068	0	0
80.346	0.0159179	0	0
80.380	0.0157126	0	0
80.413	0.0151057	0	0
80.447	0.0144989	0	0
80.480	0.0147221	0	0
80.513	0.0163765	0	0
80.547	0.0169046	0	0
80.580	0.0176767	0	0
80.613	0.0176196	0	0
80.647	0.0171551	0	0
80.680	0.0161897	0	0
80.713	0.0158842	0	0
80.747	0.0151172	0	0
80.780	0.0155143	0	0
80.814	0.0155288	0	0
80.847	0.0154368	0	0
80.880	0.0154670	0	0
80.914	0.0155971	0	0
80.947	0.0155423	0	0
80.980	0.0161399	0	0
81.014	0.0164428	0	0
81.047	0.0166220	0	0
81.081	0.0169544	0	0
81.114	0.0168457	0	0
81.147	0.0171067	0	0
81.181	0.0173830	0	0
81.214	0.0175677	0	0
81.247	0.0180128	0	0
81.281	0.0182935	0	0
81.314	0.0177366	0	0
81.347	0.0171772	0	0
81.381	0.0172271	0	0
81.414	0.0163821	0	0
81.448	0.0162978	0	0
81.481	0.0160804	0	0
81.514	0.0163016	0	0
81.548	0.0161063	0	0
81.581	0.0164916	0	0
81.614	0.0160006	0	0
81.648	0.0157941	0	0
81.681	0.0149576	0	0
81.714	0.0145443	0	0
81.748	0.0141208	0	0
81.781	0.0148029	0	0
81.815	0.0146025	0	0
81.848	0.0149814	0	0
81.881	0.0148436	0	0
81.915	0.0151829	0	0
81.948	0.0150521	0	0
81.981	0.0156572	0	0
82.015	0.0159073	0	0
82.048	0.0171679	0	0
82.082	0.0173887	0	0
82.115	0.0177416	0	0
82.148	0.0183492	0	0
82.182	0.0191393	0	0
82.215	0.0184114	0	0
82.248	0.0183360	0	0
82.282	0.0183151	0	0
82.315	0.0178543	0	0
82.348	0.0170370	0	0
82.382	0.0171110	0	0
82.415	0.0166109	0	0
82.449	0.0157698	0	0
82.482	0.0154016	0	0
82.515	0.0151357	0	0
82.549	0.0149834	0	0
82.582	0.0150508	0	0
82.615	0.0149533	0	0
82.649	0.0149942	0	0
82.682	0.0153181	0	0
82.715	0.0155155	0	0
82.749	0.0156581	0	0
82.782	0.0158527	0	0
82.816	0.0161672	0	0
82.849	0.0160668	0	0
82.882	0.0161289	0	0
82.916	0.0160938	0	0
82.949	0.0191799	0	0
82.982	0.0247869	0	0
83.016	0.0332322	0	0
83.049	0.0417177	0	0
83.083	0.0486752	0	0
83.116	0.0505875	0	0
83.149	0.0486262	0	0
83.183	0.0431283	1	0
83.216	0.0366066	0	0
83.249	0.0317354	0	0
83.283	0.0282301	0	0
83.316	0.0258998	0	0
83.349	0.0240906	0	0
83.383	0.0230554	0	0
83.416	0.0218283	0	0
83.450	0.0208268	0	0
83.483	0.0198320	0	0
83.516	0.0194426	0	0
83.550	0.0187787	0	0
83.583	0.0190902	0	0
83.616	0.0196174	0	0
83.650	0.0204074	0	0
83.683	0.0206733	0	0
83.716	0.0210528	0	0
83.750	0.0196918	0	0
83.783	0.0195477	0	0
83.817	0.0185984	0	0
83.850	0.0188158	0	0
83.883	0.0183722	0	0
83.917	0.0190222	0	0
83.950	0.0186502	0	0
83.983	0.0184786	0	0
84.017	0.0175227	0	0
84.050	0.0176834	0	0
84.084	0.0175667	0	0
84.117	0.0175946	0	0
84.150	0.0173559	0	0
84.184	0.0183298	0	0
84.217	0.0180938	0	0
84.250	0.0178491	0	0
84.284	0.0178647	0	0
84.317	0.0183727	0	0
84.350	0.0185020	0	0
84.384	0.0193315	0	0
84.417	0.0202957	0	0
84.451	0.0208494	0	0
84.484	0.0206748	0	0
84.517	0.0192085	0	0
84.551	0.0184652	0	0
84.584	0.0178709	0	0
84.617	0.0165483	0	0
84.651	0.0164443	0	0
84.684	0.0168567	0	0
84.717	0.0166947	0	0
84.751	0.0161764	0	0
84.784	0.0164069	0	0
84.818	0.0162391	0	0
84.851	0.0157665	0	0
84.884	0.0158712	0	0
84.918	0.0161196	0	0
84.951	0.0170369	0	0
84.984	0.0172081	0	0
85.018	0.0174763	0	0
85.051	0.0172504	0	0
85.085	0.0172458	0	0
85.118	0.0167283	0	0
85.151	0.0164527	0	0
85.185	0.0164769	0	0
85.218	0.0166547	0	0
85.251	0.0166878	0	0
85.285	0.0166098	0	0
85.318	0.0169542	0	0
85.351	0.0172423	0	0
85.385	0.0174912	0	0
85.418	0.0181600	0	0
85.452	0.0185165	0	0
85.485	0.0182209	0	0
85.518	0.0183883	0	0
85.552	0.0183736	0	0
85.585	0.0175491	0	0
85.618	0.0172405	0	0
85.652	0.0170916	0	0
85.685	0.0166337	0	0
85.718	0.0158350	0	0
85.752	0.0158528	0	0
85.785	0.0160093	0	0
85.819	0.0165678	0	0
85.852	0.0164388	0	0
85.885	0.0167969	0	0
85.919	0.0168064	0	0
85.952	0.0169584	0	0
85.985	0.0167159	0	0
86.019	0.0169760	0	0
86.052	0.0173301	0	0
86.086	0.0172802	0	0
86.119	0.0170326	0	0
86.152	0.0172152	0	0
86.186	0.0171662	0	0
86.219	0.0169948	0	0
86.252	0.0166683	0	0
86.286	0.0161691	0	0
86.319	0.0162334	0	0
86.352	0.0163659	0	0
86.386	0.0157816	0	0
86.419	0.0160611	0	0
86.453	0.0162322	0	0
86.486	0.0167685	0	0
86.519	0.0165176	0	0
86.553	0.0175768	0	0
86.586	0.0182492	0	0
86.619	0.0191076	0	0
86.653	0.0184789	0	0
86.686	0.0191786	0	0
86.719	0.0189424	0	0
86.753	0.0185057	0	0
86.786	0.0179640	0	0
86.820	0.0182300	0	0
86.853	0.0176440	0	0
86.886	0.0173745	0	0
86.920	0.0171353	0	0
86.953	0.0171547	0	0
86.986	0.0174226	0	0
87.020	0.0177220	0	0
87.053	0.0174182	0	0
87.087	0.0183065	0	0
87.120	0.0176190	0	0
87.153	0.0174970	0	0
87.187	0.0173234	0	0
87.220	0.0173083	0	0
87.253	0.0175680	0	0
87.287	0.0186452	0	0
87.320	0.0179586	0	0
87.353	0.0177032	0	0
87.387	0.0176292	0	0
87.420	0.0167260	0	0
87.454	0.0172403	0	0
87.487	0.0182325	0	0
87.520	0.0182337	0	0
87.554	0.0190284	0	0
87.587	0.0196937	0	0
87.620	0.0194926	0	0
87.654	0.0183870	0	0
87.687	0.0186649	0	0
87.720	0.0181124	0	0
87.754	0.0171850	0	0
87.787	0.0171557	0	0
87.821	0.0172898	0	0
87.854	0.0171602	0	0
87.887	0.0171710	0	0
87.921	0.0181125	0	0
87.954	0.0176001	0	0
87.987	0.0182102	0	0
88.021	0.0183968	0	0
88.054	0.0186449	0	0
88.088	0.0182593	0	0
88.121	0.0177620	0	0
88.154	0.0180403	0	0
88.188	0.0186169	0	0
88.221	0.0183961	0	0
88.254	0.0189220	0	0
88.288	0.0196499	0	0
88.321	0.0192075	0	0
88.354	0.0187849	0	0
88.388	0.0189644	0	0
88.421	0.0177895	0	0
88.455	0.0173229	0	0
88.488	0.0170069	0	0
88.521	0.0166652	0	0
88.555	0.0171448	0	0
88.588	0.0175947	0	0
88.621	0.0174582	0	0
88.655	0.0178273	0	0
88.688	0.0178517	0	0
88.721	0.0179501	0	0
88.755	0.0182449	0	0
88.788	0.0191977	0	0
88.822	0.0185441	0	0
88.855	0.0186210	0	0
88.888	0.0182479	0	0
88.922	0.0175889	0	0
88.955	0.0176243	0	0
88.988	0.0180999	0	0
89.022	0.0190249	0	0
89.055	0.0195389	0	0
89.089	0.0194444	0	0
89.122	0.0186055	0	0
89.155	0.0185755	0	0
89.189	0.0178308	0	0
89.222	0.0173242	0	0
89.255	0.0173518	0	0
89.289	0.0180076	0	0
89.322	0.0185522	0	0
89.355	0.0193512	0	0
89.389	0.0187845	0	0
89.422	0.0191049	0	0
89.456	0.0184619	0	0
89.489	0.0184715	0	0
89.522	0.0180976	0	0
89.556	0.0182224	0	0
89.589	0.0187222	0	0
89.622	0.0188055	0	0
89.656	0.0195325	0	0
89.689	0.0195662	0	0
89.722	0.0205819	0	0
89.756	0.0199690	0	0
89.789	0.0198075	0	0
89.823	0.0185229	0	0
89.856	0.0180011	0	0
89.889	0.0177424	0	0
89.923	0.0176832	0	0
89.956	0.0179270	0	0
89.989	0.0179835	0	0
90.023	0.0183101	0	0
90.056	0.0185824	0	0
90.090	0.0224440	0	0
90.123	0.0288860	0	0
90.156	0.0383428	0	0
90.190	0.0483842	0	0
90.223	0.0561088	0	0
90.256	0.0590803	0	0
90.290	0.0571236	0	0
90.323	0.0510350	0	0
90.356	0.0431088	0	0
90.390	0.0372859	0	0
90.423	0.0323971	0	0
90.457	0.0292986	0	0
90.490	0.0278693	0	0
90.523	0.0276786	0	0
90.557	0.0262392	0	0
90.590	0.0261819	0	0
90.623	0.0253493	0	0
90.657	0.0249520	0	0
90.690	0.0227889	0	0
90.723	0.0220121	0	0
90.757	0.0215624	0	0
90.790	0.0219113	0	0
90.824	0.0209633	0	0
90.857	0.0214049	0	0
90.890	0.0220217	0	0
90.924	0.0206058	0	0
90.957	0.0196146	0	0
90.990	0.0195202	0	0
91.024	0.0190797	0	0
91.057	0.0184738	0	0
91.091	0.0192012	0	0
91.124	0.0196144	0	0
91.157	0.0195542	0	0
91.191	0.0197584	0	0
91.224	0.0196032	0	0
91.257	0.0189845	0	0
91.291	0.0188532	0	0
91.324	0.0181954	0	0
91.357	0.0184953	0	0
91.391	0.0176711	0	0
91.424	0.0185737	0	0
91.458	0.0185095	0	0
91.491	0.0185640	0	0
91.524	0.0185309	0	0
91.558	0.0199345	0	0
91.591	0.0194388	0	0
91.624	0.0196212	0	0
91.658	0.0211154	0	0
91.691	0.0213838	0	0
91.724	0.0215885	0	0
91.758	0.0211701	0	0
91.791	0.0212887	0	0
91.825	0.0200434	0	0
91.858	0.0195637	0	0
91.891	0.0191415	0	0
91.925	0.0194133	0	0
91.958	0.0192129	0	0
91.991	0.0190906	0	0
92.025	0.0181492	0	0
92.058	0.0179268	0	0
92.092	0.0181254	0	0
92.125	0.0184400	0	0
92.158	0.0180844	0	0
92.192	0.0185611	0	0
92.225	0.0178365	0	0
92.258	0.0186313	0	0
92.292	0.0186966	0	0
92.325	0.0197171	0	0
92.358	0.0204036	0	0
92.392	0.0215725	0	0
92.425	0.0215767	0	0
92.459	0.0207743	0	0
92.492	0.0202339	0	0
92.525	0.0194705	0	0
92.559	0.0188846	0	0
92.592	0.0179115	0	0
92.625	0.0181026	0	0
92.659	0.0177391	0	0
92.692	0.0175955	0	0
92.725	0.0169627	0	0
92.759	0.0169361	0	0
92.792	0.0165816	0	0
92.826	0.0167067	0	0
92.859	0.0167763	0	0
92.892	0.0170056	0	0
92.926	0.0167486	0	0
92.959	0.0169363	0	0
92.992	0.0174278	0	0
93.026	0.0178757	0	0
93.059	0.0179847	0	0
93.093	0.0179221	0	0
93.126	0.0182451	0	0
93.159	0.0183996	0	0
93.193	0.0188003	0	0
93.226	0.0194671	0	0
93.259	0.0195538	0	0
93.293	0.0193833	0	0
93.326	0.0184372	0	0
93.359	0.0174602	0	0
93.393	0.0166487	0	0
93.426	0.0164826	0	0
93.460	0.0168902	0	0
93.493	0.0171407	0	0
93.526	0.0174345	0	0
93.560	0.0176743	0	0
93.593	0.0186185	0	0
93.626	0.0182570	0	0
93.660	0.0189882	0	0
93.693	0.0190175	0	0
93.726	0.0191426	0	0
93.760	0.0179992	0	0
93.793	0.0175022	0	0
93.827	0.0167907	0	0
93.860	0.0165637	0	0
93.893	0.0160933	0	0
93.927	0.0163859	0	0
93.960	0.0167176	0	0
93.993	0.0166851	0	0
94.027	0.0165178	0	0
94.060	0.0169462	0	0
94.094	0.0175229	0	0
94.127	0.0177616	0	0
94.160	0.0180422	0	0
94.194	0.0185130	0	0
94.227	0.0181413	0	0
94.260	0.0176063	0	0
94.294	0.0171951	0	0
94.327	0.0166857	0	0
94.360	0.0166382	0	0
94.394	0.0165347	0	0
94.427	0.0169923	0	0
94.461	0.0175717	0	0
94.494	0.0179916	0	0
94.527	0.0182911	0	0
94.561	0.0188073	0	0
94.594	0.0185728	0	0
94.627	0.0186547	0	0
94.661	0.0188010	0	0
94.694	0.0185708	0	0
94.727	0.0186112	0	0
94.761	0.0190562	0	0
94.794	0.0189414	0	0
94.828	0.0186804	0	0
94.861	0.0185449	0	0
94.894	0.0183085	0	0
94.928	0.0175435	0	0
94.961	0.0175176	0	0
94.994	0.0183116	0	0
95.028	0.0181824	0	0
95.061	0.0177200	0	0
95.095	0.0175918	0	0
95.128	0.0171011	0	0
95.161	0.0161262	0	0
95.195	0.0160895	0	0
95.228	0.0162653	0	0
95.261	0.0165431	0	0
95.295	0.0165215	0	0
95.328	0.0164936	0	0
95.361	0.0165456	0	0
95.395	0.0164962	0	0
95.428	0.0164065	0	0
95.462	0.0163593	0	0
95.495	0.0176484	0	0
95.528	0.0182244	0	0
95.562	0.0182929	0	0
95.595	0.0181208	0	0
95.628	0.0181620	0	0
95.662	0.0177119	0	0
95.695	0.0178310	0	0
95.728	0.0185728	0	0
95.762	0.0199351	0	0
95.795	0.0207789	0	0
95.829	0.0206203	0	0
95.862	0.0206125	0	0
95.895	0.0206473	0	0
95.929	0.0196999	0	0
95.962	0.0191232	0	0
95.995	0.0189809	0	0
96.029	0.0182238	0	0
96.062	0.0177983	0	0
96.096	0.0176644	0	0
96.129	0.0178179	0	0
96.162	0.0173448	0	0
96.196	0.0176946	0	0
96.229	0.0174152	0	0
96.262	0.0173296	0	0
96.296	0.0172824	0	0
96.329	0.0170305	0	0
96.362	0.0160565	0	0
96.396	0.0156843	0	0
96.429	0.0152347	0	0
96.463	0.0146293	0	0
96.496	0.0146869	0	0
96.529	0.0156695	0	0
96.563	0.0158239	0	0
96.596	0.0161678	0	0
96.629	0.0160529	0	0
96.663	0.0159784	0	0
96.696	0.0164655	0	0
96.729	0.0172211	0	0
96.763	0.0179319	0	0
96.796	0.0191151	0	0
96.830	0.0198538	0	0
96.863	0.0191419	0	0
96.896	0.0185287	0	0
96.930	0.0178321	0	0
96.963	0.0168102	0	0
96.996	0.0163415	0	0
97.030	0.0162964	0	0
97.063	0.0164783	0	0
97.097	0.0177804	0	0
97.130	0.0183179	0	0
97.163	0.0185639	0	0
97.197	0.0194307	0	0
97.230	0.0199962	0	0
97.263	0.0194837	0	0
97.297	0.0200777	0	0
97.330	0.0200744	0	0
97.363	0.0195870	0	0
97.397	0.0195086	0	0
97.430	0.0193212	0	0
97.464	0.0191615	0	0
97.497	0.0193434	0	0
97.530	0.0196190	0	0
97.564	0.0197168	0	0
97.597	0.0194233	0	0
97.630	0.0186780	0	0
97.664	0.0181992	0	0
97.697	0.0172546	0	0
97.730	0.0159109	0	0
97.764	0.0157713	0	0
97.797	0.0153374	0	0
97.831	0.0147563	0	0
97.864	0.0144912	0	0
97.897	0.0147595	0	0
97.931	0.0144544	0	0
97.964	0.0154165	0	0
97.997	0.0165568	0	0
98.031	0.0178791	0	0
98.064	0.0192353	0	0
98.098	0.0194696	0	0
98.131	0.0191767	0	0
98.164	0.0197773	0	0
98.198	0.0193151	0	0
98.231	0.0190669	0	0
98.264	0.0198764	0	0
98.298	0.0197990	0	0
98.331	0.0186730	0	0
98.364	0.0188594	0	0
98.398	0.0193114	0	0
98.431	0.0192324	0	0
98.465	0.0194426	0	0
98.498	0.0203018	0	0
98.531	0.0200442	0	0
98.565	0.0196113	0	0
98.598	0.0192163	0	0
98.631	0.0192556	0	0
98.665	0.0185466	0	0
98.698	0.0183102	0	0
98.731	0.0173937	0	0
98.765	0.0167652	0	0
98.798	0.0160062	0	0
98.832	0.0155960	0	0
98.865	0.0153916	0	0
98.898	0.0150258	0	0
98.932	0.0149151	0	0
98.965	0.0155766	0	0
98.998	0.0158016	0	0
99.032	0.0157867	0	0
99.065	0.0166341	0	0
99.099	0.0175986	0	0
99.132	0.0176202	0	0
99.165	0.0175279	0	0
99.199	0.0182301	0	0
99.232	0.0177778	0	0
99.265	0.0175984	0	0
99.299	0.0175746	0	0
99.332	0.0176254	0	0
99.365	0.0180632	0	0
99.399	0.0188840	0	0
99.432	0.0185768	0	0
99.466	0.0184213	0	0
99.499	0.0186595	0	0
99.532	0.0179556	0	0
99.566	0.0172659	0	0
99.599	0.0173880	0	0
99.632	0.0172144	0	0
99.666	0.0181752	0	0
99.699	0.0201842	0	0
99.732	0.0247978	0	0
99.766	0.0315975	0	0
99.799	0.0393440	0	0
99.833	0.0458430	0	0
99.866	0.0491751	0	0
99.899	0.0482641	0	0
99.933	0.0436124	0	0
99.966	0.0383280	0	0
99.999	0.0325202	0	0
100.033	0.0287965	0	0
100.066	0.0270185	0	0
100.100	0.0258514	0	0
100.133	0.0239665	0	0
100.166	0.0234021	0	0
100.200	0.0225013	0	0
100.233	0.0219433	0	0
100.266	0.0211774	0	0
100.300	0.0214911	0	0
100.333	0.0213706	0	0
100.366	0.0207862	0	0
100.400	0.0211568	0	0
100.433	0.0213642	0	0
100.467	0.0213141	0	0
100.500	0.0214346	0	0
100.533	0.0218591	0	0
100.567	0.0210708	0	0
100.600	0.0214608	0	0
100.633	0.0211461	0	0
100.667	0.0213181	0	0
100.700	0.0221014	0	0
100.733	0.0218169	0	0
100.767	0.0221462	0	0
100.800	0.0226915	0	0
100.834	0.0215775	0	0
100.867	0.0207446	0	0
100.900	0.0207757	0	0
100.934	0.0204916	0	0
100.967	0.0203857	0	0
101.000	0.0218254	0	0
101.034	0.0214610	0	0
101.067	0.0213927	0	0
101.101	0.0205318	0	0
101.134	0.0197343	0	0
101.167	0.0190839	0	0
101.201	0.0188535	0	0
101.234	0.0189044	0	0
101.267	0.0193233	0	0
101.301	0.0199636	0	0
101.334	0.0192201	0	0
101.367	0.0193447	0	0
101.401	0.0198504	0	0
101.434	0.0196775	0	0
101.468	0.0202149	0	0
101.501	0.0207173	0	0
101.534	0.0213895	0	0
101.568	0.0208644	0	0
101.601	0.0209999	0	0
101.634	0.0202029	0	0
101.668	0.0201047	0	0
101.701	0.0197670	0	0
101.734	0.0194017	0	0
101.768	0.0190733	0	0
101.801	0.0189483	0	0
101.835	0.0184730	0	0
101.868	0.0181644	0	0
101.901	0.0182734	0	0
101.935	0.0183961	0	0
101.968	0.0186263	0	0
102.001	0.0194093	0	0
102.035	0.0193034	0	0
102.068	0.0188218	0	0
102.102	0.0185293	0	0
102.135	0.0188623	0	0
102.168	0.0198676	0	0
102.202	0.0205303	0	0
102.235	0.0207904	0	0
102.268	0.0221064	0	0
102.302	0.0215771	0	0
102.335	0.0202356	0	0
102.368	0.0195350	0	0
102.402	0.0202295	0	0
102.435	0.0202865	0	0
102.469	0.0205521	0	0
102.502	0.0201381	0	0
102.535	0.0208851	0	0
102.569	0.0212672	0	0
102.602	0.0205568	0	0
102.635	0.0205025	0	0
102.669	0.0212508	0	0
102.702	0.0207348	0	0
102.735	0.0206429	0	0
102.769	0.0204667	0	0
102.802	0.0207607	0	0
102.836	0.0210157	0	0
102.869	0.0210377	0	0
102.902	0.0211626	0	0
102.936	0.0212883	0	0
102.969	0.0211108	0	0
103.002	0.0204070	0	0
103.036	0.0205505	0	0
103.069	0.0203425	0	0
103.103	0.0209196	0	0
103.136	0.0212914	0	0
103.169	0.0216022	0	0
103.203	0.0221201	0	0
103.236	0.0220083	0	0
103.269	0.0211531	0	0
103.303	0.0205087	0	0
103.336	0.0200296	0	0
103.369	0.0195408	0	0
103.403	0.0189714	0	0
103.436	0.0185519	0	0
103.470	0.0188838	0	0
103.503	0.0199090	0	0
103.536	0.0215274	0	0
103.570	0.0220089	0	0
103.603	0.0232728	0	0
103.636	0.0228518	0	0
103.670	0.0217746	0	0
103.703	0.0202576	0	0
103.736	0.0200490	0	0
103.770	0.0193013	0	0
103.803	0.0192523	0	0
103.837	0.0189635	0	0
103.870	0.0189017	0	0
103.903	0.0188871	0	0
103.937	0.0189091	0	0
103.970	0.0190471	0	0
104.003	0.0193413	0	0
104.037	0.0198800	0	0
104.070	0.0198722	0	0
104.104	0.0195034	0	0
104.137	0.0192642	0	0
104.170	0.0191798	0	0
104.204	0.0187096	0	0
104.237	0.0186005	0	0
104.270	0.0190660	0	0
104.304	0.0195817	0	0
104.337	0.0195531	0	0
104.370	0.0200224	0	0
104.404	0.0198380	0	0
104.437	0.0196196	0	0
104.471	0.0191128	0	0
104.504	0.0202436	0	0
104.537	0.0201128	0	0
104.571	0.0214917	0	0
104.604	0.0215683	0	0
104.637	0.0225909	0	0
104.671	0.0217178	0	0
104.704	0.0206765	0	0
104.737	0.0192509	0	0
104.771	0.0193397	0	0
104.804	0.0192078	0	0
104.838	0.0198729	0	0
104.871	0.0208455	0	0
104.904	0.0215083	0	0
104.938	0.0212837	0	0
104.971	0.0202674	0	0
105.004	0.0195889	0	0
105.038	0.0188582	0	0
105.071	0.0177186	0	0
105.105	0.0174391	0	0
105.138	0.0180426	0	0
105.171	0.0182349	0	0
105.205	0.0184449	0	0
105.238	0.0192541	0	0
105.271	0.0192924	0	0
105.305	0.0191167	0	0
105.338	0.0189808	0	0
105.371	0.0190587	0	0
105.405	0.0188648	0	0
105.438	0.0187488	0	0
105.472	0.0186802	0	0
105.505	0.0192900	0	0
105.538	0.0192369	0	0
105.572	0.0195893	0	0
105.605	0.0196581	0	0
105.638	0.0195671	0	0
105.672	0.0185101	0	0
105.705	0.0187612	0	0
105.738	0.0180950	0	0
105.772	0.0184540	0	0
105.805	0.0189446	0	0
105.839	0.0193416	0	0
105.872	0.0191161	0	0
105.905	0.0191217	0	0
105.939	0.0194770	0	0
105.972	0.0195823	0	0
106.005	0.0199500	0	0
106.039	0.0195140	0	0
106.072	0.0197828	0	0
106.106	0.0196336	0	0
106.139	0.0194614	0	0
106.172	0.0199539	0	0
106.206	0.0212076	0	0
106.239	0.0223459	0	0
106.272	0.0232069	0	0
106.306	0.0241429	0	0
106.339	0.0248272	0	0
106.372	0.0252241	0	0
106.406	0.0256410	0	0
106.439	0.0255503	0	0
106.473	0.0256621	0	0
106.506	0.0258366	0	0
106.539	0.0256845	0	0
106.573	0.0248080	0	0
106.606	0.0247188	0	0
106.639	0.0245643	0	0
106.673	0.0231591	0	0
106.706	0.0225357	0	0
106.739	0.0223077	0	0
106.773	0.0227074	0	0
106.806	0.0236667	0	0
106.840	0.0290123	0	0
106.873	0.0380725	0	0
106.906	0.0461942	0	0
106.940	0.0511507	0	0
106.973	0.0533659	0	0
107.006	0.0499758	0	0
107.040	0.0419705	1	0
107.073	0.0346047	0	0
107.107	0.0296142	0	0
107.140	0.0264708	0	0
107.173	0.0249452	0	0
107.207	0.0251502	0	0
107.240	0.0248411	0	0
107.273	0.0246912	0	0
107.307	0.0245463	0	0
107.340	0.0235312	0	0
107.373	0.0215617	0	0
107.407	0.0204555	0	0
107.440	0.0191356	0	0
107.474	0.0181295	0	0
107.507	0.0190540	0	0
107.540	0.0194501	0	0
107.574	0.0203059	0	0
107.607	0.0213351	0	0
107.640	0.0221779	0	0
107.674	0.0221142	0	0
107.707	0.0227134	0	0
107.740	0.0227909	0	0
107.774	0.0227543	0	0
107.807	0.0224899	0	0
107.841	0.0216929	0	0
107.874	0.0206943	0	0
107.907	0.0196479	0	0
107.941	0.0181402	0	0
107.974	0.0167957	0	0
108.007	0.0175107	0	0
108.041	0.0174237	0	0
108.074	0.0177121	0	0
108.108	0.0182392	0	0
108.141	0.0185663	0	0
108.174	0.0179651	0	0
108.208	0.0190248	0	0
108.241	0.0192093	0	0
108.274	0.0196319	0	0
108.308	0.0199191	0	0
108.341	0.0199726	0	0
108.374	0.0191148	0	0
108.408	0.0185012	0	0
108.441	0.0183738	0	0
108.475	0.0191571	0	0
108.508	0.0200010	0	0
108.541	0.0201781	0	0
108.575	0.0205125	0	0
108.608	0.0203808	0	0
108.641	0.0188711	0	0
108.675	0.0178751	0	0
108.708	0.0181900	0	0
108.741	0.0178485	0	0
108.775	0.0179932	0	0
108.808	0.0188045	0	0
108.842	0.0193373	0	0
108.875	0.0193185	0	0
108.908	0.0200855	0	0
108.942	0.0193540	0	0
108.975	0.0187008	0	0
109.008	0.0182475	0	0
109.042	0.0171221	0	0
109.075	0.0165649	0	0
109.109	0.0186028	0	0
109.142	0.0191174	0	0
109.175	0.0195346	0	0
109.209	0.0199418	0	0
109.242	0.0200519	0	0
109.275	0.0181276	0	0
109.309	0.0179836	0	0
109.342	0.0173978	0	0
109.375	0.0187038	0	0
109.409	0.0193422	0	0
109.442	0.0203444	0	0
109.476	0.0210265	0	0
109.509	0.0214735	0	0
109.542	0.0201262	0	0
109.576	0.0202128	0	0
109.609	0.0197569	0	0
109.642	0.0193848	0	0
109.676	0.0197457	0	0
109.709	0.0212148	0	0
109.742	0.0211639	0	0
109.776	0.0216098	0	0
109.809	0.0211910	0	0
109.843	0.0207603	0	0
109.876	0.0196474	0	0
109.909	0.0186473	0	0
109.943	0.0179146	0	0
109.976	0.0182170	0	0
110.009	0.0179288	0	0
110.043	0.0185737	0	0
110.076	0.0186467	0	0
110.110	0.0186872	0	0
110.143	0.0186967	0	0
110.176	0.0182238	0	0
110.210	0.0172721	0	0
110.243	0.0177925	0	0
110.276	0.0178870	0	0
110.310	0.0178587	0	0
110.343	0.0180444	0	0
110.376	0.0182665	0	0
110.410	0.0178336	0	0
110.443	0.0177823	0	0
110.477	0.0176874	0	0
110.510	0.0179789	0	0
110.543	0.0178514	0	0
110.577	0.0178999	0	0
110.610	0.0181495	0	0
110.643	0.0182169	0	0
110.677	0.0180493	0	0
110.710	0.0183454	0	0
110.743	0.0181149	0	0
110.777	0.0178394	0	0
110.810	0.0177459	0	0
110.844	0.0175019	0	0
110.877	0.0172212	0	0
110.910	0.0188774	0	0
110.944	0.0184868	0	0
110.977	0.0188907	0	0
111.010	0.0198882	0	0
111.044	0.0202898	0	0
111.077	0.0193037	0	0
111.111	0.0205022	0	0
111.144	0.0203108	0	0
111.177	0.0203535	0	0
111.211	0.0206241	0	0
111.244	0.0208879	0	0
111.277	0.0205086	0	0
111.311	0.0212725	0	0
111.344	0.0210133	0	0
111.377	0.0202560	0	0
111.411	0.0198358	0	0
111.444	0.0192883	0	0
111.478	0.0187382	0	0
111.511	0.0177602	0	0
111.544	0.0177783	0	0
111.578	0.0183271	0	0
111.611	0.0183661	0	0
111.644	0.0178905	0	0
111.678	0.0182194	0	0
111.711	0.0186007	0	0
111.744	0.0184478	0	0
111.778	0.0190530	0	0
111.811	0.0202318	0	0
111.845	0.0217485	0	0
111.878	0.0217465	0	0
111.911	0.0219147	0	0
111.945	0.0211717	0	0
111.978	0.0199046	0	0
112.011	0.0187766	0	0
112.045	0.0187878	0	0
112.078	0.0179850	0	0
112.112	0.0184572	0	0
112.145	0.0191784	0	0
112.178	0.0192741	0	0
112.212	0.0197771	0	0
112.245	0.0204275	0	0
112.278	0.0204828	0	0
112.312	0.0204546	0	0
112.345	0.0201833	0	0
112.378	0.0195849	0	0
112.412	0.0195643	0	0
112.445	0.0194344	0	0
112.479	0.0191796	0	0
112.512	0.0192615	0	0
112.545	0.0202222	0	0
112.579	0.0209639	0	0
112.612	0.0212628	0	0
112.645	0.0214930	0	0
112.679	0.0224669	0	0
112.712	0.0230823	0	0
112.745	0.0229293	0	0
112.779	0.0233765	0	0
112.812	0.0241833	0	0
112.846	0.0237781	0	0
112.879	0.0223895	0	0
112.912	0.0221988	0	0
112.946	0.0219651	0	0
112.979	0.0209919	0	0
113.012	0.0214772	0	0
113.046	0.0220145	0	0
113.079	0.0215235	0	0
113.113	0.0220666	0	0
113.146	0.0224113	0	0
113.179	0.0218828	0	0
113.213	0.0217448	0	0
113.246	0.0222092	0	0
113.279	0.0214024	0	0
113.313	0.0208644	0	0
113.346	0.0198886	0	0
113.379	0.0191308	0	0
113.413	0.0189243	0	0
113.446	0.0194164	0	0
113.480	0.0192638	0	0
113.513	0.0199735	0	0
113.546	0.0206258	0	0
113.580	0.0206654	0	0
113.613	0.0202358	0	0
113.646	0.0205818	0	0
113.680	0.0201063	0	0
113.713	0.0207668	0	0
113.746	0.0204741	0	0
113.780	0.0203146	0	0
113.813	0.0200265	0	0
113.847	0.0204758	0	0
113.880	0.0199243	0	0
113.913	0.0203667	0	0
113.947	0.0207941	0	0
113.980	0.0219987	0	0
114.013	0.0232415	0	0
114.047	0.0233802	0	0
114.080	0.0234812	0	0
114.114	0.0234624	0	0
114.147	0.0227967	0	0
114.180	0.0221078	0	0
114.214	0.0213839	0	0
114.247	0.0210973	0	0
114.280	0.0211207	0	0
114.314	0.0212542	0	0
114.347	0.0209011	0	0
114.380	0.0207714	0	0
114.414	0.0215385	0	0
114.447	0.0208724	0	0
114.481	0.0209002	0	0
114.514	0.0209424	0	0
114.547	0.0212919	0	0
114.581	0.0206721	0	0
114.614	0.0211038	0	0
114.647	0.0201576	0	0
114.681	0.0206740	0	0
114.714	0.0203545	0	0
114.747	0.0199485	0	0
114.781	0.0198442	0	0
114.814	0.0201439	0	0
114.848	0.0198722	0	0
114.881	0.0199167	0	0
114.914	0.0202113	0	0
114.948	0.0201812	0	0
114.981	0.0203925	0	0
115.014	0.0215925	0	0
115.048	0.0238212	0	0
115.081	0.0291153	0	0
115.115	0.0382552	0	0
115.148	0.0464296	0	0
115.181	0.0518097	0	0
115.215	0.0558135	0	0
115.248	0.0538564	0	0
115.281	0.0489365	0	0
115.315	0.0432997	1	0
115.348	0.0384858	0	0
115.381	0.0339718	0	0
115.415	0.0313844	0	0
115.448	0.0282815	0	0
115.482	0.0267415	0	0
115.515	0.0253691	0	0
115.548	0.0244072	0	0
115.582	0.0239193	0	0
115.615	0.0232173	0	0
115.648	0.0234436	0	0
115.682	0.0242590	0	0
115.715	0.0241653	0	0
115.748	0.0239888	0	0
115.782	0.0236241	0	0
115.815	0.0228735	0	0
115.849	0.0220993	0	0
115.882	0.0220553	0	0
115.915	0.0224481	0	0
115.949	0.0233989	0	0
115.982	0.0226857	0	0
116.015	0.0221854	0	0
116.049	0.0221573	0	0
116.082	0.0218781	0	0
116.116	0.0210274	0	0
116.149	0.0213625	0	0
116.182	0.0214940	0	0
116.216	0.0221395	0	0
116.249	0.0221301	0	0
116.282	0.0221955	0	0
116.316	0.0219688	0	0
116.349	0.0221845	0	0
116.382	0.0215345	0	0
116.416	0.0210897	0	0
116.449	0.0210412	0	0
116.483	0.0215491	0	0
116.516	0.0210473	0	0
116.549	0.0207292	0	0
116.583	0.0203797	0	0
116.616	0.0210011	0	0
116.649	0.0208119	0	0
116.683	0.0215913	0	0
116.716	0.0216197	0	0
116.749	0.0229864	0	0
116.783	0.0233399	0	0
116.816	0.0231226	0	0
116.850	0.0228552	0	0
116.883	0.0230475	0	0
116.916	0.0218124	0	0
116.950	0.0206051	0	0
116.983	0.0207079	0	0
117.016	0.0202610	0	0
117.050	0.0199879	0	0
117.083	0.0200674	0	0
117.117	0.0196646	0	0
117.150	0.0188009	0	0
117.183	0.0186419	0	0
117.217	0.0183816	0	0
117.250	0.0187592	0	0
117.283	0.0200216	0	0
117.317	0.0206522	0	0
117.350	0.0208807	0	0
117.383	0.0217923	0	0
117.417	0.0220726	0	0
117.450	0.0216478	0	0
117.484	0.0215343	0	0
117.517	0.0210314	0	0
117.550	0.0205694	0	0
117.584	0.0207017	0	0
117.617	0.0212066	0	0
117.650	0.0218795	0	0
117.684	0.0218972	0	0
117.717	0.0224033	0	0
117.750	0.0222962	0	0
117.784	0.0212540	0	0
117.817	0.0206204	0	0
117.851	0.0209263	0	0
117.884	0.0197611	0	0
117.917	0.0192305	0	0
117.951	0.0197697	0	0
117.984	0.0209994	0	0
118.017	0.0212034	0	0
118.051	0.0215023	0	0
118.084	0.0219958	0	0
118.118	0.0224383	0	0
118.151	0.0214112	0	0
118.184	0.0218277	0	0
118.218	0.0224776	0	0
118.251	0.0225532	0	0
118.284	0.0229170	0	0
118.318	0.0243999	0	0
118.351	0.0240171	0	0
118.384	0.0244644	0	0
118.418	0.0242208	0	0
118.451	0.0231518	0	0
118.485	0.0217335	0	0
118.518	0.0215330	0	0
118.551	0.0200650	0	0
118.585	0.0195075	0	0
118.618	0.0200726	0	0
118.651	0.0202472	0	0
118.685	0.0200164	0	0
118.718	0.0203358	0	0
118.751	0.0213423	0	0
118.785	0.0205974	0	0
118.818	0.0204376	0	0
118.852	0.0203644	0	0
118.885	0.0205626	0	0
118.918	0.0196069	0	0
118.952	0.0197982	0	0
118.985	0.0201885	0	0
119.018	0.0200824	0	0
119.052	0.0204750	0	0
119.085	0.0212939	0	0
119.119	0.0214920	0	0
119.152	0.0207093	0	0
119.185	0.0214087	0	0
119.219	0.0210855	0	0
119.252	0.0198900	0	0
119.285	0.0196094	0	0
119.319	0.0199851	0	0
119.352	0.0195061	0	0
119.385	0.0195159	0	0
119.419	0.0204420	0	0
119.452	0.0199791	0	0
119.486	0.0195849	0	0
119.519	0.0195729	0	0
119.552	0.0195837	0	0
119.586	0.0194134	0	0
119.619	0.0198918	0	0
119.652	0.0196032	0	0
119.686	0.0196911	0	0
119.719	0.0193934	0	0
119.752	0.0186605	0	0
119.786	0.0182439	0	0
119.819	0.0196896	0	0
119.853	0.0197526	0	0
119.886	0.0200786	0	0
119.919	0.0208904	0	0
119.953	0.0216171	0	0
119.986	0.0215421	0	0
120.019	0.0220784	0	0
120.053	0.0217725	0	0
120.086	0.0212475	0	0
120.120	0.0210317	0	0
120.153	0.0201436	0	0
120.186	0.0194543	0	0
120.220	0.0196549	0	0
120.253	0.0198042	0	0
120.286	0.0197759	0	0
120.320	0.0199752	0	0
120.353	0.0198697	0	0
120.386	0.0197088	0	0
120.420	0.0194105	0	0
120.453	0.0189992	0	0
120.487	0.0197465	0	0
120.520	0.0197516	0	0
120.553	0.0194886	0	0
120.587	0.0198208	0	0
120.620	0.0201468	0	0
120.653	0.0196025	0	0
120.687	0.0204780	0	0
120.720	0.0213822	0	0
120.753	0.0219271	0	0
120.787	0.0221925	0	0
120.820	0.0216007	0	0
120.854	0.0207852	0	0
120.887	0.0207099	0	0
120.920	0.0204089	0	0
120.954	0.0207885	0	0
120.987	0.0209771	0	0
121.020	0.0211336	0	0
121.054	0.0207345	0	0
121.087	0.0207391	0	0
121.121	0.0199791	0	0
121.154	0.0207058	0	0
121.187	0.0211187	0	0
121.221	0.0217708	0	0
121.254	0.0215127	0	0
121.287	0.0216218	0	0
121.321	0.0217438	0	0
121.354	0.0217146	0	0
121.387	0.0210656	0	0
121.421	0.0211097	0	0
121.454	0.0224244	0	0
121.488	0.0233294	0	0
121.521	0.0244138	0	0
121.554	0.0273590	0	0
121.588	0.0301848	0	0
121.621	0.0318059	0	0
121.654	0.0337280	0	0
121.688	0.0360034	0	0
121.721	0.0369592	0	0
121.754	0.0380168	0	0
121.788	0.0395578	0	0
121.821	0.0407080	1	0
121.855	0.0419673	1	0
121.888	0.0436510	1	0
121.921	0.0455003	1	0
121.955	0.0469562	1	0
121.988	0.0486867	1	0
122.021	0.0502862	1	0
122.055	0.0509945	1	0
122.088	0.0516462	1	0
122.122	0.0521126	1	0
122.155	0.0521979	1	0
122.188	0.0521979	1	0
122.222	0.0525154	1	0
122.255	0.0526552	1	0
122.288	0.0525219	1	0
122.322	0.0526252	1	0
122.355	0.0528504	1	0
122.388	0.0524984	1	0
122.422	0.0519309	1	0
122.455	0.0514506	1	0
122.489	0.0508444	1	0
122.522	0.0499150	1	0
122.555	0.0497136	1	0
122.589	0.0495278	1	0
122.622	0.0495134	1	0
122.655	0.0493392	1	0
122.689	0.0489638	1	0
122.722	0.0479655	1	0
122.755	0.0468561	1	0
122.789	0.0462836	1	0
122.822	0.0454344	1	0
122.856	0.0446559	1	0
122.889	0.0445746	1	0
122.922	0.0450814	1	0
122.956	0.0452077	1	0
122.989	0.0454297	1	0
123.022	0.0463425	1	0
123.056	0.0467870	1	0
123.089	0.0462516	1	0
123.123	0.0459003	1	0
123.156	0.0460258	1	0
123.189	0.0450216	1	0
123.223	0.0445038	1	0
123.256	0.0444589	1	0
123.289	0.0440498	1	0
123.323	0.0431100	1	0
123.356	0.0423038	1	0
123.389	0.0415548	1	0
123.423	0.0409420	1	0
123.456	0.0414079	1	0
123.490	0.0480760	0	0
123.523	0.0569211	0	0
123.556	0.0666050	0	0
123.590	0.0666050	0	0
123.623	0.0666050	0	0