time	rmse	false positive	false negative
1.968	0.0168427	0	0
2.002	0.0168427	0	0
2.035	0.0168427	0	0
2.068	0.0153307	0	0
2.102	0.0151060	0	0
2.135	0.0145137	0	0
2.168	0.0146519	0	0
2.202	0.0151427	0	0
2.235	0.0157018	0	0
2.268	0.0158447	0	0
2.302	0.0163752	0	0
2.335	0.0165489	0	0
2.369	0.0167684	0	0
2.402	0.0165149	0	0
2.435	0.0164661	0	0
2.469	0.0166870	0	0
2.502	0.0172241	0	0
2.535	0.0174609	0	0
2.569	0.0208419	0	0
2.602	0.0239290	0	0
2.635	0.0250085	0	0
2.669	0.0245169	0	0
2.702	0.0244674	0	0
2.736	0.0214262	0	0
2.769	0.0184448	0	0
2.802	0.0169182	0	0
2.836	0.0164066	0	0
2.869	0.0159032	0	0
2.902	0.0155876	0	0
2.936	0.0153573	0	0
2.969	0.0154379	0	0
3.003	0.0162342	0	0
3.036	0.0164817	0	0
3.069	0.0168483	0	0
3.103	0.0173558	0	0
3.136	0.0173906	0	0
3.169	0.0184988	0	0
3.203	0.0236446	0	0
3.236	0.0284017	0	0
3.269	0.0310065	0	0
3.303	0.0333245	0	0
3.336	0.0327096	1	0
3.370	0.0278219	0	0
3.403	0.0229991	0	0
3.436	0.0201783	0	0
3.470	0.0182078	0	0
3.503	0.0174856	0	0
3.536	0.0171178	0	0
3.570	0.0168083	0	0
3.603	0.0164008	0	0
3.636	0.0158437	0	0
3.670	0.0161671	0	0
3.703	0.0208434	0	0
3.737	0.0256831	0	0
3.770	0.0287719	0	0
3.803	0.0311074	0	0
3.837	0.0321469	0	0
3.870	0.0284772	1	0
3.903	0.0244511	0	0
3.937	0.0223149	0	0
3.970	0.0205751	0	0
4.004	0.0193993	0	0
4.037	0.0186376	0	0
4.070	0.0182917	0	0
4.104	0.0181197	0	0
4.137	0.0178641	0	0
4.170	0.0176415	0	0
4.204	0.0179055	0	0
4.237	0.0180287	0	0
4.270	0.0178213	0	0
4.304	0.0180090	0	0
4.337	0.0190137	0	0
4.371	0.0227487	0	0
4.404	0.0262733	0	0
4.437	0.0295134	0	0
4.471	0.0312964	0	0
4.504	0.0315146	0	0
4.537	0.0286179	0	0
4.571	0.0253412	0	0
4.604	0.0220399	0	0
4.637	0.0205436	0	0
4.671	0.0196613	0	0
4.704	0.0177705	0	0
4.738	0.0165819	0	0
4.771	0.0167097	0	0
4.804	0.0159351	0	0
4.838	0.0178272	0	0
4.871	0.0233828	0	0
4.904	0.0283394	0	0
4.938	0.0314931	0	0
4.971	0.0340545	0	0
5.005	0.0332838	0	0
5.038	0.0300232	1	0
5.071	0.0264319	0	0
5.105	0.0241747	0	0
5.138	0.0229803	0	0
5.171	0.0219129	0	0
5.205	0.0209096	0	0
5.238	0.0206469	0	0
5.271	0.0193128	0	0
5.305	0.0184926	0	0
5.338	0.0177481	0	0
5.372	0.0167512	0	0
5.405	0.0158908	0	0
5.438	0.0155231	0	0
5.472	0.0147504	0	0
5.505	0.0145395	0	0
5.538	0.0144292	0	0
5.572	0.0145675	0	0
5.605	0.0153983	0	0
5.638	0.0201184	0	0
5.672	0.0261797	0	0
5.705	0.0318024	0	0
5.739	0.0360883	0	0
5.772	0.0389071	0	0
5.805	0.0381658	0	0
5.839	0.0348451	1	0
5.872	0.0317159	1	0
5.905	0.0294372	1	0
5.939	0.0288907	1	0
5.972	0.0270228	0	0
6.006	0.0266702	0	0
6.039	0.0262162	0	0
6.072	0.0258509	0	0
6.106	0.0248756	0	0
6.139	0.0245607	0	0
6.172	0.0242757	0	0
6.206	0.0248091	0	0
6.239	0.0263367	0	0
6.272	0.0280104	1	0
6.306	0.0297681	1	0
6.339	0.0314168	1	0
6.373	0.0325569	1	0
6.406	0.0326847	1	0
6.439	0.0327105	1	0
6.473	0.0327749	1	0
6.506	0.0325037	1	0
6.539	0.0319096	1	0
6.573	0.0313870	1	0
6.606	0.0306156	1	0
6.639	0.0303360	1	0
6.673	0.0304292	1	0
6.706	0.0300944	1	0
6.740	0.0297351	1	0
6.773	0.0289259	1	0
6.806	0.0273071	0	0
6.840	0.0264487	0	0
6.873	0.0258662	0	0
6.906	0.0249213	0	0
6.940	0.0251374	0	0
6.973	0.0265813	0	0
7.007	0.0290447	0	0
7.040	0.0326730	0	0
7.073	0.0348182	0	0
7.107	0.0357382	0	0
7.140	0.0353961	0	0
7.173	0.0325193	1	0
7.207	0.0286994	1	0
7.240	0.0269700	0	0
7.273	0.0254104	0	0
7.307	0.0249293	0	0
7.340	0.0245570	0	0
7.374	0.0242829	0	0
7.407	0.0242752	0	0
7.440	0.0240355	0	0
7.474	0.0256126	0	0
7.507	0.0292639	0	0
7.540	0.0309174	0	0
7.574	0.0314405	0	0
7.607	0.0327410	0	0
7.640	0.0309610	1	0
7.674	0.0273253	0	0
7.707	0.0259175	0	0
7.741	0.0246914	0	0
7.774	0.0235199	0	0
7.807	0.0234945	0	0
7.841	0.0259768	0	0
7.874	0.0294469	0	0
7.907	0.0322640	0	0
7.941	0.0340347	0	0
7.974	0.0345724	0	0
8.008	0.0328196	1	0
8.041	0.0293727	1	0
8.074	0.0266208	0	0
8.108	0.0256527	0	0
8.141	0.0252503	0	0
8.174	0.0242902	0	0
8.208	0.0245092	0	0
8.241	0.0244272	0	0
8.274	0.0234804	0	0
8.308	0.0231124	0	0
8.341	0.0232174	0	0
8.375	0.0227451	0	0
8.408	0.0229158	0	0
8.441	0.0230076	0	0
8.475	0.0226404	0	0
8.508	0.0225354	0	0
8.541	0.0225185	0	0
8.575	0.0221269	0	0
8.608	0.0218287	0	0
8.641	0.0217888	0	0
8.675	0.0226388	0	0
8.708	0.0252297	0	0
8.742	0.0292805	0	0
8.775	0.0331416	0	0
8.808	0.0358780	0	0
8.842	0.0367664	0	0
8.875	0.0353195	0	0
8.908	0.0324819	1	0
8.942	0.0294165	1	0
8.975	0.0280483	1	0
9.009	0.0267642	0	0
9.042	0.0257963	0	0
9.075	0.0252879	0	0
9.109	0.0250732	0	0
9.142	0.0254201	0	0
9.175	0.0283303	0	0
9.209	0.0311709	0	0
9.242	0.0332150	0	0
9.275	0.0341459	0	0
9.309	0.0334100	0	0
9.342	0.0301041	1	0
9.376	0.0272180	0	0
9.409	0.0242427	0	0
9.442	0.0225925	0	0
9.476	0.0211000	0	0
9.509	0.0201166	0	0
9.542	0.0190784	0	0
9.576	0.0187625	0	0
9.609	0.0174908	0	0
9.642	0.0167355	0	0
9.676	0.0164984	0	0
9.709	0.0177203	0	0
9.743	0.0216884	0	0
9.776	0.0269894	0	0
9.809	0.0329220	0	0
9.843	0.0377427	0	0
9.876	0.0407428	0	0
9.909	0.0405001	0	0
9.943	0.0400416	0	0
9.976	0.0374299	1	0
10.010	0.0350287	1	0
10.043	0.0327117	1	0
10.076	0.0309464	1	0
10.110	0.0290546	1	0
10.143	0.0283941	1	0
10.176	0.0282445	1	0
10.210	0.0283048	1	0
10.243	0.0276612	0	0
10.276	0.0276270	0	0
10.310	0.0273489	0	0
10.343	0.0271489	0	0
10.377	0.0284288	0	0
10.410	0.0322792	0	0
10.443	0.0347426	0	0
10.477	0.0359150	0	0
10.510	0.0372763	0	0
10.543	0.0368124	0	0
10.577	0.0343159	1	0
10.610	0.0316266	1	0
10.643	0.0303465	1	0
10.677	0.0292683	1	0
10.710	0.0275791	0	0
10.744	0.0262759	0	0
10.777	0.0260114	0	0
10.810	0.0258302	0	0
10.844	0.0250537	0	0
10.877	0.0255284	0	0
10.910	0.0255232	0	0
10.944	0.0246835	0	0
10.977	0.0240186	0	0
11.011	0.0247879	0	0
11.044	0.0271660	0	0
11.077	0.0303462	0	0
11.111	0.0335137	0	0
11.144	0.0355865	0	0
11.177	0.0359452	0	0
11.211	0.0340737	1	0
11.244	0.0311429	1	0
11.277	0.0288623	1	0
11.311	0.0270434	0	0
11.344	0.0262394	0	0
11.378	0.0256751	0	0
11.411	0.0258725	0	0
11.444	0.0257979	0	0
11.478	0.0260004	0	0
11.511	0.0250917	0	0
11.544	0.0249231	0	0
11.578	0.0240995	0	0
11.611	0.0237977	0	0
11.644	0.0236600	0	0
11.678	0.0238403	0	0
11.711	0.0235744	0	0
11.745	0.0240404	0	0
11.778	0.0235566	0	0
11.811	0.0234679	0	0
11.845	0.0239002	0	0
11.878	0.0237986	0	0
11.911	0.0229109	0	0
11.945	0.0235255	0	0
11.978	0.0234460	0	0
12.012	0.0235215	0	0
12.045	0.0235102	0	0
12.078	0.0237551	0	0
12.112	0.0232169	0	0
12.145	0.0226754	0	0
12.178	0.0222922	0	0
12.212	0.0249608	0	0
12.245	0.0286112	0	0
12.278	0.0317421	0	0
12.312	0.0342520	0	0
12.345	0.0355566	0	0
12.379	0.0339025	1	0
12.412	0.0312680	1	0
12.445	0.0291628	1	0
12.479	0.0279996	0	0
12.512	0.0277428	0	0
12.545	0.0293063	0	0
12.579	0.0326451	0	0
12.612	0.0353746	0	0
12.645	0.0372165	0	0
12.679	0.0379552	0	0
12.712	0.0367451	0	0
12.746	0.0344063	1	0
12.779	0.0320554	1	0
12.812	0.0302515	1	0
12.846	0.0287947	1	0
12.879	0.0274276	0	0
12.912	0.0255910	0	0
12.946	0.0251073	0	0
12.979	0.0261349	0	0
13.013	0.0296358	0	0
13.046	0.0333688	0	0
13.079	0.0360127	0	0
13.113	0.0372378	0	0
13.146	0.0362987	0	0
13.179	0.0334604	1	0
13.213	0.0301950	1	0
13.246	0.0277984	0	0
13.279	0.0255476	0	0
13.313	0.0250346	0	0
13.346	0.0236809	0	0
13.380	0.0233350	0	0
13.413	0.0227353	0	0
13.446	0.0226427	0	0
13.480	0.0219388	0	0
13.513	0.0218083	0	0
13.546	0.0211411	0	0
13.580	0.0211935	0	0
13.613	0.0210256	0	0
13.646	0.0205313	0	0
13.680	0.0198424	0	0
13.713	0.0197116	0	0
13.747	0.0195267	0	0
13.780	0.0203294	0	0
13.813	0.0209275	0	0
13.847	0.0221652	0	0
13.880	0.0225415	0	0
13.913	0.0228381	0	0
13.947	0.0233661	0	0
13.980	0.0256097	0	0
14.014	0.0286777	0	0
14.047	0.0312401	0	0
14.080	0.0331244	0	0
14.114	0.0331959	0	0
14.147	0.0311043	1	0
14.180	0.0279155	0	0
14.214	0.0245067	0	0
14.247	0.0223684	0	0
14.280	0.0210945	0	0
14.314	0.0202180	0	0
14.347	0.0189358	0	0
14.381	0.0192089	0	0
14.414	0.0187026	0	0
14.447	0.0182276	0	0
14.481	0.0182025	0	0
14.514	0.0189594	0	0
14.547	0.0190493	0	0
14.581	0.0192289	0	0
14.614	0.0195247	0	0
14.647	0.0197406	0	0
14.681	0.0198145	0	0
14.714	0.0197440	0	0
14.748	0.0224587	0	0
14.781	0.0269815	0	0
14.814	0.0297407	0	0
14.848	0.0311225	0	0
14.881	0.0318858	0	0
14.914	0.0298040	1	0
14.948	0.0247416	0	0
14.981	0.0216924	0	0
15.015	0.0194545	0	0
15.048	0.0185964	0	0
15.081	0.0176675	0	0
15.115	0.0175852	0	0
15.148	0.0172958	0	0
15.181	0.0174153	0	0
15.215	0.0172741	0	0
15.248	0.0169893	0	0
15.281	0.0166795	0	0
15.315	0.0171576	0	0
15.348	0.0172460	0	0
15.382	0.0165648	0	0
15.415	0.0171431	0	0
15.448	0.0172526	0	0
15.482	0.0165833	0	0
15.515	0.0162906	0	0
15.548	0.0166873	0	0
15.582	0.0170809	0	0
15.615	0.0173071	0	0
15.648	0.0178545	0	0
15.682	0.0182285	0	0
15.715	0.0188687	0	0
15.749	0.0179926	0	0
15.782	0.0181121	0	0
15.815	0.0171358	0	0
15.849	0.0167835	0	0
15.882	0.0160752	0	0
15.915	0.0158846	0	0
15.949	0.0155553	0	0
15.982	0.0161673	0	0
16.016	0.0161194	0	0
16.049	0.0161745	0	0
16.082	0.0161302	0	0
16.116	0.0155564	0	0
16.149	0.0150106	0	0
16.182	0.0146957	0	0
16.216	0.0144106	0	0
16.249	0.0140299	0	0
16.282	0.0139071	0	0
16.316	0.0168806	0	0
16.349	0.0212135	0	1
16.383	0.0240557	0	1
16.416	0.0259632	0	1
16.449	0.0269048	0	0
16.483	0.0247360	0	0
16.516	0.0205717	0	0
16.549	0.0179589	0	0
16.583	0.0160514	0	0
16.616	0.0163315	0	0
16.649	0.0207172	0	0
16.683	0.0258635	0	0
16.716	0.0292373	0	0
16.750	0.0323780	0	0
16.783	0.0338236	0	0
16.816	0.0303002	1	0
16.850	0.0258379	0	0
16.883	0.0227480	0	0
16.916	0.0204272	0	0
16.950	0.0199639	0	0
16.983	0.0240159	0	0
17.017	0.0278618	0	0
17.050	0.0302255	0	0
17.083	0.0319081	0	0
17.117	0.0322666	0	0
17.150	0.0285251	1	0
17.183	0.0245687	0	0
17.217	0.0223738	0	0
17.250	0.0208880	0	0
17.283	0.0198365	0	0
17.317	0.0189948	0	0
17.350	0.0189563	0	0
17.384	0.0184525	0	0
17.417	0.0180067	0	0
17.450	0.0169182	0	0
17.484	0.0159409	0	0
17.517	0.0153679	0	0
17.550	0.0152201	0	0
17.584	0.0153208	0	0
17.617	0.0156265	0	0
17.650	0.0156761	0	0
17.684	0.0158561	0	0
17.717	0.0160702	0	0
17.751	0.0158563	0	0
17.784	0.0154677	0	0
17.817	0.0153684	0	0
17.851	0.0151162	0	0
17.884	0.0150228	0	0
17.917	0.0149821	0	0
17.951	0.0152459	0	0
17.984	0.0151548	0	0
18.018	0.0149944	0	0
18.051	0.0147455	0	0
18.084	0.0146053	0	0
18.118	0.0144122	0	0
18.151	0.0145252	0	0
18.184	0.0145877	0	0
18.218	0.0143856	0	0
18.251	0.0141802	0	0
18.284	0.0145125	0	0
18.318	0.0145132	0	0
18.351	0.0142745	0	0
18.385	0.0143196	0	0
18.418	0.0143654	0	0
18.451	0.0134844	0	0
18.485	0.0131353	0	0
18.518	0.0134925	0	0
18.551	0.0139095	0	0
18.585	0.0141782	0	0
18.618	0.0145552	0	0
18.651	0.0146162	0	0
18.685	0.0147604	0	0
18.718	0.0149353	0	0
18.752	0.0164275	0	0
18.785	0.0220288	0	0
18.818	0.0274959	0	0
18.852	0.0338710	0	0
18.885	0.0392915	0	0
18.918	0.0429955	0	0
18.952	0.0428461	0	0
18.985	0.0428699	0	0
19.019	0.0413034	1	0
19.052	0.0401695	1	0
19.085	0.0397276	1	0
19.119	0.0389043	1	0
19.152	0.0377945	1	0
19.185	0.0372964	1	0
19.219	0.0367632	1	0
19.252	0.0353820	1	0
19.285	0.0341542	1	0
19.319	0.0328764	1	0
19.352	0.0313823	1	0
19.386	0.0301087	1	0
19.419	0.0293757	1	0
19.452	0.0286662	1	0
19.486	0.0280289	1	0
19.519	0.0273390	0	0
19.552	0.0262901	0	0
19.586	0.0280199	0	0
19.619	0.0319195	0	0
19.652	0.0354930	0	0
19.686	0.0377947	0	0
19.719	0.0395175	0	0
19.753	0.0381967	1	0
19.786	0.0346126	1	0
19.819	0.0314403	1	0
19.853	0.0294464	1	0
19.886	0.0286300	1	0
19.919	0.0279364	0	0
19.953	0.0274311	0	0
19.986	0.0270500	0	0
20.020	0.0267126	0	0
20.053	0.0258718	0	0
20.086	0.0254749	0	0
20.120	0.0252067	0	0
20.153	0.0250546	0	0
20.186	0.0251118	0	0
20.220	0.0255203	0	0
20.253	0.0249223	0	0
20.286	0.0244810	0	0
20.320	0.0243201	0	0
20.353	0.0249600	0	0
20.387	0.0279851	0	0
20.420	0.0316475	0	0
20.453	0.0345922	0	0
20.487	0.0361638	0	0
20.520	0.0361282	0	0
20.553	0.0337114	1	0
20.587	0.0312310	1	0
20.620	0.0289454	1	0
20.653	0.0275909	0	0
20.687	0.0265178	0	0
20.720	0.0251949	0	0
20.754	0.0242037	0	0
20.787	0.0236902	0	0
20.820	0.0234525	0	0
20.854	0.0243537	0	0
20.887	0.0279915	0	0
20.920	0.0317412	0	0
20.954	0.0347800	0	0
20.987	0.0368150	0	0
21.021	0.0373655	0	0
21.054	0.0351006	0	0
21.087	0.0322517	1	0
21.121	0.0300530	1	0
21.154	0.0283669	1	0
21.187	0.0280724	1	0
21.221	0.0274874	0	0
21.254	0.0265870	0	0
21.287	0.0261698	0	0
21.321	0.0255880	0	0
21.354	0.0244905	0	0
21.388	0.0236070	0	0
21.421	0.0236399	0	0
21.454	0.0233485	0	0
21.488	0.0230727	0	0
21.521	0.0223688	0	0
21.554	0.0219262	0	0
21.588	0.0214856	0	0
21.621	0.0211057	0	0
21.654	0.0213640	0	0
21.688	0.0217088	0	0
21.721	0.0220593	0	0
21.755	0.0218364	0	0
21.788	0.0219901	0	0
21.821	0.0219157	0	0
21.855	0.0215794	0	0
21.888	0.0218441	0	0
21.921	0.0223383	0	0
21.955	0.0222255	0	0
21.988	0.0223782	0	0
22.022	0.0226297	0	0
22.055	0.0227690	0	0
22.088	0.0223124	0	0
22.122	0.0217731	0	0
22.155	0.0221679	0	0
22.188	0.0244394	0	0
22.222	0.0275229	0	0
22.255	0.0297988	0	0
22.288	0.0312837	0	0
22.322	0.0319806	0	0
22.355	0.0306961	0	0
22.389	0.0279337	0	0
22.422	0.0270173	0	0
22.455	0.0267575	0	0
22.489	0.0265314	0	0
22.522	0.0288809	0	0
22.555	0.0316997	0	0
22.589	0.0339630	0	0
22.622	0.0352604	0	0
22.655	0.0356653	1	0
22.689	0.0333628	1	0
22.722	0.0305625	1	0
22.756	0.0277797	0	0
22.789	0.0263019	0	0
22.822	0.0253478	0	0
22.856	0.0247383	0	0
22.889	0.0243506	0	0
22.922	0.0240891	0	0
22.956	0.0253193	0	0
22.989	0.0281897	0	0
23.023	0.0314873	0	0
23.056	0.0340141	0	0
23.089	0.0358065	0	0
23.123	0.0353939	1	0
23.156	0.0330898	1	0
23.189	0.0303069	1	0
23.223	0.0279758	0	0
23.256	0.0261408	0	0
23.289	0.0245961	0	0
23.323	0.0237974	0	0
23.356	0.0229776	0	0
23.390	0.0229145	0	0
23.423	0.0231109	0	0
23.456	0.0236086	0	0
23.490	0.0237667	0	0
23.523	0.0240967	0	0
23.556	0.0237538	0	0
23.590	0.0222918	0	0
23.623	0.0210364	0	0
23.656	0.0191666	0	0
23.690	0.0170449	0	0
23.723	0.0157495	0	0
23.757	0.0154584	0	0
23.790	0.0146146	0	0
23.823	0.0141225	0	0
23.857	0.0140376	0	0
23.890	0.0134767	0	0
23.923	0.0130442	0	0
23.957	0.0126972	0	0
23.990	0.0128442	0	0
24.024	0.0129863	0	0
24.057	0.0132995	0	0
24.090	0.0127892	0	0
24.124	0.0128129	0	0
24.157	0.0126751	0	0
24.190	0.0124537	0	0
24.224	0.0127674	0	0
24.257	0.0172752	0	0
24.290	0.0220993	0	0
24.324	0.0257896	0	1
24.357	0.0281370	0	0
24.391	0.0293925	0	0
24.424	0.0273316	0	0
24.457	0.0242048	0	0
24.491	0.0214260	0	0
24.524	0.0203486	0	0
24.557	0.0193499	0	0
24.591	0.0184589	0	0
24.624	0.0177892	0	0
24.657	0.0198964	0	0
24.691	0.0235264	0	0
24.724	0.0277854	0	0
24.758	0.0305306	0	0
24.791	0.0327265	0	0
24.824	0.0324163	0	0
24.858	0.0294257	0	0
24.891	0.0261654	0	0
24.924	0.0243405	0	0
24.958	0.0217157	0	0
24.991	0.0201155	0	0
25.025	0.0193751	0	0
25.058	0.0186792	0	0
25.091	0.0193099	0	0
25.125	0.0244152	0	0
25.158	0.0285180	0	0
25.191	0.0313381	0	0
25.225	0.0333104	0	0
25.258	0.0328323	0	0
25.291	0.0292662	1	0
25.325	0.0255109	0	0
25.358	0.0226429	0	0
25.392	0.0204870	0	0
25.425	0.0191240	0	0
25.458	0.0178931	0	0
25.492	0.0181407	0	0
25.525	0.0178187	0	0
25.558	0.0178758	0	0
25.592	0.0173813	0	0
25.625	0.0184263	0	0
25.658	0.0182795	0	0
25.692	0.0179760	0	0
25.725	0.0174989	0	0
25.759	0.0176449	0	0
25.792	0.0172359	0	0
25.825	0.0167164	0	0
25.859	0.0172072	0	0
25.892	0.0164150	0	0
25.925	0.0162944	0	0
25.959	0.0148178	0	0
25.992	0.0136504	0	0
26.026	0.0121121	0	0
26.059	0.0120886	0	0
26.092	0.0119954	0	0
26.126	0.0124331	0	0
26.159	0.0164466	0	0
26.192	0.0224550	0	0
26.226	0.0266725	0	0
26.259	0.0301957	0	0
26.292	0.0325190	0	0
26.326	0.0308331	0	0
26.359	0.0268127	0	0
26.393	0.0241961	0	0
26.426	0.0222260	0	0
26.459	0.0205786	0	0
26.493	0.0192080	0	0
26.526	0.0185989	0	0
26.559	0.0179617	0	0
26.593	0.0176291	0	0
26.626	0.0169449	0	0
26.659	0.0166511	0	0
26.693	0.0155896	0	0
26.726	0.0152923	0	0
26.760	0.0136668	0	0
26.793	0.0136016	0	0
26.826	0.0131175	0	0
26.860	0.0130358	0	0
26.893	0.0127256	0	0
26.926	0.0130503	0	0
26.960	0.0132450	0	0
26.993	0.0130388	0	0
27.027	0.0134093	0	0
27.060	0.0131308	0	0
27.093	0.0130268	0	0
27.127	0.0129063	0	0
27.160	0.0131149	0	0
27.193	0.0138852	0	0
27.227	0.0185010	0	0
27.260	0.0228375	0	0
27.293	0.0262410	0	1
27.327	0.0292747	0	0
27.360	0.0305473	0	0
27.394	0.0275945	0	0
27.427	0.0246755	0	0
27.460	0.0219045	0	0
27.494	0.0195626	0	0
27.527	0.0178725	0	0
27.560	0.0178322	0	0
27.594	0.0167836	0	0
27.627	0.0165161	0	0
27.660	0.0162357	0	0
27.694	0.0161572	0	0
27.727	0.0149045	0	0
27.761	0.0149256	0	0
27.794	0.0150352	0	0
27.827	0.0152826	0	0
27.861	0.0164911	0	0
27.894	0.0195377	0	0
27.927	0.0226052	0	0
27.961	0.0244285	0	0
27.994	0.0263304	0	0
28.028	0.0266226	0	0
28.061	0.0250815	0	0
28.094	0.0225259	0	0
28.128	0.0216614	0	0
28.161	0.0220552	0	0
28.194	0.0258317	0	0
28.228	0.0293948	0	0
28.261	0.0329584	0	0
28.294	0.0351797	0	0
28.328	0.0350884	0	0
28.361	0.0322747	1	0
28.395	0.0288116	1	0
28.428	0.0261506	0	0
28.461	0.0235251	0	0
28.495	0.0219509	0	0
28.528	0.0199763	0	0
28.561	0.0190544	0	0
28.595	0.0182328	0	0
28.628	0.0173493	0	0
28.661	0.0168013	0	0
28.695	0.0162164	0	0
28.728	0.0155616	0	0
28.762	0.0147042	0	0
28.795	0.0145517	0	0
28.828	0.0141806	0	0
28.862	0.0143080	0	0
28.895	0.0141262	0	0
28.928	0.0144545	0	0
28.962	0.0166660	0	0
28.995	0.0213053	0	0
29.029	0.0262006	0	0
29.062	0.0298284	0	0
29.095	0.0331259	0	0
29.129	0.0341454	0	0
29.162	0.0313747	1	0
29.195	0.0280904	1	0
29.229	0.0260767	0	0
29.262	0.0230267	0	0
29.295	0.0198226	0	0
29.329	0.0185968	0	0
29.362	0.0170609	0	0
29.396	0.0156420	0	0
29.429	0.0151220	0	0
29.462	0.0161549	0	0
29.496	0.0171583	0	0
29.529	0.0189149	0	0
29.562	0.0209853	0	0
29.596	0.0227048	0	0
29.629	0.0234401	0	0
29.662	0.0231880	0	0
29.696	0.0230298	0	0
29.729	0.0224671	0	0
29.763	0.0227065	0	0
29.796	0.0227817	0	0
29.829	0.0227871	0	0
29.863	0.0229813	0	0
29.896	0.0256473	0	0
29.929	0.0292975	0	0
29.963	0.0316023	0	0
29.996	0.0341828	0	0
30.030	0.0354993	0	0
30.063	0.0337629	1	0
30.096	0.0308312	1	0
30.130	0.0292463	1	0
30.163	0.0277370	0	0
30.196	0.0268126	0	0
30.230	0.0268634	0	0
30.263	0.0268476	0	0
30.296	0.0287534	0	0
30.330	0.0312486	0	0
30.363	0.0331398	0	0
30.397	0.0343795	0	0
30.430	0.0356662	0	0
30.463	0.0356923	1	0
30.497	0.0334601	1	0
30.530	0.0318352	1	0
30.563	0.0305052	1	0
30.597	0.0294644	1	0
30.630	0.0274416	0	0
30.663	0.0272639	0	0
30.697	0.0270943	0	0
30.730	0.0270348	0	0
30.764	0.0263695	0	0
30.797	0.0260542	0	0
30.830	0.0256995	0	0
30.864	0.0254797	0	0
30.897	0.0265322	0	0
30.930	0.0265521	0	0
30.964	0.0264554	0	0
30.997	0.0260805	0	0
31.031	0.0271795	0	0
31.064	0.0268596	0	0
31.097	0.0265258	0	0
31.131	0.0263908	0	0
31.164	0.0278227	0	0
31.197	0.0264136	0	0
31.231	0.0250903	0	0
31.264	0.0248494	0	0
31.297	0.0247214	0	0
31.331	0.0234073	0	0
31.364	0.0233160	0	0
31.398	0.0230121	0	0
31.431	0.0233218	0	0
31.464	0.0232680	0	0
31.498	0.0247098	0	0
31.531	0.0248207	0	0
31.564	0.0265553	0	0
31.598	0.0278821	0	0
31.631	0.0295521	1	0
31.664	0.0280608	1	0
31.698	0.0279318	0	0
31.731	0.0283307	1	0
31.765	0.0284188	1	0
31.798	0.0268245	0	0
31.831	0.0279934	0	0
31.865	0.0296814	1	0
31.898	0.0281884	1	0
31.931	0.0280746	1	0
31.965	0.0278719	0	0
31.998	0.0277056	0	0
32.032	0.0271693	0	0
32.065	0.0281100	1	0
32.098	0.0266598	0	0
32.132	0.0266122	0	0
32.165	0.0250265	0	0
32.198	0.0237226	0	0
32.232	0.0222906	0	0
32.265	0.0221185	0	0
32.298	0.0223414	0	0
32.332	0.0226992	0	0
32.365	0.0228816	0	0
32.399	0.0233148	0	0
32.432	0.0237669	0	0
32.465	0.0239003	0	0
32.499	0.0242272	0	0
32.532	0.0241229	0	0
32.565	0.0238785	0	0
32.599	0.0248424	0	0
32.632	0.0250959	0	0
32.665	0.0251501	0	0
32.699	0.0255317	0	0
32.732	0.0265562	0	0
32.766	0.0253250	0	0
32.799	0.0254343	0	0
32.832	0.0251702	0	0
32.866	0.0249429	0	0
32.899	0.0250736	0	0
32.932	0.0252211	0	0
32.966	0.0255707	0	0
32.999	0.0253111	0	0
33.033	0.0247909	0	0
33.066	0.0231812	0	0
33.099	0.0230125	0	0
33.133	0.0218868	0	0
33.166	0.0238845	0	0
33.199	0.0287069	0	0
33.233	0.0335615	0	0
33.266	0.0371892	0	0
33.299	0.0406131	0	0
33.333	0.0412319	0	0
33.366	0.0391503	1	0
33.400	0.0361781	1	0
33.433	0.0337397	1	0
33.466	0.0313906	1	0
33.500	0.0302470	1	0
33.533	0.0321432	1	0
33.566	0.0352312	0	0
33.600	0.0388371	0	0
33.633	0.0418177	0	0
33.666	0.0431688	0	0
33.700	0.0410529	0	0
33.733	0.0379950	1	0
33.767	0.0344736	1	0
33.800	0.0318681	1	0
33.833	0.0302364	1	0
33.867	0.0298695	1	0
33.900	0.0289986	1	0
33.933	0.0280679	1	0
33.967	0.0269092	0	0
34.000	0.0259441	0	0
34.034	0.0243802	0	0
34.067	0.0246952	0	0
34.100	0.0246089	0	0
34.134	0.0244672	0	0
34.167	0.0242947	0	0
34.200	0.0240536	0	0
34.234	0.0231028	0	0
34.267	0.0225939	0	0
34.300	0.0224609	0	0
34.334	0.0226550	0	0
34.367	0.0224253	0	0
34.401	0.0221913	0	0
34.434	0.0221329	0	0
34.467	0.0235444	0	0
34.501	0.0234806	0	0
34.534	0.0238581	0	0
34.567	0.0238065	0	0
34.601	0.0242453	0	0
34.634	0.0241051	0	0
34.667	0.0259740	0	0
34.701	0.0272915	0	0
34.734	0.0285617	0	0
34.768	0.0290042	0	0
34.801	0.0280993	0	0
34.834	0.0265360	0	0
34.868	0.0249915	0	0
34.901	0.0240561	0	0
34.934	0.0228636	0	0
34.968	0.0225133	0	0
35.001	0.0212168	0	0
35.035	0.0209113	0	0
35.068	0.0209601	0	0
35.101	0.0235882	0	0
35.135	0.0264636	0	0
35.168	0.0294648	0	0
35.201	0.0310089	0	0
35.235	0.0315530	0	0
35.268	0.0294209	0	0
35.301	0.0269836	0	0
35.335	0.0240905	0	0
35.368	0.0218802	0	0
35.402	0.0202976	0	0
35.435	0.0190678	0	0
35.468	0.0173722	0	0
35.502	0.0168399	0	0
35.535	0.0162356	0	0
35.568	0.0161284	0	0
35.602	0.0163169	0	0
35.635	0.0160763	0	0
35.668	0.0166014	0	0
35.702	0.0171370	0	0
35.735	0.0166499	0	0
35.769	0.0163455	0	0
35.802	0.0166085	0	0
35.835	0.0155990	0	0
35.869	0.0162812	0	0
35.902	0.0201076	0	0
35.935	0.0239862	0	0
35.969	0.0265043	0	1
36.002	0.0283666	0	0
36.036	0.0288434	0	0
36.069	0.0257789	0	0
36.102	0.0223284	0	0
36.136	0.0206927	0	0
36.169	0.0198300	0	0
36.202	0.0185818	0	0
36.236	0.0179409	0	0
36.269	0.0179172	0	0
36.302	0.0173677	0	0
36.336	0.0168506	0	0
36.369	0.0173401	0	0
36.403	0.0176907	0	0
36.436	0.0175937	0	0
36.469	0.0178945	0	0
36.503	0.0180291	0	0
36.536	0.0169625	0	0
36.569	0.0167955	0	0
36.603	0.0160749	0	0
36.636	0.0146647	0	0
36.669	0.0139495	0	0
36.703	0.0147677	0	0
36.736	0.0148688	0	0
36.770	0.0155859	0	0
36.803	0.0169238	0	0
36.836	0.0208152	0	0
36.870	0.0249649	0	0
36.903	0.0277650	0	1
36.936	0.0292340	0	0
36.970	0.0297495	0	0
37.003	0.0278440	0	0
37.037	0.0244198	0	0
37.070	0.0228059	0	0
37.103	0.0224132	0	0
37.137	0.0219229	0	0
37.170	0.0208881	0	0
37.203	0.0196687	0	0
37.237	0.0193686	0	0
37.270	0.0193123	0	0
37.303	0.0191171	0	0
37.337	0.0198131	0	0
37.370	0.0198836	0	0
37.404	0.0187134	0	0
37.437	0.0178357	0	0
37.470	0.0176727	0	0
37.504	0.0166096	0	0
37.537	0.0164754	0	0
37.570	0.0174618	0	0
37.604	0.0177936	0	0
37.637	0.0182150	0	0
37.670	0.0203388	0	0
37.704	0.0246583	0	0
37.737	0.0288023	0	0
37.771	0.0318005	0	0
37.804	0.0337109	0	0
37.837	0.0332357	1	0
37.871	0.0303115	1	0
37.904	0.0259356	0	0
37.937	0.0229214	0	0
37.971	0.0207244	0	0
38.004	0.0199769	0	0
38.038	0.0191539	0	0
38.071	0.0189566	0	0
38.104	0.0191094	0	0
38.138	0.0191177	0	0
38.171	0.0186218	0	0
38.204	0.0191351	0	0
38.238	0.0192097	0	0
38.271	0.0188494	0	0
38.304	0.0191369	0	0
38.338	0.0226482	0	0
38.371	0.0261369	0	0
38.405	0.0287247	1	0
38.438	0.0307289	1	0
38.471	0.0315210	1	0
38.505	0.0281720	1	0
38.538	0.0250125	0	0
38.571	0.0217918	0	0
38.605	0.0200092	0	0
38.638	0.0191452	0	0
38.671	0.0188719	0	0
38.705	0.0178027	0	0
38.738	0.0179276	0	0
38.772	0.0173379	0	0
38.805	0.0170743	0	0
38.838	0.0171831	0	0
38.872	0.0205839	0	0
38.905	0.0254883	0	0
38.938	0.0290265	0	0
38.972	0.0321084	0	0
39.005	0.0351265	0	0
39.039	0.0332980	0	0
39.072	0.0300075	1	0
39.105	0.0277146	0	0
39.139	0.0253372	0	0
39.172	0.0231174	0	0
39.205	0.0228411	0	0
39.239	0.0223494	0	0
39.272	0.0213853	0	0
39.305	0.0208265	0	0
39.339	0.0200474	0	0
39.372	0.0197884	0	0
39.406	0.0222969	0	0
39.439	0.0269781	0	0
39.472	0.0302108	0	0
39.506	0.0327027	0	0
39.539	0.0338970	0	0
39.572	0.0317629	0	0
39.606	0.0281443	1	0
39.639	0.0250637	0	0
39.672	0.0230619	0	0
39.706	0.0214218	0	0
39.739	0.0208494	0	0
39.773	0.0196539	0	0
39.806	0.0194845	0	0
39.839	0.0189299	0	0
39.873	0.0184256	0	0
39.906	0.0178027	0	0
39.939	0.0180189	0	0
39.973	0.0181598	0	0
40.006	0.0183205	0	0
40.040	0.0186159	0	0
40.073	0.0191633	0	0
40.106	0.0239991	0	0
40.140	0.0276470	0	0
40.173	0.0296206	0	0
40.206	0.0308228	0	0
40.240	0.0319123	0	0
40.273	0.0281021	1	0
40.306	0.0247463	0	0
40.340	0.0231938	0	0
40.373	0.0224765	0	0
40.407	0.0214363	0	0
40.440	0.0208480	0	0
40.473	0.0207446	0	0
40.507	0.0206049	0	0
40.540	0.0205693	0	0
40.573	0.0200714	0	0
40.607	0.0197228	0	0
40.640	0.0197268	0	0
40.673	0.0194501	0	0
40.707	0.0191471	0	0
40.740	0.0203633	0	0
40.774	0.0231855	0	0
40.807	0.0259128	0	0
40.840	0.0281771	1	0
40.874	0.0290936	1	0
40.907	0.0285540	1	0
40.940	0.0261473	0	0
40.974	0.0232935	0	0
41.007	0.0212646	0	0
41.041	0.0201783	0	0
41.074	0.0197466	0	0
41.107	0.0197981	0	0
41.141	0.0197595	0	0
41.174	0.0196896	0	0
41.207	0.0198191	0	0
41.241	0.0198353	0	0
41.274	0.0201813	0	0
41.307	0.0229527	0	0
41.341	0.0274435	0	0
41.374	0.0312036	0	0
41.408	0.0342067	0	0
41.441	0.0360985	0	0
41.474	0.0356672	0	0
41.508	0.0328985	1	0
41.541	0.0295731	1	0
41.574	0.0276826	0	0
41.608	0.0255851	0	0
41.641	0.0235284	0	0
41.674	0.0239844	0	0
41.708	0.0281049	0	0
41.741	0.0304625	0	0
41.775	0.0328635	0	0
41.808	0.0352769	0	0
41.841	0.0346438	1	0
41.875	0.0314038	1	0
41.908	0.0292528	1	0
41.941	0.0275623	0	0
41.975	0.0261055	0	0
42.008	0.0248532	0	0
42.042	0.0252203	0	0
42.075	0.0253730	0	0
42.108	0.0250658	0	0
42.142	0.0243341	0	0
42.175	0.0245091	0	0
42.208	0.0239411	0	0
42.242	0.0227684	0	0
42.275	0.0224662	0	0
42.308	0.0260928	0	0
42.342	0.0304450	0	0
42.375	0.0336202	0	0
42.409	0.0374617	0	0
42.442	0.0399847	0	0
42.475	0.0392323	0	0
42.509	0.0375416	0	0
42.542	0.0359196	1	0
42.575	0.0350417	1	0
42.609	0.0339968	1	0
42.642	0.0333638	1	0
42.675	0.0319650	1	0
42.709	0.0314170	1	0
42.742	0.0299351	1	0
42.776	0.0297309	1	0
42.809	0.0288988	1	0
42.842	0.0291003	1	0
42.876	0.0296448	1	0
42.909	0.0322433	1	0
42.942	0.0353124	0	0
42.976	0.0390217	0	0
43.009	0.0422523	0	0
43.043	0.0435774	0	0
43.076	0.0428456	0	0
43.109	0.0415501	0	0
43.143	0.0391642	1	0
43.176	0.0371242	1	0
43.209	0.0361073	1	0
43.243	0.0352378	1	0
43.276	0.0344376	1	0
43.309	0.0342040	1	0
43.343	0.0336470	1	0
43.376	0.0334033	1	0
43.410	0.0332611	1	0
43.443	0.0329657	1	0
43.476	0.0324819	1	0
43.510	0.0325053	1	0
43.543	0.0325125	1	0
43.576	0.0321459	1	0
43.610	0.0323132	1	0
43.643	0.0323340	1	0
43.676	0.0320256	1	0
43.710	0.0316402	1	0
43.743	0.0317645	1	0
43.777	0.0314057	1	0
43.810	0.0314703	1	0
43.843	0.0318363	1	0
43.877	0.0324108	1	0
43.910	0.0324802	1	0
43.943	0.0324459	1	0
43.977	0.0317455	1	0
44.010	0.0311585	1	0
44.044	0.0303368	1	0
44.077	0.0294544	1	0
44.110	0.0291898	1	0
44.144	0.0294820	1	0
44.177	0.0290624	1	0
44.210	0.0301543	1	0
44.244	0.0310525	1	0
44.277	0.0312962	1	0
44.310	0.0312726	1	0
44.344	0.0314365	1	0
44.377	0.0300603	1	0
44.411	0.0291701	1	0
44.444	0.0287908	1	0
44.477	0.0291456	1	0
44.511	0.0297344	1	0
44.544	0.0301583	1	0
44.577	0.0304721	1	0
44.611	0.0307990	1	0
44.644	0.0313084	1	0
44.677	0.0311769	1	0
44.711	0.0311624	1	0
44.744	0.0311744	1	0
44.778	0.0309082	1	0
44.811	0.0310000	1	0
44.844	0.0311049	1	0
44.878	0.0314050	1	0
44.911	0.0314858	1	0
44.944	0.0304783	1	0
44.978	0.0290030	1	0
45.011	0.0281185	1	0
45.045	0.0291205	1	0
45.078	0.0304622	0	0
45.111	0.0320020	0	0
45.145	0.0327256	0	0
45.178	0.0332990	0	0
45.211	0.0307642	1	0
45.245	0.0293174	1	0
45.278	0.0274097	0	0
45.311	0.0274338	0	0
45.345	0.0272551	0	0
45.378	0.0298382	0	0
45.412	0.0318642	0	0
45.445	0.0343599	0	0
45.478	0.0345724	0	0
45.512	0.0347937	0	0
45.545	0.0326198	1	0
45.578	0.0300296	1	0
45.612	0.0280960	1	0
45.645	0.0258582	0	0
45.678	0.0239999	0	0
45.712	0.0228946	0	0
45.745	0.0220553	0	0
45.779	0.0208206	0	0
45.812	0.0201398	0	0
45.845	0.0195326	0	0
45.879	0.0192317	0	0
45.912	0.0186185	0	0
45.945	0.0179523	0	0
45.979	0.0174067	0	0
46.012	0.0167163	0	0
46.046	0.0165725	0	0
46.079	0.0168849	0	0
46.112	0.0170305	0	0
46.146	0.0171648	0	0
46.179	0.0181277	0	0
46.212	0.0173823	0	0
46.246	0.0167514	0	0
46.279	0.0180078	0	0
46.312	0.0228461	0	0
46.346	0.0265037	0	0
46.379	0.0297958	0	0
46.413	0.0317591	0	0
46.446	0.0324861	0	0
46.479	0.0295430	0	0
46.513	0.0271343	0	0
46.546	0.0266881	0	0
46.579	0.0255212	0	0
46.613	0.0251498	0	0
46.646	0.0244319	0	0
46.679	0.0233854	0	0
46.713	0.0216092	0	0
46.746	0.0207365	0	0
46.780	0.0192250	0	0
46.813	0.0185642	0	0
46.846	0.0183962	0	0
46.880	0.0181552	0	0
46.913	0.0205542	0	0
46.946	0.0248900	0	0
46.980	0.0277951	0	0
47.013	0.0301966	0	0
47.047	0.0320911	0	0
47.080	0.0315318	0	0
47.113	0.0287668	0	0
47.147	0.0284803	1	0
47.180	0.0263758	0	0
47.213	0.0250392	0	0
47.247	0.0248362	0	0
47.280	0.0264745	0	0
47.313	0.0287514	0	0
47.347	0.0330197	0	0
47.380	0.0363429	0	0
47.414	0.0376727	0	0
47.447	0.0372407	0	0
47.480	0.0345712	1	0
47.514	0.0314648	1	0
47.547	0.0289115	1	0
47.580	0.0266567	0	0
47.614	0.0245014	0	0
47.647	0.0226043	0	0
47.680	0.0213452	0	0
47.714	0.0194997	0	0
47.747	0.0186746	0	0
47.781	0.0183548	0	0
47.814	0.0174826	0	0
47.847	0.0168133	0	0
47.881	0.0166361	0	0
47.914	0.0163752	0	0
47.947	0.0159524	0	0
47.981	0.0160754	0	0
48.014	0.0166480	0	0
48.048	0.0167421	0	0
48.081	0.0171588	0	0
48.114	0.0165385	0	0
48.148	0.0158008	0	0
48.181	0.0145931	0	0
48.214	0.0142529	0	0
48.248	0.0144624	0	0
48.281	0.0158243	0	0
48.314	0.0173063	0	0
48.348	0.0172297	0	0
48.381	0.0182319	0	0
48.415	0.0174650	0	0
48.448	0.0159501	0	0
48.481	0.0156109	0	0
48.515	0.0165681	0	0
48.548	0.0165156	0	0
48.581	0.0175798	0	0
48.615	0.0196138	0	0
48.648	0.0228900	0	0
48.681	0.0278380	0	0
48.715	0.0325783	0	0
48.748	0.0351314	0	0
48.782	0.0373518	0	0
48.815	0.0369025	0	0
48.848	0.0347948	1	0
48.882	0.0306620	1	0
48.915	0.0296850	1	0
48.948	0.0277517	0	0
48.982	0.0267913	0	0
49.015	0.0245693	0	0
49.049	0.0246996	0	0
49.082	0.0240399	0	0
49.115	0.0269130	0	0
49.149	0.0299361	0	0
49.182	0.0328337	0	0
49.215	0.0346723	0	0
49.249	0.0360056	0	0
49.282	0.0341632	1	0
49.315	0.0318776	1	0
49.349	0.0295406	1	0
49.382	0.0284083	1	0
49.416	0.0270276	0	0
49.449	0.0257855	0	0
49.482	0.0235616	0	0
49.516	0.0224019	0	0
49.549	0.0205695	0	0
49.582	0.0191566	0	0
49.616	0.0188835	0	0
49.649	0.0192911	0	0
49.682	0.0199965	0	0
49.716	0.0207298	0	0
49.749	0.0217429	0	0
49.783	0.0214427	0	0
49.816	0.0214197	0	0
49.849	0.0211713	0	0
49.883	0.0223399	0	0
49.916	0.0258902	0	0
49.949	0.0299567	0	0
49.983	0.0324106	0	0
50.016	0.0347026	0	0
50.050	0.0352724	0	0
50.083	0.0328271	1	0
50.116	0.0303928	1	0
50.150	0.0285256	1	0
50.183	0.0271735	0	0
50.216	0.0260161	0	0
50.250	0.0247066	0	0
50.283	0.0236706	0	0
50.316	0.0230272	0	0
50.350	0.0224045	0	0
50.383	0.0210296	0	0
50.417	0.0210917	0	0
50.450	0.0205680	0	0
50.483	0.0201337	0	0
50.517	0.0189009	0	0
50.550	0.0186953	0	0
50.583	0.0176659	0	0
50.617	0.0174840	0	0
50.650	0.0179877	0	0
50.683	0.0186737	0	0
50.717	0.0188677	0	0
50.750	0.0194346	0	0
50.784	0.0185516	0	0
50.817	0.0191932	0	0
50.850	0.0226893	0	0
50.884	0.0269953	0	0
50.917	0.0293974	0	0
50.950	0.0316559	0	0
50.984	0.0323638	0	0
51.017	0.0297421	0	0
51.051	0.0272304	0	0
51.084	0.0251820	0	0
51.117	0.0239309	0	0
51.151	0.0217723	0	0
51.184	0.0213291	0	0
51.217	0.0205747	0	0
51.251	0.0198044	0	0
51.284	0.0202759	0	0
51.317	0.0204153	0	0
51.351	0.0197363	0	0
51.384	0.0190243	0	0
51.418	0.0187912	0	0
51.451	0.0185995	0	0
51.484	0.0180937	0	0
51.518	0.0176236	0	0
51.551	0.0172184	0	0
51.584	0.0179077	0	0
51.618	0.0163520	0	0
51.651	0.0167078	0	0
51.684	0.0182713	0	0
51.718	0.0205590	0	0
51.751	0.0234988	0	1
51.785	0.0260051	0	1
51.818	0.0278243	0	1
51.851	0.0278988	0	1
51.885	0.0268057	0	0
51.918	0.0242626	0	0
51.951	0.0233412	0	0
51.985	0.0247358	0	0
52.018	0.0276646	0	0
52.052	0.0316486	0	0
52.085	0.0347267	0	0
52.118	0.0375169	0	0
52.152	0.0368355	0	0
52.185	0.0344665	1	0
52.218	0.0318258	1	0
52.252	0.0292174	1	0
52.285	0.0271663	0	0
52.318	0.0256907	0	0
52.352	0.0263441	0	0
52.385	0.0258434	0	0
52.419	0.0258869	0	0
52.452	0.0254179	0	0
52.485	0.0250976	0	0
52.519	0.0232740	0	0
52.552	0.0229611	0	0
52.585	0.0228762	0	0
52.619	0.0232198	0	0
52.652	0.0236523	0	0
52.685	0.0225969	0	0
52.719	0.0216772	0	0
52.752	0.0214933	0	0
52.786	0.0209601	0	0
52.819	0.0206386	0	0
52.852	0.0214331	0	0
52.886	0.0215058	0	0
52.919	0.0210053	0	0
52.952	0.0203443	0	0
52.986	0.0192555	0	0
53.019	0.0186190	0	0
53.053	0.0177078	0	0
53.086	0.0172887	0	0
53.119	0.0175024	0	0
53.153	0.0176736	0	0
53.186	0.0185032	0	0
53.219	0.0192838	0	0
53.253	0.0197937	0	0
53.286	0.0191309	0	0
53.319	0.0192357	0	0
53.353	0.0185615	0	0
53.386	0.0177579	0	0
53.420	0.0169537	0	0
53.453	0.0171359	0	0
53.486	0.0169866	0	0
53.520	0.0174285	0	0
53.553	0.0177667	0	0
53.586	0.0181957	0	0
53.620	0.0182939	0	0
53.653	0.0186539	0	0
53.686	0.0180667	0	0
53.720	0.0171375	0	0
53.753	0.0163717	0	0
53.787	0.0153967	0	0
53.820	0.0148943	0	0
53.853	0.0152371	0	0
53.887	0.0160586	0	0
53.920	0.0163978	0	0
53.953	0.0171844	0	0
53.987	0.0177455	0	0
54.020	0.0175945	0	0
54.054	0.0172697	0	0
54.087	0.0172976	0	0
54.120	0.0179160	0	0
54.154	0.0182272	0	0
54.187	0.0177723	0	0
54.220	0.0182518	0	0
54.254	0.0180573	0	0
54.287	0.0177887	0	0
54.320	0.0175065	0	0
54.354	0.0183089	0	0
54.387	0.0184410	0	0
54.421	0.0190415	0	0
54.454	0.0191118	0	0
54.487	0.0183446	0	0
54.521	0.0175664	0	0
54.554	0.0181241	0	0
54.587	0.0204255	0	0
54.621	0.0238890	0	0
54.654	0.0276855	0	0
54.687	0.0305108	0	0
54.721	0.0321129	0	0
54.754	0.0315733	0	0
54.788	0.0292965	1	0
54.821	0.0263776	0	0
54.854	0.0247670	0	0
54.888	0.0225327	0	0
54.921	0.0214848	0	0
54.954	0.0193545	0	0
54.988	0.0190061	0	0
55.021	0.0196791	0	0
55.055	0.0231849	0	0
55.088	0.0266809	0	0
55.121	0.0301303	0	0
55.155	0.0322864	0	0
55.188	0.0324143	0	0
55.221	0.0303965	0	0
55.255	0.0270839	0	0
55.288	0.0245356	0	0
55.321	0.0223557	0	0
55.355	0.0202959	0	0
55.388	0.0194619	0	0
55.422	0.0179130	0	0
55.455	0.0198694	0	0
55.488	0.0248747	0	0
55.522	0.0294202	0	0
55.555	0.0314578	0	0
55.588	0.0341504	0	0
55.622	0.0345072	0	0
55.655	0.0316366	1	0
55.688	0.0286346	1	0
55.722	0.0271191	0	0
55.755	0.0256249	0	0
55.789	0.0241146	0	0
55.822	0.0228766	0	0
55.855	0.0228003	0	0
55.889	0.0214050	0	0
55.922	0.0207041	0	0
55.955	0.0203190	0	0
55.989	0.0200283	0	0
56.022	0.0189700	0	0
56.056	0.0191304	0	0
56.089	0.0192144	0	0
56.122	0.0185302	0	0
56.156	0.0178412	0	0
56.189	0.0177943	0	0
56.222	0.0175155	0	0
56.256	0.0170097	0	0
56.289	0.0168618	0	0
56.322	0.0164013	0	0
56.356	0.0158853	0	0
56.389	0.0158617	0	0
56.423	0.0162781	0	0
56.456	0.0163534	0	0
56.489	0.0165253	0	0
56.523	0.0181613	0	0
56.556	0.0226574	0	0
56.589	0.0271802	0	0
56.623	0.0313158	0	0
56.656	0.0343379	0	0
56.689	0.0354846	0	0
56.723	0.0331881	0	0
56.756	0.0302285	0	0
56.790	0.0272425	0	0
56.823	0.0255560	0	0
56.856	0.0241384	0	0
56.890	0.0227669	0	0
56.923	0.0212412	0	0
56.956	0.0210219	0	0
56.990	0.0209874	0	0
57.023	0.0199178	0	0
57.057	0.0198499	0	0
57.090	0.0198834	0	0
57.123	0.0214751	0	0
57.157	0.0247666	0	0
57.190	0.0304303	0	0
57.223	0.0330084	0	0
57.257	0.0354545	0	0
57.290	0.0354675	0	0
57.323	0.0333242	1	0
57.357	0.0290152	1	0
57.390	0.0275537	0	0
57.424	0.0260052	0	0
57.457	0.0243557	0	0
57.490	0.0229901	0	0
57.524	0.0232867	0	0
57.557	0.0227656	0	0
57.590	0.0246426	0	0
57.624	0.0284747	0	0
57.657	0.0327244	0	0
57.690	0.0364852	0	0
57.724	0.0397259	0	0
57.757	0.0404351	0	0
57.791	0.0390595	1	0
57.824	0.0376543	1	0
57.857	0.0358478	1	0
57.891	0.0343929	1	0
57.924	0.0333895	1	0
57.957	0.0328894	1	0
57.991	0.0316744	1	0
58.024	0.0313123	1	0
58.058	0.0309160	1	0
58.091	0.0315229	1	0
58.124	0.0334663	1	0
58.158	0.0363025	0	0
58.191	0.0388576	0	0
58.224	0.0411849	0	0
58.258	0.0417854	0	0
58.291	0.0402031	0	0
58.324	0.0378871	1	0
58.358	0.0355818	1	0
58.391	0.0331294	1	0
58.425	0.0323326	1	0
58.458	0.0317880	1	0
58.491	0.0311257	1	0
58.525	0.0303349	1	0
58.558	0.0316830	1	0
58.591	0.0343624	1	0
58.625	0.0378555	0	0
58.658	0.0412505	0	0
58.691	0.0428152	0	0
58.725	0.0424400	0	0
58.758	0.0397030	0	0
58.792	0.0364715	1	0
58.825	0.0334080	1	0
58.858	0.0318489	1	0
58.892	0.0306785	1	0
58.925	0.0300026	1	0
58.958	0.0288296	1	0
58.992	0.0277683	0	0
59.025	0.0269954	0	0
59.059	0.0261930	0	0
59.092	0.0256227	0	0
59.125	0.0257977	0	0
59.159	0.0256710	0	0
59.192	0.0254317	0	0
59.225	0.0254760	0	0
59.259	0.0260399	0	0
59.292	0.0254305	0	0
59.325	0.0253478	0	0
59.359	0.0253566	0	0
59.392	0.0254742	0	0
59.426	0.0250060	0	0
59.459	0.0250056	0	0
59.492	0.0247024	0	0
59.526	0.0244639	0	0
59.559	0.0241218	0	0
59.592	0.0239494	0	0
59.626	0.0231606	0	0
59.659	0.0225590	0	0
59.692	0.0216140	0	0
59.726	0.0206789	0	0
59.759	0.0193887	0	0
59.793	0.0198192	0	0
59.826	0.0218926	0	0
59.859	0.0265214	0	0
59.893	0.0306431	0	0
59.926	0.0336368	0	0
59.959	0.0345965	0	0
59.993	0.0343363	0	0
60.026	0.0316858	1	0
60.060	0.0296029	1	0
60.093	0.0275378	0	0
60.126	0.0265152	0	0
60.160	0.0248401	0	0
60.193	0.0233067	0	0
60.226	0.0227173	0	0
60.260	0.0226511	0	0
60.293	0.0230972	0	0
60.326	0.0240986	0	0
60.360	0.0247326	0	0
60.393	0.0240464	0	0
60.427	0.0237030	0	0
60.460	0.0234390	0	0
60.493	0.0226747	0	0
60.527	0.0223069	0	0
60.560	0.0218366	0	0
60.593	0.0218555	0	0
60.627	0.0214265	0	0
60.660	0.0213485	0	0
60.693	0.0212576	0	0
60.727	0.0210595	0	0
60.760	0.0220444	0	0
60.794	0.0255885	0	0
60.827	0.0295130	0	0
60.860	0.0325151	0	0
60.894	0.0350874	0	0
60.927	0.0359607	0	0
60.960	0.0339019	0	0
60.994	0.0302269	1	0
61.027	0.0282564	1	0
61.061	0.0266102	0	0
61.094	0.0251603	0	0
61.127	0.0244323	0	0
61.161	0.0244105	0	0
61.194	0.0230962	0	0
61.227	0.0221616	0	0
61.261	0.0207715	0	0
61.294	0.0197102	0	0
61.327	0.0193100	0	0
61.361	0.0184267	0	0
61.394	0.0179715	0	0
61.428	0.0178409	0	0
61.461	0.0177144	0	0
61.494	0.0168722	0	0
61.528	0.0167657	0	0
61.561	0.0166628	0	0
61.594	0.0170514	0	0
61.628	0.0168877	0	0
61.661	0.0170303	0	0
61.694	0.0174261	0	0
61.728	0.0171928	0	0
61.761	0.0169106	0	0
61.795	0.0165055	0	0
61.828	0.0163062	0	0
61.861	0.0163169	0	0
61.895	0.0165268	0	0
61.928	0.0166736	0	0
61.961	0.0171953	0	0
61.995	0.0174708	0	0
62.028	0.0175119	0	0
62.062	0.0176365	0	0
62.095	0.0169986	0	0
62.128	0.0167267	0	0
62.162	0.0165815	0	0
62.195	0.0161941	0	0
62.228	0.0158647	0	0
62.262	0.0160982	0	0
62.295	0.0158760	0	0
62.328	0.0160303	0	0
62.362	0.0163703	0	0
62.395	0.0162114	0	0
62.429	0.0164536	0	0
62.462	0.0163133	0	0
62.495	0.0158385	0	0
62.529	0.0151156	0	0
62.562	0.0150789	0	0
62.595	0.0146458	0	0
62.629	0.0155807	0	0
62.662	0.0203698	0	0
62.695	0.0250051	0	1
62.729	0.0278620	0	1
62.762	0.0297513	0	0
62.796	0.0302580	0	0
62.829	0.0274763	0	0
62.862	0.0243097	0	0
62.896	0.0227964	0	0
62.929	0.0215159	0	0
62.962	0.0204698	0	0
62.996	0.0187652	0	0
63.029	0.0187750	0	0
63.063	0.0182465	0	0
63.096	0.0183547	0	0
63.129	0.0184418	0	0
63.163	0.0179796	0	0
63.196	0.0172172	0	0
63.229	0.0171585	0	0
63.263	0.0169543	0	0
63.296	0.0172285	0	0
63.329	0.0187121	0	0
63.363	0.0228317	0	0
63.396	0.0274497	0	0
63.430	0.0315193	0	0
63.463	0.0333601	0	0
63.496	0.0343901	0	0
63.530	0.0313187	0	0
63.563	0.0272957	0	0
63.596	0.0239275	0	0
63.630	0.0222499	0	0
63.663	0.0210638	0	0
63.696	0.0207659	0	0
63.730	0.0206226	0	0
63.763	0.0204586	0	0
63.797	0.0198263	0	0
63.830	0.0193478	0	0
63.863	0.0189706	0	0
63.897	0.0188384	0	0
63.930	0.0180937	0	0
63.963	0.0182485	0	0
63.997	0.0183321	0	0
64.030	0.0188678	0	0
64.064	0.0212903	0	0
64.097	0.0258678	0	0
64.130	0.0307401	0	0
64.164	0.0352323	0	0
64.197	0.0378052	0	0
64.230	0.0382945	0	0
64.264	0.0365876	0	0
64.297	0.0337561	1	0
64.330	0.0312435	1	0
64.364	0.0288654	1	0
64.397	0.0265125	0	0
64.431	0.0249699	0	0
64.464	0.0232509	0	0
64.497	0.0216482	0	0
64.531	0.0208173	0	0
64.564	0.0202618	0	0
64.597	0.0193483	0	0
64.631	0.0190130	0	0
64.664	0.0188480	0	0
64.697	0.0187352	0	0
64.731	0.0184510	0	0
64.764	0.0180099	0	0
64.798	0.0177709	0	0
64.831	0.0172729	0	0
64.864	0.0181603	0	0
64.898	0.0220000	0	0
64.931	0.0275959	0	0
64.964	0.0322357	0	0
64.998	0.0357139	0	0
65.031	0.0375022	0	0
65.065	0.0354133	0	0
65.098	0.0312320	1	0
65.131	0.0279361	0	0
65.165	0.0254064	0	0
65.198	0.0230849	0	0
65.231	0.0217251	0	0
65.265	0.0210919	0	0
65.298	0.0199984	0	0
65.331	0.0189203	0	0
65.365	0.0182735	0	0
65.398	0.0180294	0	0
65.432	0.0178560	0	0
65.465	0.0176470	0	0
65.498	0.0180455	0	0
65.532	0.0183990	0	0
65.565	0.0180367	0	0
65.598	0.0176666	0	0
65.632	0.0184966	0	0
65.665	0.0187659	0	0
65.698	0.0210348	0	0
65.732	0.0258996	0	0
65.765	0.0307427	0	0
65.799	0.0336853	0	0
65.832	0.0365450	0	0
65.865	0.0362773	0	0
65.899	0.0331133	1	0
65.932	0.0292481	1	0
65.965	0.0259743	0	0
65.999	0.0227237	0	0
66.032	0.0204006	0	0
66.066	0.0190177	0	0
66.099	0.0181325	0	0
66.132	0.0174930	0	0
66.166	0.0184993	0	0
66.199	0.0191291	0	0
66.232	0.0185207	0	0
66.266	0.0186815	0	0
66.299	0.0193855	0	0
66.332	0.0187271	0	0
66.366	0.0188445	0	0
66.399	0.0204848	0	0
66.433	0.0244346	0	0
66.466	0.0281055	0	0
66.499	0.0310557	0	0
66.533	0.0326611	0	0
66.566	0.0332325	0	0
66.599	0.0304846	1	0
66.633	0.0279223	0	0
66.666	0.0256948	0	0
66.699	0.0251044	0	0
66.733	0.0242794	0	0
66.766	0.0238546	0	0
66.800	0.0226269	0	0
66.833	0.0217592	0	0
66.866	0.0205148	0	0
66.900	0.0197283	0	0
66.933	0.0192304	0	0
66.966	0.0196175	0	0
67.000	0.0195623	0	0
67.033	0.0191060	0	0
67.067	0.0183818	0	0
67.100	0.0181228	0	0
67.133	0.0178896	0	0
67.167	0.0171324	0	0
67.200	0.0168730	0	0
67.233	0.0178517	0	0
67.267	0.0181505	0	0
67.300	0.0181998	0	0
67.333	0.0193978	0	0
67.367	0.0202082	0	0
67.400	0.0200772	0	0
67.434	0.0198670	0	0
67.467	0.0199151	0	0
67.500	0.0194920	0	0
67.534	0.0190983	0	0
67.567	0.0220418	0	0
67.600	0.0258836	0	0
67.634	0.0287347	0	0
67.667	0.0310622	0	0
67.700	0.0327160	0	0
67.734	0.0304093	0	0
67.767	0.0274392	0	0
67.801	0.0253594	0	0
67.834	0.0238377	0	0
67.867	0.0227481	0	0
67.901	0.0226273	0	0
67.934	0.0213917	0	0
67.967	0.0206705	0	0
68.001	0.0197727	0	0
68.034	0.0190240	0	0
68.068	0.0182214	0	0
68.101	0.0182771	0	0
68.134	0.0179323	0	0
68.168	0.0180721	0	0
68.201	0.0201200	0	0
68.234	0.0246894	0	0
68.268	0.0289215	0	0
68.301	0.0320716	0	0
68.334	0.0346408	0	0
68.368	0.0354726	0	0
68.401	0.0331765	1	0
68.435	0.0308449	1	0
68.468	0.0292044	1	0
68.501	0.0280005	1	0
68.535	0.0258044	0	0
68.568	0.0239579	0	0
68.601	0.0218293	0	0
68.635	0.0203598	0	0
68.668	0.0187287	0	0
68.701	0.0181259	0	0
68.735	0.0174265	0	0
68.768	0.0176737	0	0
68.802	0.0171422	0	0
68.835	0.0168448	0	0
68.868	0.0169015	0	0
68.902	0.0189335	0	0
68.935	0.0233190	0	0
68.968	0.0271848	0	0
69.002	0.0305606	0	0
69.035	0.0323999	0	0
69.069	0.0317942	0	0
69.102	0.0290892	0	0
69.135	0.0270702	0	0
69.169	0.0247398	0	0
69.202	0.0235320	0	0
69.235	0.0227013	0	0
69.269	0.0215737	0	0
69.302	0.0208811	0	0
69.335	0.0205218	0	0
69.369	0.0205307	0	0
69.402	0.0202950	0	0
69.436	0.0200337	0	0
69.469	0.0198730	0	0
69.502	0.0202558	0	0
69.536	0.0208328	0	0
69.569	0.0239151	0	0
69.602	0.0279571	0	0
69.636	0.0317141	0	0
69.669	0.0341991	0	0
69.702	0.0356729	0	0
69.736	0.0342272	0	0
69.769	0.0313200	1	0
69.803	0.0283451	1	0
69.836	0.0267486	0	0
69.869	0.0256006	0	0
69.903	0.0249131	0	0
69.936	0.0253041	0	0
69.969	0.0279625	0	0
70.003	0.0308361	0	0
70.036	0.0330144	0	0
70.070	0.0356715	0	0
70.103	0.0366465	0	0
70.136	0.0354192	0	0
70.170	0.0331528	1	0
70.203	0.0314179	1	0
70.236	0.0293220	1	0
70.270	0.0283111	1	0
70.303	0.0267574	0	0
70.336	0.0258327	0	0
70.370	0.0250127	0	0
70.403	0.0242722	0	0
70.437	0.0236288	0	0
70.470	0.0232162	0	0
70.503	0.0227177	0	0
70.537	0.0225871	0	0
70.570	0.0214499	0	0
70.603	0.0201980	0	0
70.637	0.0192744	0	0
70.670	0.0194115	0	0
70.703	0.0193255	0	0
70.737	0.0198493	0	0
70.770	0.0213751	0	0
70.804	0.0211871	0	0
70.837	0.0208870	0	0
70.870	0.0210366	0	0
70.904	0.0220132	0	0
70.937	0.0248060	0	0
70.970	0.0291010	0	0
71.004	0.0311261	0	0
71.037	0.0330073	0	0
71.071	0.0344075	0	0
71.104	0.0318139	1	0
71.137	0.0284841	1	0
71.171	0.0265949	0	0
71.204	0.0241903	0	0
71.237	0.0226912	0	0
71.271	0.0226607	0	0
71.304	0.0218744	0	0
71.337	0.0210367	0	0
71.371	0.0207794	0	0
71.404	0.0193191	0	0
71.438	0.0178735	0	0
71.471	0.0186310	0	0
71.504	0.0195461	0	0
71.538	0.0192030	0	0
71.571	0.0195345	0	0
71.604	0.0202235	0	0
71.638	0.0204253	0	0
71.671	0.0208476	0	0
71.704	0.0218122	0	0
71.738	0.0231415	0	0
71.771	0.0234382	0	0
71.805	0.0238347	0	0
71.838	0.0224468	0	0
71.871	0.0216213	0	0
71.905	0.0211773	0	0
71.938	0.0206949	0	0
71.971	0.0204614	0	0
72.005	0.0205742	0	0
72.038	0.0213454	0	0
72.072	0.0214647	0	0
72.105	0.0214453	0	0
72.138	0.0209891	0	0
72.172	0.0216364	0	0
72.205	0.0214756	0	0
72.238	0.0211250	0	0
72.272	0.0213232	0	0
72.305	0.0210694	0	0
72.338	0.0222619	0	0
72.372	0.0258007	0	0
72.405	0.0299273	0	0
72.439	0.0333388	0	0
72.472	0.0360245	0	0
72.505	0.0375889	0	0
72.539	0.0357449	1	0
72.572	0.0336382	1	0
72.605	0.0313068	1	0
72.639	0.0296010	1	0
72.672	0.0280280	1	0
72.705	0.0271652	0	0
72.739	0.0257725	0	0
72.772	0.0248092	0	0
72.806	0.0245027	0	0
72.839	0.0229940	0	0
72.872	0.0219606	0	0
72.906	0.0214784	0	0
72.939	0.0211389	0	0
72.972	0.0207434	0	0
73.006	0.0213892	0	0
73.039	0.0209900	0	0
73.073	0.0212022	0	0
73.106	0.0208764	0	0
73.139	0.0212480	0	0
73.173	0.0198641	0	0
73.206	0.0206610	0	0
73.239	0.0204298	0	0
73.273	0.0213300	0	0
73.306	0.0208051	0	0
73.339	0.0220330	0	0
73.373	0.0239695	0	0
73.406	0.0271101	0	0
73.440	0.0294590	0	0
73.473	0.0316106	0	0
73.506	0.0327656	0	0
73.540	0.0325941	0	0
73.573	0.0309440	1	0
73.606	0.0299338	1	0
73.640	0.0298529	1	0
73.673	0.0292731	1	0
73.706	0.0284673	1	0
73.740	0.0280231	1	0
73.773	0.0273400	0	0
73.807	0.0267719	0	0
73.840	0.0293723	1	0
73.873	0.0324722	0	0
73.907	0.0354214	0	0
73.940	0.0370105	0	0
73.973	0.0383967	0	0
74.007	0.0368263	0	0
74.040	0.0345223	0	0
74.074	0.0320587	1	0
74.107	0.0308826	1	0
74.140	0.0300506	1	0
74.174	0.0292920	1	0
74.207	0.0281185	1	0
74.240	0.0270935	0	0
74.274	0.0273376	0	0
74.307	0.0268494	0	0
74.340	0.0286899	1	0
74.374	0.0320091	0	0
74.407	0.0348510	0	0
74.441	0.0352197	0	0
74.474	0.0361098	0	0
74.507	0.0345978	0	0
74.541	0.0320073	1	0
74.574	0.0292542	1	0
74.607	0.0282583	1	0
74.641	0.0261069	0	0
74.674	0.0250949	0	0
74.707	0.0234166	0	0
74.741	0.0232355	0	0
74.774	0.0229422	0	0
74.808	0.0225740	0	0
74.841	0.0228316	0	0
74.874	0.0230202	0	0
74.908	0.0246938	0	0
74.941	0.0274706	0	0
74.974	0.0303193	0	0
75.008	0.0309636	0	0
75.041	0.0324544	0	0
75.075	0.0317315	1	0
75.108	0.0297354	1	0
75.141	0.0295943	1	0
75.175	0.0311515	1	0
75.208	0.0339824	1	0
75.241	0.0372702	0	0
75.275	0.0395588	0	0
75.308	0.0400115	0	0
75.341	0.0402792	0	0
75.375	0.0376957	0	0
75.408	0.0339661	1	0
75.442	0.0312850	1	0
75.475	0.0303154	1	0
75.508	0.0290152	1	0
75.542	0.0288264	1	0
75.575	0.0286138	1	0
75.608	0.0278007	0	0
75.642	0.0267292	0	0
75.675	0.0265098	0	0
75.708	0.0265474	0	0
75.742	0.0268434	0	0
75.775	0.0274746	0	0
75.809	0.0280688	1	0
75.842	0.0280101	1	0
75.875	0.0276278	0	0
75.909	0.0273364	0	0
75.942	0.0267794	0	0
75.975	0.0271482	0	0
76.009	0.0262452	0	0
76.042	0.0259748	0	0
76.076	0.0262219	0	0
76.109	0.0262902	0	0
76.142	0.0255158	0	0
76.176	0.0256125	0	0
76.209	0.0254582	0	0
76.242	0.0257025	0	0
76.276	0.0256131	0	0
76.309	0.0256082	0	0
76.342	0.0251942	0	0
76.376	0.0252836	0	0
76.409	0.0241499	0	0
76.443	0.0242705	0	0
76.476	0.0239769	0	0
76.509	0.0243129	0	0
76.543	0.0237604	0	0
76.576	0.0241350	0	0
76.609	0.0239712	0	0
76.643	0.0240339	0	0
76.676	0.0241510	0	0
76.709	0.0244586	0	0
76.743	0.0247122	0	0
76.776	0.0250815	0	0
76.810	0.0244284	0	0
76.843	0.0239592	0	0
76.876	0.0239137	0	0
76.910	0.0235361	0	0
76.943	0.0230078	0	0
76.976	0.0233457	0	0
77.010	0.0237395	0	0
77.043	0.0229859	0	0
77.077	0.0226209	0	0
77.110	0.0226950	0	0
77.143	0.0228816	0	0
77.177	0.0228776	0	0
77.210	0.0242365	0	0
77.243	0.0252418	0	0
77.277	0.0253690	0	0
77.310	0.0250510	0	0
77.343	0.0249319	0	0
77.377	0.0245366	0	0
77.410	0.0237137	0	0
77.444	0.0235604	0	0
77.477	0.0237665	0	0
77.510	0.0236304	0	0
77.544	0.0232103	0	0
77.577	0.0233245	0	0
77.610	0.0229051	0	0
77.644	0.0220760	0	0
77.677	0.0220357	0	0
77.710	0.0218869	0	0
77.744	0.0218646	0	0
77.777	0.0222764	0	0
77.811	0.0245416	0	0
77.844	0.0275562	0	0
77.877	0.0300234	0	0
77.911	0.0320017	0	0
77.944	0.0333114	0	0
77.977	0.0329095	1	0
78.011	0.0304399	1	0
78.044	0.0289952	1	0
78.078	0.0280569	1	0
78.111	0.0273940	0	0
78.144	0.0264341	0	0
78.178	0.0259999	0	0
78.211	0.0257033	0	0
78.244	0.0246044	0	0
78.278	0.0233887	0	0
78.311	0.0227872	0	0
78.344	0.0223422	0	0
78.378	0.0219955	0	0
78.411	0.0220759	0	0
78.445	0.0225962	0	0
78.478	0.0221351	0	0
78.511	0.0219778	0	0
78.545	0.0211785	0	0
78.578	0.0205015	0	0
78.611	0.0207096	0	0
78.645	0.0211629	0	0
78.678	0.0222203	0	0
78.711	0.0233588	0	0
78.745	0.0239733	0	0
78.778	0.0235452	0	0
78.812	0.0238253	0	0
78.845	0.0235538	0	0
78.878	0.0226729	0	0
78.912	0.0228436	0	0
78.945	0.0237785	0	0
78.978	0.0236358	0	0
79.012	0.0227793	0	0
79.045	0.0235705	0	0
79.079	0.0239208	0	0
79.112	0.0237076	0	0
79.145	0.0237647	0	0
79.179	0.0249729	0	0
79.212	0.0249112	0	0
79.245	0.0252503	0	0
79.279	0.0252244	0	0
79.312	0.0251126	0	0
79.345	0.0250370	0	0
79.379	0.0250035	0	0
79.412	0.0241983	0	0
79.446	0.0242740	0	0
79.479	0.0239429	0	0
79.512	0.0232904	0	0
79.546	0.0236370	0	0
79.579	0.0240748	0	0
79.612	0.0241510	0	0
79.646	0.0255576	0	0
79.679	0.0290176	0	0
79.712	0.0318927	0	0
79.746	0.0359599	0	0
79.779	0.0392813	0	0
79.813	0.0420582	0	0
79.846	0.0416740	0	0
79.879	0.0409291	0	0
79.913	0.0384715	0	0
79.946	0.0365826	1	0
79.979	0.0345969	1	0
80.013	0.0325315	1	0
80.046	0.0311589	1	0
80.080	0.0299180	1	0
80.113	0.0289564	1	0
80.146	0.0293023	1	0
80.180	0.0319702	1	0
80.213	0.0344843	0	0
80.246	0.0377262	0	0
80.280	0.0398286	0	0
80.313	0.0402607	0	0
80.346	0.0389353	0	0
80.380	0.0370024	1	0
80.413	0.0341358	1	0
80.447	0.0321044	1	0
80.480	0.0305786	1	0
80.513	0.0285729	1	0
80.547	0.0269880	0	0
80.580	0.0258032	0	0
80.613	0.0247158	0	0
80.647	0.0235818	0	0
80.680	0.0226513	0	0
80.713	0.0215690	0	0
80.747	0.0207136	0	0
80.780	0.0201789	0	0
80.814	0.0198182	0	0
80.847	0.0197061	0	0
80.880	0.0195252	0	0
80.914	0.0197677	0	0
80.947	0.0197549	0	0
80.980	0.0195042	0	0
81.014	0.0195318	0	0
81.047	0.0198035	0	0
81.081	0.0195169	0	0
81.114	0.0192752	0	0
81.147	0.0193693	0	0
81.181	0.0189521	0	0
81.214	0.0185997	0	0
81.247	0.0185047	0	0
81.281	0.0188702	0	0
81.314	0.0190053	0	0
81.347	0.0197506	0	0
81.381	0.0200054	0	0
81.414	0.0204642	0	0
81.448	0.0200977	0	0
81.481	0.0207075	0	0
81.514	0.0204450	0	0
81.548	0.0209931	0	0
81.581	0.0206877	0	0
81.614	0.0210003	0	0
81.648	0.0221936	0	0
81.681	0.0263635	0	0
81.714	0.0296915	0	0
81.748	0.0328111	0	0
81.781	0.0352756	0	0
81.815	0.0350760	0	0
81.848	0.0324086	1	0
81.881	0.0295410	1	0
81.915	0.0271202	0	0
81.948	0.0246702	0	0
81.981	0.0232098	0	0
82.015	0.0219132	0	0
82.048	0.0209169	0	0
82.082	0.0201824	0	0
82.115	0.0198112	0	0
82.148	0.0197738	0	0
82.182	0.0200942	0	0
82.215	0.0237908	0	0
82.248	0.0272938	0	0
82.282	0.0301606	0	0
82.315	0.0324527	0	0
82.348	0.0337037	0	0
82.382	0.0308521	0	0
82.415	0.0281818	1	0
82.449	0.0263484	0	0
82.482	0.0246107	0	0
82.515	0.0237120	0	0
82.549	0.0233677	0	0
82.582	0.0236594	0	0
82.615	0.0263565	0	0
82.649	0.0316023	0	0
82.682	0.0338611	0	0
82.715	0.0352538	0	0
82.749	0.0354299	0	0
82.782	0.0330260	1	0
82.816	0.0273449	0	0
82.849	0.0251016	0	0
82.882	0.0235824	0	0
82.916	0.0227382	0	0
82.949	0.0221500	0	0
82.982	0.0226723	0	0
83.016	0.0225077	0	0
83.049	0.0226527	0	0
83.083	0.0232123	0	0
83.116	0.0232703	0	0
83.149	0.0233284	0	0
83.183	0.0235561	0	0
83.216	0.0238112	0	0
83.249	0.0234907	0	0
83.283	0.0236734	0	0
83.316	0.0237015	0	0
83.349	0.0259667	0	0
83.383	0.0279762	0	0
83.416	0.0294118	0	0
83.450	0.0299630	0	0
83.483	0.0301454	0	0
83.516	0.0272862	0	0
83.550	0.0246678	0	0
83.583	0.0226719	0	0
83.616	0.0212573	0	0
83.650	0.0203618	0	0
83.683	0.0203439	0	0
83.716	0.0199167	0	0
83.750	0.0199027	0	0
83.783	0.0196232	0	0
83.817	0.0195768	0	0
83.850	0.0190355	0	0
83.883	0.0187367	0	0
83.917	0.0186730	0	0
83.950	0.0185930	0	0
83.983	0.0184175	0	0
84.017	0.0184291	0	0
84.050	0.0204805	0	0
84.084	0.0248249	0	0
84.117	0.0291338	0	0
84.150	0.0323351	0	0
84.184	0.0342699	0	0
84.217	0.0335217	0	0
84.250	0.0306643	1	0
84.284	0.0277890	0	0
84.317	0.0254546	0	0
84.350	0.0249161	0	0
84.384	0.0254442	0	0
84.417	0.0250948	0	0
84.451	0.0249631	0	0
84.484	0.0248507	0	0
84.517	0.0244701	0	0
84.551	0.0230915	0	0
84.584	0.0224739	0	0
84.617	0.0212493	0	0
84.651	0.0208265	0	0
84.684	0.0207112	0	0
84.717	0.0206469	0	0
84.751	0.0225797	0	0
84.784	0.0262022	0	0
84.818	0.0291840	0	0
84.851	0.0314373	0	0
84.884	0.0335326	0	0
84.918	0.0320890	0	0
84.951	0.0295665	1	0
84.984	0.0274297	0	0
85.018	0.0253574	0	0
85.051	0.0241374	0	0
85.085	0.0232518	0	0
85.118	0.0230856	0	0
85.151	0.0227871	0	0
85.185	0.0234126	0	0
85.218	0.0268683	0	0
85.251	0.0308789	0	0
85.285	0.0343565	0	0
85.318	0.0365547	0	0
85.351	0.0374486	1	0
85.385	0.0351911	1	0
85.418	0.0325758	1	0
85.452	0.0288291	1	0
85.485	0.0268594	0	0
85.518	0.0253123	0	0
85.552	0.0236656	0	0
85.585	0.0220549	0	0
85.618	0.0223912	0	0
85.652	0.0236411	0	0
85.685	0.0268914	0	0
85.718	0.0302388	0	0
85.752	0.0335700	0	0
85.785	0.0345476	0	0
85.819	0.0336998	0	0
85.852	0.0303056	1	0
85.885	0.0278070	0	0
85.919	0.0250301	0	0
85.952	0.0239036	0	0
85.985	0.0232538	0	0
86.019	0.0235931	0	0
86.052	0.0223768	0	0
86.086	0.0219362	0	0
86.119	0.0227345	0	0
86.152	0.0255590	0	0
86.186	0.0277535	0	0
86.219	0.0301281	0	0
86.252	0.0326520	0	0
86.286	0.0332729	0	0
86.319	0.0309737	0	0
86.352	0.0286987	1	0
86.386	0.0274799	0	0
86.419	0.0262361	0	0
86.453	0.0250474	0	0
86.486	0.0245959	0	0
86.519	0.0240046	0	0
86.553	0.0233917	0	0
86.586	0.0227235	0	0
86.619	0.0222090	0	0
86.653	0.0220711	0	0
86.686	0.0227906	0	0
86.719	0.0227235	0	0
86.753	0.0232098	0	0
86.786	0.0236174	0	0
86.820	0.0228381	0	0
86.853	0.0217303	0	0
86.886	0.0219002	0	0
86.920	0.0205356	0	0
86.953	0.0191302	0	0
86.986	0.0193070	0	0
87.020	0.0193754	0	0
87.053	0.0217520	0	0
87.087	0.0260194	0	0
87.120	0.0293960	0	0
87.153	0.0315863	0	0
87.187	0.0330995	0	0
87.220	0.0310517	1	0
87.253	0.0276781	0	0
87.287	0.0251219	0	0
87.320	0.0228688	0	0
87.353	0.0208577	0	0
87.387	0.0193267	0	0
87.420	0.0178495	0	0
87.454	0.0182614	0	0
87.487	0.0174228	0	0
87.520	0.0182443	0	0
87.554	0.0181773	0	0
87.587	0.0197174	0	0
87.620	0.0195928	0	0
87.654	0.0199241	0	0
87.687	0.0199073	0	0
87.720	0.0198383	0	0
87.754	0.0187666	0	0
87.787	0.0175951	0	0
87.821	0.0183499	0	0
87.854	0.0184926	0	0
87.887	0.0186081	0	0
87.921	0.0192768	0	0
87.954	0.0203929	0	0
87.987	0.0203840	0	0
88.021	0.0191625	0	0
88.054	0.0198048	0	0
88.088	0.0186495	0	0
88.121	0.0182713	0	0
88.154	0.0167626	0	0
88.188	0.0177862	0	0
88.221	0.0166028	0	0
88.254	0.0165619	0	0
88.288	0.0165869	0	0
88.321	0.0177999	0	0
88.354	0.0176393	0	0
88.388	0.0187733	0	0
88.421	0.0194496	0	0
88.455	0.0193691	0	0
88.488	0.0193265	0	0
88.521	0.0197499	0	0
88.555	0.0228547	0	0
88.588	0.0268725	0	0
88.621	0.0304455	0	0
88.655	0.0340254	0	0
88.688	0.0369871	0	0
88.721	0.0364811	0	0
88.755	0.0353285	1	0
88.788	0.0336280	1	0
88.822	0.0314297	1	0
88.855	0.0292537	1	0
88.888	0.0278087	0	0
88.922	0.0264939	0	0
88.955	0.0255682	0	0
88.988	0.0246035	0	0
89.022	0.0237139	0	0
89.055	0.0235589	0	0
89.089	0.0223403	0	0
89.122	0.0215617	0	0
89.155	0.0215293	0	0
89.189	0.0215311	0	0
89.222	0.0206754	0	0
89.255	0.0212672	0	0
89.289	0.0216066	0	0
89.322	0.0216513	0	0
89.355	0.0217933	0	0
89.389	0.0220337	0	0
89.422	0.0217408	0	0
89.456	0.0217632	0	0
89.489	0.0232206	0	0
89.522	0.0265841	0	0
89.556	0.0292918	0	0
89.589	0.0317740	0	0
89.622	0.0333863	0	0
89.656	0.0341094	0	0
89.689	0.0317266	1	0
89.722	0.0302196	1	0
89.756	0.0285575	1	0
89.789	0.0275925	0	0
89.823	0.0251769	0	0
89.856	0.0235990	0	0
89.889	0.0231893	0	0
89.923	0.0245340	0	0
89.956	0.0280101	0	0
89.989	0.0329571	0	0
90.023	0.0360558	0	0
90.056	0.0377696	0	0
90.090	0.0382376	0	0
90.123	0.0364234	1	0
90.156	0.0335355	1	0
90.190	0.0318938	1	0
90.223	0.0294443	1	0
90.256	0.0278977	0	0
90.290	0.0264561	0	0
90.323	0.0255478	0	0
90.356	0.0256729	0	0
90.390	0.0262975	0	0
90.423	0.0290393	0	0
90.457	0.0319748	0	0
90.490	0.0347396	0	0
90.523	0.0362180	0	0
90.557	0.0379126	0	0
90.590	0.0359341	1	0
90.623	0.0333320	1	0
90.657	0.0309470	1	0
90.690	0.0291462	1	0
90.723	0.0276380	0	0
90.757	0.0262160	0	0
90.790	0.0247377	0	0
90.824	0.0237018	0	0
90.857	0.0261737	0	0
90.890	0.0294486	0	0
90.924	0.0332247	0	0
90.957	0.0371693	0	0
90.990	0.0387823	0	0
91.024	0.0372550	0	0
91.057	0.0351595	1	0
91.091	0.0321788	1	0
91.124	0.0287860	1	0
91.157	0.0276208	0	0
91.191	0.0259846	0	0
91.224	0.0242839	0	0
91.257	0.0229971	0	0
91.291	0.0229975	0	0
91.324	0.0221089	0	0
91.357	0.0217391	0	0
91.391	0.0214611	0	0
91.424	0.0222501	0	0
91.458	0.0229765	0	0
91.491	0.0235885	0	0
91.524	0.0233713	0	0
91.558	0.0233535	0	0
91.591	0.0233507	0	0
91.624	0.0238173	0	0
91.658	0.0237884	0	0
91.691	0.0257061	0	0
91.724	0.0259793	0	0
91.758	0.0258660	0	0
91.791	0.0246881	0	0
91.825	0.0244703	0	0
91.858	0.0236065	0	0
91.891	0.0250434	0	0
91.925	0.0257332	0	0
91.958	0.0254886	0	0
91.991	0.0272862	0	0
92.025	0.0271667	0	0
92.058	0.0256866	0	0
92.092	0.0258492	0	0
92.125	0.0272976	0	0
92.158	0.0255049	0	0
92.192	0.0255777	0	0
92.225	0.0257482	0	0
92.258	0.0261555	0	0
92.292	0.0253221	0	0
92.325	0.0261706	0	0
92.358	0.0264652	0	0
92.392	0.0278140	0	0
92.425	0.0277154	0	0
92.459	0.0285631	1	0
92.492	0.0290894	1	0
92.525	0.0298259	1	0
92.559	0.0298151	1	0
92.592	0.0299347	1	0
92.625	0.0289953	1	0
92.659	0.0284193	1	0
92.692	0.0271654	0	0
92.725	0.0260020	0	0
92.759	0.0244567	0	0
92.792	0.0246308	0	0
92.826	0.0244784	0	0
92.859	0.0252245	0	0
92.892	0.0263385	0	0
92.926	0.0282833	0	0
92.959	0.0303279	0	0
92.992	0.0329360	0	0
93.026	0.0346083	0	0
93.059	0.0362289	0	0
93.093	0.0370402	1	0
93.126	0.0368025	1	0
93.159	0.0350402	1	0
93.193	0.0334615	1	0
93.226	0.0318658	1	0
93.259	0.0305787	1	0
93.293	0.0287790	1	0
93.326	0.0288275	1	0
93.359	0.0297531	1	0
93.393	0.0291144	1	0
93.426	0.0293414	1	0
93.460	0.0327373	1	0
93.493	0.0342250	0	0
93.526	0.0343306	0	0
93.560	0.0352821	0	0
93.593	0.0350409	1	0
93.626	0.0322571	1	0
93.660	0.0304116	1	0
93.693	0.0297248	1	0
93.726	0.0294326	1	0
93.760	0.0291534	1	0
93.793	0.0288548	1	0
93.827	0.0287205	1	0
93.860	0.0282757	1	0
93.893	0.0276590	0	0
93.927	0.0270429	0	0
93.960	0.0285388	1	0
93.993	0.0310329	1	0
94.027	0.0331844	0	0
94.060	0.0351096	0	0
94.094	0.0371004	0	0
94.127	0.0363752	0	0
94.160	0.0344531	1	0
94.194	0.0331435	1	0
94.227	0.0324030	1	0
94.260	0.0304958	1	0
94.294	0.0297487	1	0
94.327	0.0290741	1	0
94.360	0.0276132	0	0
94.394	0.0255756	0	0
94.427	0.0253420	0	0
94.461	0.0244546	0	0
94.494	0.0240422	0	0
94.527	0.0239513	0	0
94.561	0.0242674	0	0
94.594	0.0251894	0	0
94.627	0.0254919	0	0
94.661	0.0253767	0	0
94.694	0.0263759	0	0
94.727	0.0271582	0	0
94.761	0.0263859	0	0
94.794	0.0263590	0	0
94.828	0.0291631	1	0
94.861	0.0321698	1	0
94.894	0.0341467	0	0
94.928	0.0359629	0	0
94.961	0.0375233	0	0
94.994	0.0360859	0	0
95.028	0.0338068	1	0
95.061	0.0324954	1	0
95.095	0.0313412	1	0
95.128	0.0311610	1	0
95.161	0.0303793	1	0
95.195	0.0297039	1	0
95.228	0.0283042	1	0
95.261	0.0277194	0	0
95.295	0.0265122	0	0
95.328	0.0261845	0	0
95.361	0.0264439	0	0
95.395	0.0274786	0	0
95.428	0.0270512	0	0
95.462	0.0268372	0	0
95.495	0.0264368	0	0
95.528	0.0260168	0	0
95.562	0.0248672	0	0
95.595	0.0256926	0	0
95.628	0.0281611	0	0
95.662	0.0319641	0	0
95.695	0.0339780	0	0
95.728	0.0362109	0	0
95.762	0.0371011	0	0
95.795	0.0363692	1	0
95.829	0.0335533	1	0
95.862	0.0317257	1	0
95.895	0.0306885	1	0
95.929	0.0311156	1	0
95.962	0.0303188	1	0
95.995	0.0301354	1	0
96.029	0.0300952	1	0
96.062	0.0298594	1	0
96.096	0.0292895	1	0
96.129	0.0299007	1	0
96.162	0.0299560	1	0
96.196	0.0293406	1	0
96.229	0.0284596	1	0
96.262	0.0269335	0	0
96.296	0.0265101	0	0
96.329	0.0266447	0	0
96.362	0.0271675	0	0
96.396	0.0268979	0	0
96.429	0.0271167	0	0
96.463	0.0261632	0	0
96.496	0.0253885	0	0
96.529	0.0249250	0	0
96.563	0.0249740	0	0
96.596	0.0257688	0	0
96.629	0.0265154	0	0
96.663	0.0266134	0	0
96.696	0.0279132	0	0
96.729	0.0309446	0	0
96.763	0.0316279	0	0
96.796	0.0324356	0	0
96.830	0.0331871	1	0
96.863	0.0334916	1	0
96.896	0.0316240	1	0
96.930	0.0307298	1	0
96.963	0.0297435	1	0
96.996	0.0303155	1	0
97.030	0.0314568	1	0
97.063	0.0343244	0	0
97.097	0.0367314	0	0
97.130	0.0392559	0	0
97.163	0.0406966	0	0
97.197	0.0394115	0	0
97.230	0.0373343	1	0
97.263	0.0355962	1	0
97.297	0.0330985	1	0
97.330	0.0308514	1	0
97.363	0.0297999	1	0
97.397	0.0285691	1	0
97.430	0.0269268	0	0
97.464	0.0260795	0	0
97.497	0.0254187	0	0
97.530	0.0246177	0	0
97.564	0.0231887	0	0
97.597	0.0231027	0	0
97.630	0.0225257	0	0
97.664	0.0216235	0	0
97.697	0.0211250	0	0
97.730	0.0214391	0	0
97.764	0.0205522	0	0
97.797	0.0205475	0	0
97.831	0.0209328	0	0
97.864	0.0206211	0	0
97.897	0.0205375	0	0
97.931	0.0214608	0	0
97.964	0.0216465	0	0
97.997	0.0208407	0	0
98.031	0.0206458	0	0
98.064	0.0203012	0	0
98.098	0.0191702	0	0
98.131	0.0193548	0	0
98.164	0.0195116	0	0
98.198	0.0196728	0	0
98.231	0.0197655	0	0
98.264	0.0199099	0	0
98.298	0.0192430	0	0
98.331	0.0191902	0	0
98.364	0.0190095	0	0
98.398	0.0205275	0	0
98.431	0.0232804	0	0
98.465	0.0251857	0	0
98.498	0.0264199	0	0
98.531	0.0275537	0	0
98.565	0.0267323	0	0
98.598	0.0248992	0	0
98.631	0.0242632	0	0
98.665	0.0245970	0	0
98.698	0.0242482	0	0
98.731	0.0237593	0	0
98.765	0.0237905	0	0
98.798	0.0232196	0	0
98.832	0.0225677	0	0
98.865	0.0221012	0	0
98.898	0.0217375	0	0
98.932	0.0204914	0	0
98.965	0.0197772	0	0
98.998	0.0187739	0	0
99.032	0.0187390	0	0
99.065	0.0186420	0	0
99.099	0.0188999	0	0
99.132	0.0187719	0	0
99.165	0.0197739	0	0
99.199	0.0225922	0	0
99.232	0.0259394	0	0
99.265	0.0287225	0	0
99.299	0.0317485	0	0
99.332	0.0324214	0	0
99.365	0.0308398	1	0
99.399	0.0288066	1	0
99.432	0.0278519	0	0
99.466	0.0252064	0	0
99.499	0.0251391	0	0
99.532	0.0239029	0	0
99.566	0.0234961	0	0
99.599	0.0225355	0	0
99.632	0.0235031	0	0
99.666	0.0226611	0	0
99.699	0.0225886	0	0
99.732	0.0216095	0	0
99.766	0.0205467	0	0
99.799	0.0189244	0	0
99.833	0.0190032	0	0
99.866	0.0185473	0	0
99.899	0.0188724	0	0
99.933	0.0193929	0	0
99.966	0.0199748	0	0
99.999	0.0199193	0	0
100.033	0.0205463	0	0
100.066	0.0207344	0	0
100.100	0.0207784	0	0
100.133	0.0204052	0	0
100.166	0.0200744	0	0
100.200	0.0202126	0	0
100.233	0.0210408	0	0
100.266	0.0241454	0	0
100.300	0.0276256	0	0
100.333	0.0311844	0	0
100.366	0.0337031	0	0
100.400	0.0348264	0	0
100.433	0.0333475	0	0
100.467	0.0307676	1	0
100.500	0.0274118	0	0
100.533	0.0250637	0	0
100.567	0.0237920	0	0
100.600	0.0222716	0	0
100.633	0.0215371	0	0
100.667	0.0210757	0	0
100.700	0.0207387	0	0
100.733	0.0198109	0	0
100.767	0.0193208	0	0
100.800	0.0209860	0	0
100.834	0.0221914	0	0
100.867	0.0224938	0	0
100.900	0.0228037	0	0
100.934	0.0231875	0	0
100.967	0.0216851	0	0
101.000	0.0239504	0	0
101.034	0.0275535	0	0
101.067	0.0319500	0	0
101.101	0.0341188	0	0
101.134	0.0357598	0	0
101.167	0.0337085	0	0
101.201	0.0307470	1	0
101.234	0.0270735	0	0
101.267	0.0250869	0	0
101.301	0.0230182	0	0
101.334	0.0210749	0	0
101.367	0.0192613	0	0
101.401	0.0179088	0	0
101.434	0.0170725	0	0
101.468	0.0168827	0	0
101.501	0.0170279	0	0
101.534	0.0170957	0	0
101.568	0.0169798	0	0
101.601	0.0170445	0	0
101.634	0.0179944	0	0
101.668	0.0212080	0	0
101.701	0.0256961	0	0
101.734	0.0294605	0	0
101.768	0.0323787	0	0
101.801	0.0340185	0	0
101.835	0.0328009	0	0
101.868	0.0307182	1	0
101.901	0.0289118	1	0
101.935	0.0275590	0	0
101.968	0.0267143	0	0
102.001	0.0253730	0	0
102.035	0.0236777	0	0
102.068	0.0226831	0	0
102.102	0.0219515	0	0
102.135	0.0208356	0	0
102.168	0.0205681	0	0
102.202	0.0204577	0	0
102.235	0.0196710	0	0
102.268	0.0190271	0	0
102.302	0.0184557	0	0
102.335	0.0185538	0	0
102.368	0.0187834	0	0
102.402	0.0225557	0	0
102.435	0.0281210	0	0
102.469	0.0327534	0	0
102.502	0.0362087	0	0
102.535	0.0383658	0	0
102.569	0.0380452	0	0
102.602	0.0344565	1	0
102.635	0.0320254	1	0
102.669	0.0298287	1	0
102.702	0.0281633	1	0
102.735	0.0258360	0	0
102.769	0.0243907	0	0
102.802	0.0236915	0	0
102.836	0.0233838	0	0
102.869	0.0224779	0	0
102.902	0.0224071	0	0
102.936	0.0235116	0	0
102.969	0.0255868	0	0
103.002	0.0293711	0	0
103.036	0.0334600	0	0
103.069	0.0360226	0	0
103.103	0.0378819	0	0
103.136	0.0370331	0	0
103.169	0.0345640	1	0
103.203	0.0327322	1	0
103.236	0.0305564	1	0
103.269	0.0287512	1	0
103.303	0.0276885	0	0
103.336	0.0268013	0	0
103.369	0.0259047	0	0
103.403	0.0247809	0	0
103.436	0.0232105	0	0
103.470	0.0228375	0	0
103.503	0.0213831	0	0
103.536	0.0208329	0	0
103.570	0.0216105	0	0
103.603	0.0222240	0	0
103.636	0.0224282	0	0
103.670	0.0228255	0	0
103.703	0.0216666	0	0
103.736	0.0212641	0	0
103.770	0.0209353	0	0
103.803	0.0200375	0	0
103.837	0.0191942	0	0
103.870	0.0204302	0	0
103.903	0.0207404	0	0
103.937	0.0207707	0	0
103.970	0.0206920	0	0
104.003	0.0216695	0	0
104.037	0.0205511	0	0
104.070	0.0192235	0	0
104.104	0.0200895	0	0
104.137	0.0217434	0	0
104.170	0.0243602	0	0
104.204	0.0295643	0	0
104.237	0.0344188	0	0
104.270	0.0370932	0	0
104.304	0.0386953	0	0
104.337	0.0380061	1	0
104.370	0.0352645	1	0
104.404	0.0320032	1	0
104.437	0.0298144	1	0
104.471	0.0271901	0	0
104.504	0.0253900	0	0
104.537	0.0239624	0	0
104.571	0.0230576	0	0
104.604	0.0218110	0	0
104.637	0.0211462	0	0
104.671	0.0203032	0	0
104.704	0.0199902	0	0
104.737	0.0204353	0	0
104.771	0.0208267	0	0
104.804	0.0202650	0	0
104.838	0.0202348	0	0
104.871	0.0195141	0	0
104.904	0.0185735	0	0
104.938	0.0175143	0	0
104.971	0.0176271	0	0
105.004	0.0169502	0	0
105.038	0.0174752	0	0
105.071	0.0175689	0	0
105.105	0.0166587	0	0
105.138	0.0169095	0	0
105.171	0.0177569	0	0
105.205	0.0167131	0	0
105.238	0.0154844	0	0
105.271	0.0154906	0	0
105.305	0.0144538	0	0
105.338	0.0133321	0	0
105.371	0.0128393	0	0
105.405	0.0142071	0	0
105.438	0.0154287	0	0
105.472	0.0155923	0	0
105.505	0.0154780	0	0
105.538	0.0167539	0	0
105.572	0.0193337	0	0
105.605	0.0229845	0	0
105.638	0.0262795	0	0
105.672	0.0293731	0	0
105.705	0.0308503	0	0
105.738	0.0300302	0	0
105.772	0.0275923	0	0
105.805	0.0259364	0	0
105.839	0.0243624	0	0
105.872	0.0225917	0	0
105.905	0.0205975	0	0
105.939	0.0200659	0	0
105.972	0.0200856	0	0
106.005	0.0193216	0	0
106.039	0.0215004	0	0
106.072	0.0262377	0	0
106.106	0.0305119	0	0
106.139	0.0346842	0	0
106.172	0.0387845	0	0
106.206	0.0397174	0	0
106.239	0.0379781	1	0
106.272	0.0346550	1	0
106.306	0.0322018	1	0
106.339	0.0310689	1	0
106.372	0.0300413	1	0
106.406	0.0285683	1	0
106.439	0.0284585	1	0
106.473	0.0272062	0	0
106.506	0.0256680	0	0
106.539	0.0250009	0	0
106.573	0.0245488	0	0
106.606	0.0236668	0	0
106.639	0.0229775	0	0
106.673	0.0237363	0	0
106.706	0.0270255	0	0
106.739	0.0305390	0	0
106.773	0.0331815	0	0
106.806	0.0360106	0	0
106.840	0.0361998	0	0
106.873	0.0342837	1	0
106.906	0.0308589	1	0
106.940	0.0289539	1	0
106.973	0.0271395	0	0
107.006	0.0257254	0	0
107.040	0.0240729	0	0
107.073	0.0241895	0	0
107.107	0.0237361	0	0
107.140	0.0228163	0	0
107.173	0.0231293	0	0
107.207	0.0219531	0	0
107.240	0.0217389	0	0
107.273	0.0216865	0	0
107.307	0.0239345	0	0
107.340	0.0268964	0	0
107.373	0.0321305	0	0
107.407	0.0357120	0	0
107.440	0.0384676	0	0
107.474	0.0385207	0	0
107.507	0.0372812	0	0
107.540	0.0344438	1	0
107.574	0.0315322	1	0
107.607	0.0299443	1	0
107.640	0.0284409	1	0
107.674	0.0272892	0	0
107.707	0.0269401	0	0
107.740	0.0266011	0	0
107.774	0.0259808	0	0
107.807	0.0246511	0	0
107.841	0.0232973	0	0
107.874	0.0213475	0	0
107.907	0.0200880	0	0
107.941	0.0195016	0	0
107.974	0.0193633	0	0
108.007	0.0193228	0	0
108.041	0.0203499	0	0
108.074	0.0214448	0	0
108.108	0.0203325	0	0
108.141	0.0207350	0	0
108.174	0.0223780	0	0
108.208	0.0259546	0	0
108.241	0.0286611	0	0
108.274	0.0316039	0	0
108.308	0.0337453	0	0
108.341	0.0337268	0	0
108.374	0.0305307	1	0
108.408	0.0277451	0	0
108.441	0.0257200	0	0
108.475	0.0238782	0	0
108.508	0.0221501	0	0
108.541	0.0211422	0	0
108.575	0.0197540	0	0
108.608	0.0187351	0	0
108.641	0.0176638	0	0
108.675	0.0170518	0	0
108.708	0.0170998	0	0
108.741	0.0178637	0	0
108.775	0.0175194	0	0
108.808	0.0173540	0	0
108.842	0.0173579	0	0
108.875	0.0162599	0	0
108.908	0.0151021	0	0
108.942	0.0148514	0	0
108.975	0.0161121	0	0
109.008	0.0164428	0	0
109.042	0.0173510	0	0
109.075	0.0211106	0	0
109.109	0.0269056	0	0
109.142	0.0301227	0	0
109.175	0.0328126	0	0
109.209	0.0346318	0	0
109.242	0.0338723	0	0
109.275	0.0306259	1	0
109.309	0.0283764	1	0
109.342	0.0272756	0	0
109.375	0.0263682	0	0
109.409	0.0245494	0	0
109.442	0.0228338	0	0
109.476	0.0209726	0	0
109.509	0.0194620	0	0
109.542	0.0192705	0	0
109.576	0.0185910	0	0
109.609	0.0195965	0	0
109.642	0.0211809	0	0
109.676	0.0221332	0	0
109.709	0.0213789	0	0
109.742	0.0224221	0	0
109.776	0.0213918	0	0
109.809	0.0194359	0	0
109.843	0.0186788	0	0
109.876	0.0218264	0	0
109.909	0.0246231	0	0
109.943	0.0291126	0	0
109.976	0.0326981	0	0
110.009	0.0355689	0	0
110.043	0.0347631	1	0
110.076	0.0327693	1	0
110.110	0.0292080	1	0
110.143	0.0268991	0	0
110.176	0.0250238	0	0
110.210	0.0230813	0	0
110.243	0.0215008	0	0
110.276	0.0216575	0	0
110.310	0.0208773	0	0
110.343	0.0209380	0	0
110.376	0.0236569	0	0
110.410	0.0283135	0	0
110.443	0.0313245	0	0
110.477	0.0340350	0	0
110.510	0.0352346	0	0
110.543	0.0338156	1	0
110.577	0.0315807	1	0
110.610	0.0300367	1	0
110.643	0.0293611	1	0
110.677	0.0288622	1	0
110.710	0.0288239	1	0
110.743	0.0271388	0	0
110.777	0.0256903	0	0
110.810	0.0249419	0	0
110.844	0.0246043	0	0
110.877	0.0241545	0	0
110.910	0.0243791	0	0
110.944	0.0242557	0	0
110.977	0.0236731	0	0
111.010	0.0236320	0	0
111.044	0.0223658	0	0
111.077	0.0211286	0	0
111.111	0.0211418	0	0
111.144	0.0201457	0	0
111.177	0.0183443	0	0
111.211	0.0194397	0	0
111.244	0.0201532	0	0
111.277	0.0188986	0	0
111.311	0.0202330	0	0
111.344	0.0203056	0	0
111.377	0.0188935	0	0
111.411	0.0182680	0	0
111.444	0.0183519	0	0
111.478	0.0196392	0	0
111.511	0.0240104	0	0
111.544	0.0281585	0	0
111.578	0.0311441	0	0
111.611	0.0334490	0	0
111.644	0.0328854	0	0
111.678	0.0302589	1	0
111.711	0.0270577	0	0
111.744	0.0254532	0	0
111.778	0.0245402	0	0
111.811	0.0230545	0	0
111.845	0.0220438	0	0
111.878	0.0216028	0	0
111.911	0.0203578	0	0
111.945	0.0199723	0	0
111.978	0.0202951	0	0
112.011	0.0200826	0	0
112.045	0.0208968	0	0
112.078	0.0206698	0	0
112.112	0.0197038	0	0
112.145	0.0189597	0	0
112.178	0.0187111	0	0
112.212	0.0177733	0	0
112.245	0.0179702	0	0
112.278	0.0182392	0	0
112.312	0.0180496	0	0
112.345	0.0178101	0	0
112.378	0.0175720	0	0
112.412	0.0174632	0	0
112.445	0.0198341	0	0
112.479	0.0244407	0	0
112.512	0.0279181	0	0
112.545	0.0316497	0	0
112.579	0.0347906	0	0
112.612	0.0341802	0	0
112.645	0.0314384	1	0
112.679	0.0297514	1	0
112.712	0.0270152	0	0
112.745	0.0246980	0	0
112.779	0.0237224	0	0
112.812	0.0225829	0	0
112.846	0.0223638	0	0
112.879	0.0250629	0	0
112.912	0.0287111	0	0
112.946	0.0313212	0	0
112.979	0.0338445	0	0
113.012	0.0356801	0	0
113.046	0.0339258	0	0
113.079	0.0316115	1	0
113.113	0.0304860	1	0
113.146	0.0293697	1	0
113.179	0.0272642	0	0
113.213	0.0262772	0	0
113.246	0.0255345	0	0
113.279	0.0231301	0	0
113.313	0.0212935	0	0
113.346	0.0218798	0	0
113.379	0.0251142	0	0
113.413	0.0289363	0	0
113.446	0.0326655	0	0
113.480	0.0360433	0	0
113.513	0.0379758	0	0
113.546	0.0357242	1	0
113.580	0.0326537	1	0
113.613	0.0304966	1	0
113.646	0.0285226	1	0
113.680	0.0269090	0	0
113.713	0.0262912	0	0
113.746	0.0256231	0	0
113.780	0.0251069	0	0
113.813	0.0232898	0	0
113.847	0.0215875	0	0
113.880	0.0215456	0	0
113.913	0.0214077	0	0
113.947	0.0212819	0	0
113.980	0.0226671	0	0
114.013	0.0230489	0	0
114.047	0.0215633	0	0
114.080	0.0208835	0	0
114.114	0.0206389	0	0
114.147	0.0206893	0	0
114.180	0.0238817	0	0
114.214	0.0289724	0	0
114.247	0.0321715	0	0
114.280	0.0347155	0	0
114.314	0.0359674	0	0
114.347	0.0342594	0	0
114.380	0.0311303	1	0
114.414	0.0285686	1	0
114.447	0.0270043	0	0
114.481	0.0250676	0	0
114.514	0.0232082	0	0
114.547	0.0221941	0	0
114.581	0.0219461	0	0
114.614	0.0210867	0	0
114.647	0.0217571	0	0
114.681	0.0217835	0	0
114.714	0.0242365	0	0
114.747	0.0277268	0	0
114.781	0.0303132	0	0
114.814	0.0315287	0	0
114.848	0.0326063	0	0
114.881	0.0303838	0	0
114.914	0.0270733	0	0
114.948	0.0239526	0	0
114.981	0.0215764	0	0
115.014	0.0204729	0	0
115.048	0.0206876	0	0
115.081	0.0196708	0	0
115.115	0.0188949	0	0
115.148	0.0190513	0	0
115.181	0.0181510	0	0
115.215	0.0165084	0	0
115.248	0.0170269	0	0
115.281	0.0170951	0	0
115.315	0.0164262	0	0
115.348	0.0162307	0	0
115.381	0.0167145	0	0
115.415	0.0171214	0	0
115.448	0.0178523	0	0
115.482	0.0182779	0	0
115.515	0.0202041	0	0
115.548	0.0203406	0	0
115.582	0.0190274	0	0
115.615	0.0183710	0	0
115.648	0.0184421	0	0
115.682	0.0174493	0	0
115.715	0.0178664	0	0
115.748	0.0206375	0	0
115.782	0.0250241	0	0
115.815	0.0287666	0	0
115.849	0.0314080	0	0
115.882	0.0331074	0	0
115.915	0.0327370	1	0
115.949	0.0306757	1	0
115.982	0.0281735	1	0
116.015	0.0266473	0	0
116.049	0.0263527	0	0
116.082	0.0284857	0	0
116.116	0.0309388	0	0
116.149	0.0344530	0	0
116.182	0.0372963	0	0
116.216	0.0388890	0	0
116.249	0.0376294	0	0
116.282	0.0360290	1	0
116.316	0.0336193	1	0
116.349	0.0311005	1	0
116.382	0.0284533	1	0
116.416	0.0265378	0	0
116.449	0.0243303	0	0
116.483	0.0222852	0	0
116.516	0.0218386	0	0
116.549	0.0220431	0	0
116.583	0.0219968	0	0
116.616	0.0213505	0	0
116.649	0.0213232	0	0
116.683	0.0203369	0	0
116.716	0.0194210	0	0
116.749	0.0178915	0	0
116.783	0.0182363	0	0
116.816	0.0179525	0	0
116.850	0.0175947	0	0
116.883	0.0171219	0	0
116.916	0.0176272	0	0
116.950	0.0170967	0	0
116.983	0.0175287	0	0
117.016	0.0181459	0	0
117.050	0.0190237	0	0
117.083	0.0198135	0	0
117.117	0.0208448	0	0
117.150	0.0210748	0	0
117.183	0.0212623	0	0
117.217	0.0213603	0	0
117.250	0.0214439	0	0
117.283	0.0211622	0	0
117.317	0.0215694	0	0
117.350	0.0222429	0	0
117.383	0.0241936	0	0
117.417	0.0259914	0	0
117.450	0.0277503	0	0
117.484	0.0303248	0	0
117.517	0.0349280	0	0
117.550	0.0386531	0	0
117.584	0.0413344	0	0
117.617	0.0441097	0	0
117.650	0.0434316	0	0
117.684	0.0406519	1	0
117.717	0.0363890	1	0
117.750	0.0322385	1	0
117.784	0.0275650	0	0
117.817	0.0246966	0	0
117.851	0.0215291	0	0
117.884	0.0196381	0	0
117.917	0.0191676	0	0
117.951	0.0194202	0	0
117.984	0.0200334	0	0
118.017	0.0202382	0	0
118.051	0.0200655	0	0
118.084	0.0197421	0	0
118.118	0.0190189	0	0
118.151	0.0189980	0	0
118.184	0.0191302	0	0
118.218	0.0188836	0	0
118.251	0.0182601	0	0
118.284	0.0182473	0	0
118.318	0.0175469	0	0
118.351	0.0175675	0	0
118.384	0.0181828	0	0
118.418	0.0181822	0	0
118.451	0.0183673	0	0
118.485	0.0186777	0	0
118.518	0.0191733	0	0
118.551	0.0196821	0	0
118.585	0.0217489	0	0
118.618	0.0268578	0	0
118.651	0.0312572	0	0
118.685	0.0339268	0	0
118.718	0.0351748	0	0
118.751	0.0349763	0	0
118.785	0.0309255	1	0
118.818	0.0272562	0	0
118.852	0.0238754	0	0
118.885	0.0220356	0	0
118.918	0.0210061	0	0
118.952	0.0201720	0	0
118.985	0.0193490	0	0
119.018	0.0196582	0	0
119.052	0.0198542	0	0
119.085	0.0186904	0	0
119.119	0.0182080	0	0
119.152	0.0181538	0	0
119.185	0.0181837	0	0
119.219	0.0199203	0	0
119.252	0.0258875	0	0
119.285	0.0296613	0	0
119.319	0.0318989	0	0
119.352	0.0338450	0	0
119.385	0.0322863	0	0
119.419	0.0276010	0	0
119.452	0.0242891	0	0
119.486	0.0220894	0	0
119.519	0.0197346	0	0
119.552	0.0196874	0	0
119.586	0.0188285	0	0
119.619	0.0184533	0	0
119.652	0.0182684	0	0
119.686	0.0183699	0	0
119.719	0.0172906	0	0
119.752	0.0167831	0	0
119.786	0.0171421	0	0
119.819	0.0170276	0	0
119.853	0.0168290	0	0
119.886	0.0168252	0	0
119.919	0.0174329	0	0
119.953	0.0174182	0	0
119.986	0.0206416	0	0
120.019	0.0252646	0	0
120.053	0.0290791	0	0
120.086	0.0313112	0	0
120.120	0.0327415	0	0
120.153	0.0303169	0	0
120.186	0.0262779	0	0
120.220	0.0225903	0	0
120.253	0.0200755	0	0
120.286	0.0183154	0	0
120.320	0.0181931	0	0
120.353	0.0173665	0	0
120.386	0.0178234	0	0
120.420	0.0180768	0	0
120.453	0.0183628	0	0
120.487	0.0181889	0	0
120.520	0.0180332	0	0
120.553	0.0175679	0	0
120.587	0.0177500	0	0
120.620	0.0185662	0	0
120.653	0.0183175	0	0
120.687	0.0187582	0	0
120.720	0.0191400	0	0
120.753	0.0201243	0	0
120.787	0.0189701	0	0
120.820	0.0192973	0	0
120.854	0.0188637	0	0
120.887	0.0182755	0	0
120.920	0.0164464	0	0
120.954	0.0162425	0	0
120.987	0.0155123	0	0
121.020	0.0156902	0	0
121.054	0.0156569	0	0
121.087	0.0159200	0	0
121.121	0.0162797	0	0
121.154	0.0164570	0	0
121.187	0.0164776	0	0
121.221	0.0170512	0	0
121.254	0.0177275	0	0
121.287	0.0175998	0	0
121.321	0.0180176	0	0
121.354	0.0181714	0	0
121.387	0.0183911	0	0
121.421	0.0180919	0	0
121.454	0.0184619	0	0
121.488	0.0190143	0	0
121.521	0.0183848	0	0
121.554	0.0184965	0	0
121.588	0.0205303	0	0
121.621	0.0242671	0	0
121.654	0.0266188	0	0
121.688	0.0296139	0	0
121.721	0.0309910	0	0
121.754	0.0297613	0	0
121.788	0.0261663	0	0
121.821	0.0236292	0	0
121.855	0.0218978	0	0
121.888	0.0207708	0	0
121.921	0.0199231	0	0
121.955	0.0198125	0	0
121.988	0.0199148	0	0
122.021	0.0196617	0	0
122.055	0.0194595	0	0
122.088	0.0203970	0	0
122.122	0.0204005	0	0
122.155	0.0207339	0	0
122.188	0.0210581	0	0
122.222	0.0213922	0	0
122.255	0.0207316	0	0
122.288	0.0201939	0	0
122.322	0.0197592	0	0
122.355	0.0186208	0	0
122.388	0.0172191	0	0
122.422	0.0173120	0	0
122.455	0.0170445	0	0
122.489	0.0171324	0	0
122.522	0.0178261	0	0
122.555	0.0179518	0	0
122.589	0.0179518	0	0
122.622	0.0179518	0	0