time	rmse	false positive	false negative
2.969	0.0160887	0	0
3.003	0.0167274	0	0
3.036	0.0138967	0	0
3.069	0.0154368	0	0
3.103	0.0136975	0	0
3.136	0.0155091	0	0
3.169	0.0123951	0	0
3.203	0.0134350	0	0
3.236	0.0174770	0	0
3.269	0.0147353	0	0
3.303	0.0154499	0	0
3.336	0.0152444	0	0
3.370	0.0160126	0	0
3.403	0.0154302	0	0
3.436	0.0176335	0	0
3.470	0.0170527	0	0
3.503	0.0168908	0	0
3.536	0.0162210	0	0
3.570	0.0165869	0	0
3.603	0.0154697	0	0
3.636	0.0131673	0	0
3.670	0.0132059	0	0
3.703	0.0172956	0	0
3.737	0.0160570	0	0
3.770	0.0159553	0	0
3.803	0.0127990	0	0
3.837	0.0161581	0	0
3.870	0.0160507	0	0
3.903	0.0125987	0	0
3.937	0.0163770	0	0
3.970	0.0141650	0	0
4.004	0.0125014	0	0
4.037	0.0139988	0	0
4.070	0.0158016	0	0
4.104	0.0160887	0	0
4.137	0.0135106	0	0
4.170	0.0131131	0	0
4.204	0.0126952	0	0
4.237	0.0144494	0	0
4.270	0.0170049	0	0
4.304	0.0171479	0	0
4.337	0.0147008	0	0
4.371	0.0153508	0	0
4.404	0.0175584	0	0
4.437	0.0122298	0	0
4.471	0.0126711	0	0
4.504	0.0117200	0	0
4.537	0.0132904	0	0
4.571	0.0111049	0	0
4.604	0.0153707	0	0
4.637	0.0126067	0	0
4.671	0.0122382	0	0
4.704	0.0167881	0	0
4.738	0.0164638	0	0
4.771	0.0130040	0	0
4.804	0.0139915	0	0
4.838	0.0148865	0	0
4.871	0.0151976	0	0
4.904	0.0154697	0	0
4.938	0.0144142	0	0
4.971	0.0133667	0	0
5.005	0.0167517	0	0
5.038	0.0162021	0	0
5.071	0.0146035	0	0
5.105	0.0164700	0	0
5.138	0.0135181	0	0
5.171	0.0135557	0	0
5.205	0.0159553	0	0
5.238	0.0141146	0	0
5.271	0.0151238	0	0
5.305	0.0157500	0	0
5.338	0.0171894	0	0
5.372	0.0145127	0	0
5.405	0.0146383	0	0
5.438	0.0200425	0	0
5.472	0.0126952	0	0
5.505	0.0125906	0	0
5.538	0.0145687	0	0
5.572	0.0127112	0	0
5.605	0.0188495	0	0
5.638	0.0147215	0	0
5.672	0.0149478	0	0
5.705	0.0147146	0	0
5.739	0.0156787	0	0
5.772	0.0137716	0	0
5.805	0.0158016	0	0
5.839	0.0162272	0	0
5.872	0.0151372	0	0
5.905	0.0222966	0	0
5.939	0.0249824	0	0
5.972	0.0215730	0	0
6.006	0.0176451	0	0
6.039	0.0136455	0	0
6.072	0.0110498	0	0
6.106	0.0122631	0	0
6.139	0.0153176	0	0
6.172	0.0145617	0	0
6.206	0.0160634	0	0
6.239	0.0127671	0	0
6.272	0.0124932	0	0
6.306	0.0122049	0	0
6.339	0.0096856	0	0
6.373	0.0131286	0	0
6.406	0.0122382	0	0
6.439	0.0120201	0	0
6.473	0.0135557	0	0
6.506	0.0157822	0	0
6.539	0.0153243	0	0
6.573	0.0151909	0	0
6.606	0.0136604	0	0
6.639	0.0108734	0	0
6.673	0.0102571	0	0
6.706	0.0122879	0	0
6.740	0.0134880	0	0
6.773	0.0177486	0	0
6.806	0.0111140	0	0
6.840	0.0180386	0	0
6.873	0.0150022	0	0
6.906	0.0161833	0	0
6.940	0.0120285	0	0
6.973	0.0130898	0	0
7.007	0.0152244	0	0
7.040	0.0114744	0	0
7.073	0.0144565	0	0
7.107	0.0126792	0	0
7.140	0.0141650	0	0
7.173	0.0115275	0	0
7.207	0.0129491	0	0
7.240	0.0148385	0	0
7.273	0.0141218	0	0
7.307	0.0154960	0	0
7.340	0.0146938	0	0
7.374	0.0154762	0	0
7.407	0.0158786	0	0
7.440	0.0147146	0	0
7.474	0.0142581	0	0
7.507	0.0153641	0	0
7.540	0.0172662	0	0
7.574	0.0144776	0	0
7.607	0.0140206	0	0
7.640	0.0162961	0	0
7.674	0.0146800	0	0
7.707	0.0155484	0	0
7.741	0.0166726	0	0
7.774	0.0150834	0	0
7.807	0.0127512	0	0
7.841	0.0137050	0	0
7.874	0.0149410	0	0
7.907	0.0125095	0	0
7.941	0.0132751	0	0
7.974	0.0130743	0	0
8.008	0.0120201	0	0
8.041	0.0155746	0	0
8.074	0.0145896	0	0
8.108	0.0155353	0	0
8.141	0.0154894	0	0
8.174	0.0156007	0	0
8.208	0.0147077	0	0
8.241	0.0155746	0	0
8.274	0.0136305	0	0
8.308	0.0129413	0	0
8.341	0.0154038	0	0
8.375	0.0166359	0	0
8.408	0.0144565	0	0
8.441	0.0180892	0	0
8.475	0.0127831	0	0
8.508	0.0161329	0	0
8.541	0.0150022	0	0
8.575	0.0112686	0	0
8.608	0.0135106	0	0
8.641	0.0154828	0	0
8.675	0.0167578	0	0
8.708	0.0150631	0	0
8.742	0.0148111	0	0
8.775	0.0163895	0	0
8.808	0.0136678	0	0
8.842	0.0173485	0	0
8.875	0.0148385	0	0
8.908	0.0170885	0	0
8.942	0.0184733	0	0
8.975	0.0185228	0	0
9.009	0.0193239	0	0
9.042	0.0142295	0	0
9.075	0.0165316	0	0
9.109	0.0139624	0	0
9.142	0.0165070	0	0
9.175	0.0145057	0	0
9.209	0.0116591	0	0
9.242	0.0136604	0	0
9.275	0.0134426	0	0
9.309	0.0137124	0	0
9.342	0.0129962	0	0
9.376	0.0145687	0	0
9.409	0.0154104	0	0
9.442	0.0116329	0	0
9.476	0.0123458	0	0
9.509	0.0175757	0	0
9.542	0.0137124	0	0
9.576	0.0154565	0	0
9.609	0.0153442	0	0
9.642	0.0148454	0	0
9.676	0.0166114	0	0
9.709	0.0165255	0	0
9.743	0.0154170	0	0
9.776	0.0163832	0	0
9.809	0.0118924	0	0
9.843	0.0161518	0	0
9.876	0.0164576	0	0
9.909	0.0180442	0	0
9.943	0.0177944	0	0
9.976	0.0169270	0	0
10.010	0.0122382	0	0
10.043	0.0192818	0	0
10.076	0.0306685	0	0
10.110	0.0297866	0	0
10.143	0.0246173	0	0
10.176	0.0200069	0	0
10.210	0.0185557	0	0
10.243	0.0198076	0	0
10.276	0.0209800	0	0
10.310	0.0180329	0	0
10.343	0.0213930	0	0
10.377	0.0222784	0	0
10.410	0.0228599	0	0
10.443	0.0220073	0	0
10.477	0.0216765	0	0
10.510	0.0209023	0	0
10.543	0.0226138	0	0
10.577	0.0197510	0	0
10.610	0.0185008	0	0
10.643	0.0192712	0	0
10.677	0.0172662	0	0
10.710	0.0183295	0	0
10.744	0.0204346	0	0
10.777	0.0118152	0	0
10.810	0.0255980	0	0
10.844	0.0293807	0	0
10.877	0.0269193	0	0
10.910	0.0247820	0	0
10.944	0.0183517	0	0
10.977	0.0176969	0	0
11.011	0.0170825	0	0
11.044	0.0139915	0	0
11.077	0.0156462	0	0
11.111	0.0157564	0	0
11.144	0.0163335	0	0
11.177	0.0116766	0	0
11.211	0.0167639	0	0
11.244	0.0101974	0	0
11.277	0.0117807	0	0
11.311	0.0119777	0	0
11.344	0.0138747	0	0
11.378	0.0126792	0	0
11.411	0.0119862	0	0
11.444	0.0134426	0	0
11.478	0.0144424	0	0
11.511	0.0114921	0	0
11.544	0.0145826	0	0
11.578	0.0149818	0	0
11.611	0.0135632	0	0
11.644	0.0145896	0	0
11.678	0.0167274	0	0
11.711	0.0173133	0	0
11.745	0.0148728	0	0
11.778	0.0135482	0	0
11.811	0.0121044	0	0
11.845	0.0151171	0	0
11.878	0.0138012	0	0
11.911	0.0136156	0	0
11.945	0.0124606	0	0
11.978	0.0146661	0	0
12.012	0.0143150	0	0
12.045	0.0343877	1	0
12.078	0.0276097	0	0
12.112	0.0239171	0	0
12.145	0.0190054	0	0
12.178	0.0173191	0	0
12.212	0.0174829	0	0
12.245	0.0173661	0	0
12.278	0.0158722	0	0
12.312	0.0171776	0	0
12.345	0.0142723	0	0
12.379	0.0145407	0	0
12.412	0.0124443	0	0
12.445	0.0122714	0	0
12.479	0.0138085	0	0
12.512	0.0156917	0	0
12.545	0.0121212	0	0
12.579	0.0117547	0	0
12.612	0.0157564	0	0
12.645	0.0164329	0	0
12.679	0.0137494	0	0
12.712	0.0150428	0	0
12.746	0.0154499	0	0
12.779	0.0134577	0	0
12.812	0.0158978	0	0
12.846	0.0148591	0	0
12.879	0.0166787	0	0
12.912	0.0147422	0	0
12.946	0.0143363	0	0
12.979	0.0174187	0	0
13.013	0.0155811	0	0
13.046	0.0153773	0	0
13.079	0.0134047	0	0
13.113	0.0119946	0	0
13.146	0.0134047	0	0
13.179	0.0130119	0	0
13.213	0.0146592	0	0
13.246	0.0148180	0	0
13.279	0.0113406	0	0
13.313	0.0151842	0	0
13.346	0.0154368	0	0
13.380	0.0160253	0	0
13.413	0.0143221	0	0
13.446	0.0127592	0	0
13.480	0.0174770	0	0
13.513	0.0156593	0	0
13.546	0.0147215	0	0
13.580	0.0130743	0	0
13.613	0.0131596	0	0
13.646	0.0122049	0	0
13.680	0.0121296	0	0
13.713	0.0133667	0	0
13.747	0.0114032	0	0
13.780	0.0145197	0	0
13.813	0.0125420	0	0
13.847	0.0152311	0	0
13.880	0.0135782	0	0
13.913	0.0105408	0	0
13.947	0.0135407	0	0
13.980	0.0145337	0	0
14.014	0.0118238	0	0
14.047	0.0149001	0	0
14.080	0.0132597	0	0
14.114	0.0159872	0	0
14.147	0.0149886	0	0
14.180	0.0162898	0	0
14.214	0.0146522	0	0
14.247	0.0148659	0	0
14.280	0.0165746	0	0
14.314	0.0150699	0	0
14.347	0.0155680	0	0
14.381	0.0154368	0	0
14.414	0.0164761	0	0
14.447	0.0122962	0	0
14.481	0.0141650	0	0
14.514	0.0164390	0	0
14.547	0.0156462	0	0
14.581	0.0114566	0	0
14.614	0.0143859	0	0
14.647	0.0167396	0	0
14.681	0.0124033	0	0
14.714	0.0146730	0	0
14.748	0.0124361	0	0
14.781	0.0156917	0	0
14.814	0.0145407	0	0
14.848	0.0139624	0	0
14.881	0.0136901	0	0
14.914	0.0147836	0	0
14.948	0.0146035	0	0
14.981	0.0135782	0	0
15.015	0.0144635	0	0
15.048	0.0123869	0	0
15.081	0.0137494	0	0
15.115	0.0149886	0	0
15.148	0.0159617	0	0
15.181	0.0160697	0	0
15.215	0.0143859	0	0
15.248	0.0140351	0	0
15.281	0.0151103	0	0
15.315	0.0133743	0	0
15.348	0.0130743	0	0
15.382	0.0126470	0	0
15.415	0.0147698	0	0
15.448	0.0125258	0	0
15.482	0.0129491	0	0
15.515	0.0132827	0	0
15.548	0.0165562	0	0
15.582	0.0129255	0	0
15.615	0.0151641	0	0
15.648	0.0144776	0	0
15.682	0.0125663	0	0
15.715	0.0125420	0	0
15.749	0.0117634	0	0
15.782	0.0146522	0	0
15.815	0.0133362	0	0
15.849	0.0136006	0	0
15.882	0.0129648	0	0
15.915	0.0139040	0	0
15.949	0.0130665	0	0
15.982	0.0122298	0	0
16.016	0.0137568	0	0
16.049	0.0150293	0	0
16.082	0.0170706	0	0
16.116	0.0133591	0	0
16.149	0.0151775	0	0
16.182	0.0138673	0	0
16.216	0.0149886	0	0
16.249	0.0155941	0	0
16.282	0.0138233	0	0
16.316	0.0179140	0	0
16.349	0.0123951	0	0
16.383	0.0130509	0	0
16.416	0.0118753	0	0
16.449	0.0114478	0	0
16.483	0.0131982	0	0
16.516	0.0139040	0	0
16.549	0.0173074	0	0
16.583	0.0142438	0	0
16.616	0.0156007	0	0
16.649	0.0146175	0	0
16.683	0.0125177	0	0
16.716	0.0136455	0	0
16.750	0.0144987	0	0
16.783	0.0110221	0	0
16.816	0.0139113	0	0
16.850	0.0121128	0	0
16.883	0.0149001	0	0
16.916	0.0132827	0	0
16.950	0.0114655	0	0
16.983	0.0122714	0	0
17.017	0.0137790	0	0
17.050	0.0149138	0	0
17.083	0.0136529	0	0
17.117	0.0137420	0	0
17.150	0.0160253	0	0
17.183	0.0171894	0	0
17.217	0.0141362	0	0
17.250	0.0142937	0	0
17.283	0.0127671	0	0
17.317	0.0130587	0	0
17.350	0.0158144	0	0
17.384	0.0129491	0	0
17.417	0.0140351	0	0
17.450	0.0162210	0	0
17.484	0.0169209	0	0
17.517	0.0108921	0	0
17.550	0.0130743	0	0
17.584	0.0120539	0	0
17.617	0.0120623	0	0
17.650	0.0133057	0	0
17.684	0.0152244	0	0
17.717	0.0146244	0	0
17.751	0.0152043	0	0
17.784	0.0103459	0	0
17.817	0.0094947	0	0
17.851	0.0116766	0	0
17.884	0.0115451	0	0
17.917	0.0145687	0	0
17.951	0.0131441	0	0
17.984	0.0115715	0	0
18.018	0.0158722	0	0
18.051	0.0136231	0	0
18.084	0.0148454	0	0
18.118	0.0153110	0	0
18.151	0.0139551	0	0
18.184	0.0150022	0	0
18.218	0.0161266	0	0
18.251	0.0136081	0	0
18.284	0.0114121	0	0
18.318	0.0127751	0	0
18.351	0.0134804	0	0
18.385	0.0123458	0	0
18.418	0.0113226	0	0
18.451	0.0130665	0	0
18.485	0.0130275	0	0
18.518	0.0126952	0	0
18.551	0.0118667	0	0
18.585	0.0150225	0	0
18.618	0.0145407	0	0
18.651	0.0161707	0	0
18.685	0.0149954	0	0
18.718	0.0160190	0	0
18.752	0.0141650	0	0
18.785	0.0142723	0	0
18.818	0.0121798	0	0
18.852	0.0136752	0	0
18.885	0.0132597	0	0
18.918	0.0123045	0	0
18.952	0.0131519	0	0
18.985	0.0138159	0	0
19.019	0.0162523	0	0
19.052	0.0140423	0	0
19.085	0.0141506	0	0
19.119	0.0136305	0	0
19.152	0.0140713	0	0
19.185	0.0140351	0	0
19.219	0.0138306	0	0
19.252	0.0129177	0	0
19.285	0.0152577	0	0
19.319	0.0130587	0	0
19.352	0.0149342	0	0
19.386	0.0154038	0	0
19.419	0.0170527	0	0
19.452	0.0127512	0	0
19.486	0.0161959	0	0
19.519	0.0138453	0	0
19.552	0.0127592	0	0
19.586	0.0154170	0	0
19.619	0.0139842	0	0
19.652	0.0162084	0	0
19.686	0.0156982	0	0
19.719	0.0152043	0	0
19.753	0.0158658	0	0
19.786	0.0181454	0	0
19.819	0.0158594	0	0
19.853	0.0157111	0	0
19.886	0.0170229	0	0
19.919	0.0158914	0	0
19.953	0.0154828	0	0
19.986	0.0148180	0	0
20.020	0.0144706	0	0
20.053	0.0134653	0	0
20.086	0.0191494	0	0
20.120	0.0165562	0	0
20.153	0.0145127	0	0
20.186	0.0118238	0	0
20.220	0.0123128	0	0
20.253	0.0158209	0	0
20.286	0.0120792	0	0
20.320	0.0149342	0	0
20.353	0.0148111	0	0
20.387	0.0113585	0	0
20.420	0.0133591	0	0
20.453	0.0141506	0	0
20.487	0.0139842	0	0
20.520	0.0140568	0	0
20.553	0.0143505	0	0
20.587	0.0139697	0	0
20.620	0.0134123	0	0
20.653	0.0130119	0	0
20.687	0.0149001	0	0
20.720	0.0142652	0	0
20.754	0.0182739	0	0
20.787	0.0163459	0	0
20.820	0.0158144	0	0
20.854	0.0143859	0	0
20.887	0.0155746	0	0
20.920	0.0148522	0	0
20.954	0.0137050	0	0
20.987	0.0154697	0	0
21.021	0.0153309	0	0
21.054	0.0159234	0	0
21.087	0.0146661	0	0
21.121	0.0138820	0	0
21.154	0.0164081	0	0
21.187	0.0163085	0	0
21.221	0.0151775	0	0
21.254	0.0152911	0	0
21.287	0.0132674	0	0
21.321	0.0140713	0	0
21.354	0.0123951	0	0
21.388	0.0216483	0	0
21.421	0.0137642	0	0
21.454	0.0161455	0	0
21.488	0.0162210	0	0
21.521	0.0158466	0	0
21.554	0.0143150	0	0
21.588	0.0165316	0	0
21.621	0.0133819	0	0
21.654	0.0167335	0	0
21.688	0.0104146	0	0
21.721	0.0140206	0	0
21.755	0.0155288	0	0
21.788	0.0182349	0	0
21.821	0.0176335	0	0
21.855	0.0139332	0	0
21.888	0.0111506	0	0
21.921	0.0131982	0	0
21.955	0.0157564	0	0
21.988	0.0164638	0	0
22.022	0.0161077	0	0
22.055	0.0197870	0	0
22.088	0.0109014	0	0
22.122	0.0152911	0	0
22.155	0.0136006	0	0
22.188	0.0141937	0	0
22.222	0.0156202	0	0
22.255	0.0145756	0	0
22.288	0.0154038	0	0
22.322	0.0159426	0	0
22.355	0.0142723	0	0
22.389	0.0151238	0	0
22.422	0.0133439	0	0
22.455	0.0160507	0	0
22.489	0.0130431	0	0
22.522	0.0163335	0	0
22.555	0.0133133	0	0
22.589	0.0143789	0	0
22.622	0.0154762	0	0
22.655	0.0162210	0	0
22.689	0.0161518	0	0
22.722	0.0124279	0	0
22.756	0.0160760	0	0
22.789	0.0120792	0	0
22.822	0.0114655	0	0
22.856	0.0141074	0	0
22.889	0.0149886	0	0
22.922	0.0155811	0	0
22.956	0.0164576	0	0
22.989	0.0133591	0	0
23.023	0.0151103	0	0
23.056	0.0152844	0	0
23.089	0.0157111	0	0
23.123	0.0155288	0	0
23.156	0.0163335	0	0
23.189	0.0213930	0	1
23.223	0.0328719	0	0
23.256	0.0383014	0	0
23.289	0.0377367	0	0
23.323	0.0318085	0	0
23.356	0.0294050	0	0
23.390	0.0251124	0	0
23.423	0.0228733	0	0
23.456	0.0214073	0	0
23.490	0.0206574	0	0
23.523	0.0185831	0	0
23.556	0.0161707	0	0
23.590	0.0171182	0	0
23.623	0.0173309	0	0
23.656	0.0189303	0	0
23.690	0.0169870	0	0
23.723	0.0144987	0	0
23.757	0.0159681	0	0
23.790	0.0153641	0	0
23.823	0.0166665	0	0
23.857	0.0163273	0	0
23.890	0.0167335	0	0
23.923	0.0141937	0	0
23.957	0.0191068	0	0
23.990	0.0174945	0	0
24.024	0.0158144	0	0
24.057	0.0153972	0	0
24.090	0.0175119	0	0
24.124	0.0206229	0	0
24.157	0.0158080	0	0
24.190	0.0157500	0	0
24.224	0.0129019	0	0
24.257	0.0167152	0	0
24.290	0.0160380	0	0
24.324	0.0186432	0	0
24.357	0.0151171	0	0
24.391	0.0173661	0	0
24.424	0.0153376	0	0
24.457	0.0145267	0	0
24.491	0.0166665	0	0
24.524	0.0144212	0	0
24.557	0.0164081	0	0
24.591	0.0161770	0	0
24.624	0.0169989	0	0
24.657	0.0176278	0	0
24.691	0.0163397	0	0
24.724	0.0152377	0	0
24.758	0.0148728	0	0
24.791	0.0145687	0	0
24.824	0.0154499	0	0
24.858	0.0220211	0	0
24.891	0.0298105	0	0
24.924	0.0287188	0	0
24.958	0.0273988	0	0
24.991	0.0278628	0	0
25.025	0.0232089	0	0
25.058	0.0215824	0	0
25.091	0.0203897	0	0
25.125	0.0179481	0	0
25.158	0.0168365	0	0
25.191	0.0191334	0	0
25.225	0.0161833	0	0
25.258	0.0171420	0	0
25.291	0.0153575	0	0
25.325	0.0197561	0	0
25.358	0.0163957	0	0
25.392	0.0152511	0	0
25.425	0.0160697	0	0
25.458	0.0169510	0	0
25.492	0.0176796	0	0
25.525	0.0171182	0	0
25.558	0.0149274	0	0
25.592	0.0185776	0	0
25.625	0.0182014	0	0
25.658	0.0146175	0	0
25.692	0.0157758	0	0
25.725	0.0132980	0	0
25.759	0.0164329	0	0
25.792	0.0156657	0	0
25.825	0.0160950	0	0
25.859	0.0145057	0	0
25.892	0.0127671	0	0
25.925	0.0138380	0	0
25.959	0.0166665	0	0
25.992	0.0170348	0	0
26.026	0.0165193	0	0
26.059	0.0161455	0	0
26.092	0.0174945	0	0
26.126	0.0148180	0	0
26.159	0.0153309	0	0
26.192	0.0191759	0	0
26.226	0.0193292	0	0
26.259	0.0205834	0	0
26.292	0.0182516	0	0
26.326	0.0219934	0	0
26.359	0.0196269	0	0
26.393	0.0189142	0	0
26.426	0.0209120	0	0
26.459	0.0348783	0	0
26.493	0.0430870	0	0
26.526	0.0425117	0	0
26.559	0.0382429	0	0
26.593	0.0359924	1	0
26.626	0.0314870	0	0
26.659	0.0296531	0	0
26.693	0.0283156	0	0
26.726	0.0277970	0	0
26.760	0.0284017	0	0
26.793	0.0285446	0	0
26.826	0.0266687	0	0
26.860	0.0282868	0	0
26.893	0.0280810	0	0
26.926	0.0262534	0	0
26.960	0.0200221	0	0
26.993	0.0202596	0	0
27.027	0.0167760	0	0
27.060	0.0179481	0	0
27.093	0.0164638	0	0
27.127	0.0171123	0	0
27.160	0.0171657	0	0
27.193	0.0181958	0	0
27.227	0.0190482	0	0
27.260	0.0197458	0	0
27.293	0.0178913	0	0
27.327	0.0156787	0	0
27.360	0.0195178	0	0
27.394	0.0192077	0	0
27.427	0.0179651	0	0
27.460	0.0179311	0	0
27.494	0.0176047	0	0
27.527	0.0156007	0	0
27.560	0.0176911	0	0
27.594	0.0167881	0	0
27.627	0.0183406	0	0
27.660	0.0196218	0	0
27.694	0.0193450	0	0
27.727	0.0198742	0	0
27.761	0.0190588	0	0
27.794	0.0186105	0	0
27.827	0.0195178	0	0
27.861	0.0186542	0	0
27.894	0.0191653	0	0
27.927	0.0185008	0	0
27.961	0.0204197	0	0
27.994	0.0200323	0	0
28.028	0.0172662	0	0
28.061	0.0181173	0	0
28.094	0.0174479	0	0
28.128	0.0193134	0	0
28.161	0.0164823	0	0
28.194	0.0191653	0	0
28.228	0.0198537	0	0
28.261	0.0192976	0	0
28.294	0.0158209	0	0
28.328	0.0155484	0	0
28.361	0.0174012	0	0
28.395	0.0185557	0	0
28.428	0.0148454	0	0
28.461	0.0181117	0	0
28.495	0.0149750	0	0
28.528	0.0164452	0	0
28.561	0.0200120	0	0
28.595	0.0202696	0	0
28.628	0.0198793	0	0
28.661	0.0193975	0	0
28.695	0.0190802	0	0
28.728	0.0187792	0	0
28.762	0.0165070	0	0
28.795	0.0212019	0	0
28.828	0.0284554	0	0
28.862	0.0289200	0	0
28.895	0.0291129	0	0
28.928	0.0290289	0	0
28.962	0.0278372	0	0
28.995	0.0280375	0	0
29.029	0.0225101	0	0
29.062	0.0269571	0	0
29.095	0.0274952	0	0
29.129	0.0253182	0	0
29.162	0.0255024	0	0
29.195	0.0253624	0	0
29.229	0.0242592	0	0
29.262	0.0210285	0	0
29.295	0.0244888	0	0
29.329	0.0219841	0	0
29.362	0.0194917	0	0
29.396	0.0201387	0	0
29.429	0.0212594	0	0
29.462	0.0211731	0	0
29.496	0.0234444	0	0
29.529	0.0215116	0	0
29.562	0.0219841	0	0
29.596	0.0220165	0	0
29.629	0.0228243	0	0
29.662	0.0216013	0	0
29.696	0.0222921	0	0
29.729	0.0199509	0	0
29.763	0.0220673	0	0
29.796	0.0188387	0	0
29.829	0.0212355	0	0
29.863	0.0209509	0	0
29.896	0.0181398	0	0
29.929	0.0186977	0	0
29.963	0.0205686	0	0
29.996	0.0207165	0	0
30.030	0.0202445	0	0
30.063	0.0205735	0	0
30.096	0.0191175	0	0
30.130	0.0197716	0	0
30.163	0.0244181	0	1
30.196	0.0337727	0	0
30.230	0.0344734	0	0
30.263	0.0310444	0	0
30.296	0.0295637	0	0
30.330	0.0266953	0	0
30.363	0.0266228	0	0
30.397	0.0262534	0	0
30.430	0.0256773	0	0
30.463	0.0228866	0	0
30.497	0.0238276	0	0
30.530	0.0219980	0	0
30.563	0.0258590	0	0
30.597	0.0212115	0	0
30.630	0.0214737	0	0
30.663	0.0233792	0	0
30.697	0.0211491	0	0
30.730	0.0235484	0	0
30.764	0.0221455	0	0
30.797	0.0209120	0	0
30.830	0.0191812	0	0
30.864	0.0229754	0	0
30.897	0.0221822	0	0
30.930	0.0202646	0	0
30.964	0.0233400	0	0
30.997	0.0198793	0	0
31.031	0.0205983	0	0
31.064	0.0213645	0	0
31.097	0.0221639	0	0
31.131	0.0234053	0	0
31.164	0.0179934	0	0
31.197	0.0201690	0	0
31.231	0.0229798	0	0
31.264	0.0225282	0	0
31.297	0.0221685	0	0
31.331	0.0203248	0	0
31.364	0.0202495	0	0
31.398	0.0191228	0	0
31.431	0.0215447	0	0
31.464	0.0195594	0	0
31.498	0.0198230	0	0
31.531	0.0189303	0	0
31.564	0.0205587	0	0
31.598	0.0197870	0	0
31.631	0.0216906	0	0
31.664	0.0211009	0	0
31.698	0.0221639	0	0
31.731	0.0186487	0	0
31.765	0.0174829	0	0
31.798	0.0188711	0	0
31.831	0.0188333	0	0
31.865	0.0189786	0	0
31.898	0.0192923	0	0
31.931	0.0185393	0	0
31.965	0.0186868	0	0
31.998	0.0194656	0	0
32.032	0.0208682	0	0
32.065	0.0192077	0	0
32.098	0.0178001	0	0
32.132	0.0191547	0	0
32.165	0.0181061	0	0
32.198	0.0176681	0	0
32.232	0.0199967	0	0
32.265	0.0205983	0	0
32.298	0.0200069	0	0
32.332	0.0159298	0	0
32.365	0.0189142	0	0
32.399	0.0191015	0	0
32.432	0.0199356	0	0
32.465	0.0205438	0	0
32.499	0.0233749	0	0
32.532	0.0210961	0	0
32.565	0.0197200	0	0
32.599	0.0200120	0	0
32.632	0.0195230	0	0
32.665	0.0207802	0	0
32.699	0.0209994	0	0
32.732	0.0206377	0	0
32.766	0.0225010	0	0
32.799	0.0200526	0	0
32.832	0.0212929	0	0
32.866	0.0202143	0	0
32.899	0.0212115	0	0
32.932	0.0208047	0	0
32.966	0.0229266	0	0
32.999	0.0203398	0	0
33.033	0.0184402	0	0
33.066	0.0188387	0	0
33.099	0.0192923	0	0
33.133	0.0193239	0	0
33.166	0.0196010	0	0
33.199	0.0182628	0	0
33.233	0.0188495	0	0
33.266	0.0158401	0	0
33.299	0.0195594	0	0
33.333	0.0188441	0	0
33.366	0.0198332	0	0
33.400	0.0207655	0	0
33.433	0.0196425	0	0
33.466	0.0208340	0	0
33.500	0.0187086	0	0
33.533	0.0204047	0	0
33.566	0.0206476	0	0
33.600	0.0195334	0	0
33.633	0.0196580	0	0
33.666	0.0201185	0	0
33.700	0.0201841	0	0
33.733	0.0193713	0	0
33.767	0.0204595	0	0
33.800	0.0211202	0	0
33.833	0.0210623	0	0
33.867	0.0220857	0	0
33.900	0.0212594	0	0
33.933	0.0244639	0	0
33.967	0.0204744	0	0
34.000	0.0223012	0	0
34.034	0.0187846	0	0
34.067	0.0206476	0	0
34.100	0.0197304	0	0
34.134	0.0191971	0	0
34.167	0.0171123	0	0
34.200	0.0182906	0	0
34.234	0.0155680	0	0
34.267	0.0242046	0	0
34.300	0.0323540	0	0
34.334	0.0392098	0	0
34.367	0.0393083	0	0
34.401	0.0388867	0	0
34.434	0.0323634	1	0
34.467	0.0261485	0	0
34.501	0.0211539	0	0
34.534	0.0215447	0	0
34.567	0.0173015	0	0
34.601	0.0194080	0	0
34.634	0.0176796	0	0
34.667	0.0191388	0	0
34.701	0.0146175	0	0
34.734	0.0120285	0	0
34.768	0.0139186	0	0
34.801	0.0135331	0	0
34.834	0.0134955	0	0
34.868	0.0163397	0	0
34.901	0.0148865	0	0
34.934	0.0100971	0	0
34.968	0.0133057	0	0
35.001	0.0128069	0	0
35.035	0.0138673	0	0
35.068	0.0128940	0	0
35.101	0.0119521	0	0
35.135	0.0116591	0	0
35.168	0.0129334	0	0
35.201	0.0139624	0	0
35.235	0.0147215	0	0
35.268	0.0132827	0	0
35.301	0.0158786	0	0
35.335	0.0145547	0	0
35.368	0.0159745	0	0
35.402	0.0138085	0	0
35.435	0.0145057	0	0
35.468	0.0181117	0	0
35.502	0.0166237	0	0
35.535	0.0137272	0	0
35.568	0.0136006	0	0
35.602	0.0148180	0	0
35.635	0.0130665	0	0
35.668	0.0193029	0	0
35.702	0.0157822	0	0
35.735	0.0146244	0	0
35.769	0.0186378	0	0
35.802	0.0263732	0	0
35.835	0.0400519	0	0
35.869	0.0433225	0	0
35.902	0.0426884	0	0
35.935	0.0410357	0	0
35.969	0.0427623	0	0
36.002	0.0422645	0	0
36.036	0.0429285	0	0
36.069	0.0365757	0	0
36.102	0.0340577	0	0
36.136	0.0323603	1	0
36.169	0.0313380	0	0
36.202	0.0319839	0	0
36.236	0.0300823	0	0
36.269	0.0291164	0	0
36.302	0.0304654	0	0
36.336	0.0269571	0	0
36.369	0.0265271	0	0
36.403	0.0280085	0	0
36.436	0.0249783	0	0
36.469	0.0278920	0	0
36.503	0.0239978	0	0
36.536	0.0272312	0	0
36.569	0.0243931	0	0
36.603	0.0258983	0	0
36.636	0.0266839	0	0
36.669	0.0263462	0	0
36.703	0.0265348	0	0
36.736	0.0258472	0	0
36.770	0.0251610	0	0
36.803	0.0250759	0	0
36.836	0.0252054	0	0
36.870	0.0221777	0	0
36.903	0.0237848	0	0
36.936	0.0263114	0	0
36.970	0.0235094	0	0
37.003	0.0237291	0	0
37.037	0.0243597	0	0
37.070	0.0233051	0	0
37.103	0.0234878	0	0
37.137	0.0244139	0	0
37.170	0.0231826	0	0
37.203	0.0232658	0	0
37.237	0.0209606	0	0
37.270	0.0233400	0	0
37.303	0.0216718	0	0
37.337	0.0229488	0	0
37.370	0.0227126	0	0
37.404	0.0227707	0	0
37.437	0.0214168	0	0
37.470	0.0260120	0	0
37.504	0.0258354	0	0
37.537	0.0247656	0	0
37.570	0.0270136	0	0
37.604	0.0242424	0	0
37.637	0.0279903	0	0
37.670	0.0264002	0	0
37.704	0.0246544	0	0
37.737	0.0247080	0	0
37.771	0.0214310	0	0
37.804	0.0218075	0	0
37.837	0.0225688	0	0
37.871	0.0230770	0	0
37.904	0.0226722	0	0
37.937	0.0241668	0	0
37.971	0.0215636	0	0
38.004	0.0216530	0	0
38.038	0.0224376	0	0
38.071	0.0231913	0	0
38.104	0.0253423	0	0
38.138	0.0349453	0	0
38.171	0.0414649	0	0
38.204	0.0423126	0	0
38.238	0.0437920	0	0
38.271	0.0411842	0	0
38.304	0.0349774	0	0
38.338	0.0327385	1	0
38.371	0.0296874	0	0
38.405	0.0320665	1	0
38.438	0.0275543	0	0
38.471	0.0279794	0	0
38.505	0.0275026	0	0
38.538	0.0260940	0	0
38.571	0.0282040	0	0
38.605	0.0277163	0	0
38.638	0.0286762	0	0
38.671	0.0284089	0	0
38.705	0.0290674	0	0
38.738	0.0286052	0	0
38.772	0.0283228	0	0
38.805	0.0269835	0	0
38.838	0.0240528	0	0
38.872	0.0227618	0	0
38.905	0.0226722	0	0
38.938	0.0249783	0	0
38.972	0.0233313	0	0
39.005	0.0221777	0	0
39.039	0.0202244	0	0
39.072	0.0230770	0	0
39.105	0.0225101	0	0
39.139	0.0225372	0	0
39.172	0.0197407	0	0
39.205	0.0219841	0	0
39.239	0.0211394	0	0
39.272	0.0223604	0	0
39.305	0.0224059	0	0
39.339	0.0200577	0	0
39.372	0.0206229	0	0
39.406	0.0221409	0	0
39.439	0.0212881	0	0
39.472	0.0230063	0	0
39.506	0.0205686	0	0
39.539	0.0211779	0	0
39.572	0.0214500	0	0
39.606	0.0197973	0	0
39.639	0.0193818	0	0
39.672	0.0217515	0	0
39.706	0.0205438	0	0
39.739	0.0187629	0	0
39.773	0.0221777	0	0
39.806	0.0306353	0	0
39.839	0.0338118	1	0
39.873	0.0315677	0	0
39.906	0.0290604	0	0
39.939	0.0282148	0	0
39.973	0.0286123	0	0
40.006	0.0276244	0	0
40.040	0.0258826	0	0
40.073	0.0277053	0	0
40.106	0.0237034	0	0
40.140	0.0245842	0	0
40.173	0.0236991	0	0
40.206	0.0228109	0	0
40.240	0.0247327	0	0
40.273	0.0235397	0	0
40.306	0.0240697	0	0
40.340	0.0225643	0	0
40.373	0.0249824	0	0
40.407	0.0276833	0	0
40.440	0.0261096	0	0
40.473	0.0228288	0	0
40.507	0.0219378	0	0
40.540	0.0254824	0	0
40.573	0.0244389	0	0
40.607	0.0242760	0	0
40.640	0.0240866	0	0
40.673	0.0229798	0	0
40.707	0.0256139	0	0
40.740	0.0247574	0	0
40.774	0.0241752	0	0
40.807	0.0261446	0	0
40.840	0.0315290	0	0
40.874	0.0381417	0	0
40.907	0.0369355	0	0
40.940	0.0360376	0	0
40.974	0.0351051	0	0
41.007	0.0331370	1	0
41.041	0.0285161	0	0
41.074	0.0312307	0	0
41.107	0.0295878	0	0
41.141	0.0281462	0	0
41.174	0.0259101	0	0
41.207	0.0287365	0	0
41.241	0.0259572	0	0
41.274	0.0247327	0	0
41.307	0.0264002	0	0
41.341	0.0278956	0	0
41.374	0.0229665	0	0
41.408	0.0242088	0	0
41.441	0.0289727	0	0
41.474	0.0239893	0	0
41.508	0.0238574	0	0
41.541	0.0229266	0	0
41.574	0.0236088	0	0
41.608	0.0217093	0	0
41.641	0.0221593	0	0
41.674	0.0218914	0	0
41.708	0.0246090	0	0
41.741	0.0236002	0	0
41.775	0.0239086	0	0
41.808	0.0225236	0	0
41.841	0.0248272	0	0
41.875	0.0223741	0	0
41.908	0.0325765	0	0
41.941	0.0474111	0	0
41.975	0.0500157	0	0
42.008	0.0455750	0	0
42.042	0.0413985	0	0
42.075	0.0357228	1	0
42.108	0.0315773	0	0
42.142	0.0266877	0	0
42.175	0.0272723	0	0
42.208	0.0287577	0	0
42.242	0.0312307	0	0
42.275	0.0285161	0	0
42.308	0.0273951	0	0
42.342	0.0239298	0	0
42.375	0.0280702	0	0
42.409	0.0281679	0	0
42.442	0.0259767	0	0
42.475	0.0262844	0	0
42.509	0.0263539	0	0
42.542	0.0286869	0	0
42.575	0.0264426	0	0
42.609	0.0260354	0	0
42.642	0.0248190	0	0
42.675	0.0241288	0	0
42.709	0.0250800	0	0
42.742	0.0245593	0	0
42.776	0.0254105	0	0
42.809	0.0254305	0	0
42.842	0.0269344	0	0
42.876	0.0239298	0	0
42.909	0.0240655	0	0
42.942	0.0255064	0	0
42.976	0.0245469	0	0
43.009	0.0251731	0	0
43.043	0.0290324	0	0
43.076	0.0322437	0	0
43.109	0.0361447	0	0
43.143	0.0330602	0	0
43.176	0.0332932	0	0
43.209	0.0324451	1	0
43.243	0.0326607	1	0
43.276	0.0316128	0	0
43.309	0.0349948	1	0
43.343	0.0383253	1	0
43.376	0.0408742	1	0
43.410	0.0376828	1	0
43.443	0.0353103	1	0
43.476	0.0345559	1	0
43.510	0.0320189	1	0
43.543	0.0312372	0	0
43.576	0.0304588	0	0
43.610	0.0289622	0	0
43.643	0.0243931	0	0
43.676	0.0266839	0	0
43.710	0.0265999	0	0
43.743	0.0261213	0	0
43.777	0.0257367	0	0
43.810	0.0238787	0	0
43.843	0.0237420	0	0
43.877	0.0225778	0	0
43.910	0.0241499	0	0
43.943	0.0219888	0	0
43.977	0.0220765	0	0
44.010	0.0214595	0	0
44.044	0.0226632	0	0
44.077	0.0217187	0	0
44.110	0.0211875	0	0
44.144	0.0207704	0	0
44.177	0.0212499	0	0
44.210	0.0227931	0	0
44.244	0.0218821	0	0
44.277	0.0202395	0	0
44.310	0.0212738	0	0
44.344	0.0196942	0	0
44.377	0.0202294	0	0
44.411	0.0166543	0	0
44.444	0.0183517	0	0
44.477	0.0200171	0	0
44.511	0.0183739	0	0
44.544	0.0205884	0	0
44.577	0.0211250	0	0
44.611	0.0216859	0	0
44.644	0.0192923	0	0
44.677	0.0215730	0	0
44.711	0.0211394	0	0
44.744	0.0211394	0	0
44.778	0.0212451	0	0
44.811	0.0166970	0	0
44.844	0.0198896	0	0
44.878	0.0247368	0	0
44.911	0.0216483	0	0
44.944	0.0208877	0	0
44.978	0.0215966	0	0
45.011	0.0235354	0	0
45.045	0.0229000	0	0
45.078	0.0207998	0	0
45.111	0.0199916	0	0
45.145	0.0200982	0	0
45.178	0.0221409	0	0
45.211	0.0209606	0	0
45.245	0.0190054	0	0
45.278	0.0206427	0	0
45.311	0.0197613	0	0
45.345	0.0216718	0	0
45.378	0.0239808	0	0
45.412	0.0263424	0	0
45.445	0.0270287	0	0
45.478	0.0253503	0	0
45.512	0.0263037	0	0
45.545	0.0247121	0	0
45.578	0.0260276	0	0
45.612	0.0261057	0	0
45.645	0.0239000	0	0
45.678	0.0271189	0	0
45.712	0.0253984	0	0
45.745	0.0247944	0	0
45.779	0.0268094	0	0
45.812	0.0268625	0	0
45.845	0.0358167	0	0
45.879	0.0467520	0	0
45.912	0.0457577	0	0
45.945	0.0472994	0	0
45.979	0.0431578	0	0
46.012	0.0415531	0	0
46.046	0.0368169	1	0
46.079	0.0356001	1	0
46.112	0.0374906	1	0
46.146	0.0328006	1	0
46.179	0.0322595	1	0
46.212	0.0342424	1	0
46.246	0.0337817	1	0
46.279	0.0328657	1	0
46.312	0.0299874	0	0
46.346	0.0316546	0	0
46.379	0.0327510	1	0
46.413	0.0305322	0	0
46.446	0.0313250	0	0
46.479	0.0333696	1	0
46.513	0.0294741	0	0
46.546	0.0288848	0	0
46.579	0.0277640	0	0
46.613	0.0285625	0	0
46.646	0.0268928	0	0
46.679	0.0285803	0	0
46.713	0.0288778	0	0
46.746	0.0286940	0	0
46.780	0.0269948	0	0
46.813	0.0270023	0	0
46.846	0.0282832	0	0
46.880	0.0280629	0	0
46.913	0.0273542	0	0
46.946	0.0279357	0	0
46.980	0.0300857	0	0
47.013	0.0288813	0	0
47.047	0.0275876	0	0
47.080	0.0268701	0	0
47.113	0.0275174	0	0
47.147	0.0273319	0	0
47.180	0.0273765	0	0
47.213	0.0294775	0	0
47.247	0.0298582	0	0
47.280	0.0311752	0	0
47.313	0.0282364	0	0
47.347	0.0279321	0	0
47.380	0.0271901	0	0
47.414	0.0296393	0	0
47.447	0.0286904	0	0
47.480	0.0290148	0	0
47.514	0.0317893	0	0
47.547	0.0331953	0	0
47.580	0.0359698	0	0
47.614	0.0422259	0	0
47.647	0.0492696	0	0
47.680	0.0506163	0	0
47.714	0.0537269	0	0
47.747	0.0539179	0	0
47.781	0.0530696	0	0
47.814	0.0557365	0	0
47.847	0.0537364	0	0
47.881	0.0543895	0	0
47.914	0.0522328	1	0
47.947	0.0525997	1	0
47.981	0.0513606	1	0
48.014	0.0517061	1	0
48.048	0.0505479	1	0
48.081	0.0536398	1	0
48.114	0.0549515	1	0
48.148	0.0546247	1	0
48.181	0.0535505	1	0
48.214	0.0556598	1	0
48.248	0.0531500	1	0
48.281	0.0541420	1	0
48.314	0.0532686	1	0
48.348	0.0540065	1	0
48.381	0.0534612	1	0
48.415	0.0514259	1	0
48.448	0.0483419	1	0
48.481	0.0459020	1	0
48.515	0.0432779	1	0
48.548	0.0378659	1	0
48.581	0.0334548	1	0
48.615	0.0303952	0	0
48.648	0.0294188	0	0
48.681	0.0293565	0	0
48.715	0.0296256	0	0
48.748	0.0274470	0	0
48.782	0.0281426	0	0
48.815	0.0281281	0	0
48.848	0.0273468	0	0
48.882	0.0262029	0	0
48.915	0.0252941	0	0
48.948	0.0249987	0	0
48.982	0.0225823	0	0
49.015	0.0223877	0	0
49.049	0.0238147	0	0
49.082	0.0230638	0	0
49.115	0.0223058	0	0
49.149	0.0242760	0	0
49.182	0.0221363	0	0
49.215	0.0235311	0	0
49.249	0.0222875	0	0
49.282	0.0241035	0	0
49.315	0.0250272	0	0
49.349	0.0236561	0	0
49.382	0.0247492	0	0
49.416	0.0245510	0	0
49.449	0.0241499	0	0
49.482	0.0222555	0	0
49.516	0.0237848	0	0
49.549	0.0218495	0	0
49.582	0.0251327	0	0
49.616	0.0246049	0	0
49.649	0.0242424	0	0
49.682	0.0216248	0	0
49.716	0.0247903	0	0
49.749	0.0230594	0	0
49.783	0.0226588	0	0
49.816	0.0232746	0	0
49.849	0.0248067	0	0
49.883	0.0248026	0	0
49.916	0.0239128	0	0
49.949	0.0292140	0	0
49.983	0.0409364	0	0
50.016	0.0472865	0	0
50.050	0.0477767	0	0
50.083	0.0438988	0	0
50.116	0.0372838	0	0
50.150	0.0359443	1	0
50.183	0.0326015	1	0
50.216	0.0312892	0	0
50.250	0.0302173	0	0
50.283	0.0298855	0	0
50.316	0.0300857	0	0
50.350	0.0286904	0	0
50.383	0.0272312	0	0
50.417	0.0276244	0	0
50.450	0.0273579	0	0
50.483	0.0289552	0	0
50.517	0.0273468	0	0
50.550	0.0264156	0	0
50.583	0.0256258	0	0
50.617	0.0288319	0	0
50.650	0.0266839	0	0
50.683	0.0284518	0	0
50.717	0.0286443	0	0
50.750	0.0273505	0	0
50.784	0.0274211	0	0
50.817	0.0293045	0	0
50.850	0.0288354	0	0
50.884	0.0260667	0	0
50.917	0.0274174	0	0
50.950	0.0272499	0	0
50.984	0.0263925	0	0
51.017	0.0275876	0	0
51.051	0.0260901	0	0
51.084	0.0276759	0	0
51.117	0.0291129	0	0
51.151	0.0272909	0	0
51.184	0.0269985	0	0
51.217	0.0279539	0	0
51.251	0.0293738	0	0
51.284	0.0298173	0	0
51.317	0.0276870	0	0
51.351	0.0274433	0	0
51.384	0.0294534	0	0
51.418	0.0252095	0	0
51.451	0.0266915	0	0
51.484	0.0271001	0	0
51.518	0.0258432	0	0
51.551	0.0276023	0	0
51.584	0.0288390	0	0
51.618	0.0255502	0	0
51.651	0.0258550	0	0
51.684	0.0274767	0	0
51.718	0.0265348	0	0
51.751	0.0252739	0	0
51.785	0.0328347	0	0
51.818	0.0392046	0	0
51.851	0.0436920	0	0
51.885	0.0404840	0	0
51.918	0.0386426	0	0
51.951	0.0403531	0	0
51.985	0.0366007	1	0
52.018	0.0373574	1	0
52.052	0.0347673	1	0
52.085	0.0358621	1	0
52.118	0.0355200	1	0
52.152	0.0342424	1	0
52.185	0.0334366	1	0
52.218	0.0354168	1	0
52.252	0.0340158	1	0
52.285	0.0335308	1	0
52.318	0.0317733	0	0
52.352	0.0329986	1	0
52.385	0.0314741	0	0
52.419	0.0314482	0	0
52.452	0.0317541	0	0
52.485	0.0321489	1	0
52.519	0.0326046	1	0
52.552	0.0333970	1	0
52.585	0.0323886	1	0
52.619	0.0304621	0	0
52.652	0.0313315	0	0
52.685	0.0315999	0	0
52.719	0.0334214	1	0
52.752	0.0328037	1	0
52.786	0.0316514	0	0
52.819	0.0325796	1	0
52.852	0.0317861	0	0
52.886	0.0319139	0	0
52.919	0.0322847	1	0
52.952	0.0326358	1	0
52.986	0.0303617	0	0
53.019	0.0309064	0	0
53.053	0.0301634	0	0
53.086	0.0308900	0	0
53.119	0.0289235	0	0
53.153	0.0305388	0	0
53.186	0.0310083	0	0
53.219	0.0319043	0	0
53.253	0.0290954	0	0
53.286	0.0288319	0	0
53.319	0.0293565	0	0
53.353	0.0290919	0	0
53.386	0.0291094	0	0
53.420	0.0284089	0	0
53.453	0.0297968	0	0
53.486	0.0292489	0	0
53.520	0.0302139	0	0
53.553	0.0283874	0	0
53.586	0.0304554	0	0
53.620	0.0323036	1	0
53.653	0.0303282	0	0
53.686	0.0307679	0	0
53.720	0.0295775	0	0
53.753	0.0292523	0	0
53.787	0.0290849	0	0
53.820	0.0284196	0	0
53.853	0.0282796	0	0
53.887	0.0288107	0	0
53.920	0.0274470	0	0
53.953	0.0290464	0	0
53.987	0.0286549	0	0
54.020	0.0268056	0	0
54.054	0.0286158	0	0
54.087	0.0308834	0	0
54.120	0.0277750	0	0
54.154	0.0293114	0	0
54.187	0.0303818	0	0
54.220	0.0272424	0	0
54.254	0.0276612	0	0
54.287	0.0277274	0	0
54.320	0.0295052	0	0
54.354	0.0274952	0	0
54.387	0.0301195	0	0
54.421	0.0292732	0	0
54.454	0.0281715	0	0
54.487	0.0302678	0	0
54.521	0.0274841	0	0
54.554	0.0277970	0	0
54.587	0.0303517	0	0
54.621	0.0292871	0	0
54.654	0.0318756	0	0
54.687	0.0310837	0	0
54.721	0.0307976	0	0
54.754	0.0295327	0	0
54.788	0.0312046	0	0
54.821	0.0292732	0	0
54.854	0.0277933	0	0
54.888	0.0280158	0	0
54.921	0.0280049	0	0
54.954	0.0263539	0	0
54.988	0.0274693	0	0
55.021	0.0285696	0	0
55.055	0.0269155	0	0
55.088	0.0277530	0	0
55.121	0.0291233	0	0
55.155	0.0293634	0	0
55.188	0.0273877	0	0
55.221	0.0259061	0	0
55.255	0.0271376	0	0
55.288	0.0263114	0	0
55.321	0.0298139	0	0
55.355	0.0272349	0	0
55.388	0.0283084	0	0
55.422	0.0264464	0	0
55.455	0.0270287	0	0
55.488	0.0281136	0	0
55.522	0.0264887	0	0
55.555	0.0281353	0	0
55.588	0.0277860	0	0
55.622	0.0297934	0	0
55.655	0.0271151	0	0
55.688	0.0261991	0	0
55.722	0.0251933	0	0
55.755	0.0281679	0	0
55.789	0.0288637	0	0
55.822	0.0264118	0	0
55.855	0.0273579	0	0
55.889	0.0292419	0	0
55.922	0.0289341	0	0
55.955	0.0291059	0	0
55.989	0.0264156	0	0
56.022	0.0263539	0	0
56.056	0.0251124	0	0
56.089	0.0240274	0	0
56.122	0.0282076	0	0
56.156	0.0276060	0	0
56.189	0.0268928	0	0
56.222	0.0265961	0	0
56.256	0.0249212	0	0
56.289	0.0254145	0	0
56.322	0.0273542	0	0
56.356	0.0276796	0	0
56.389	0.0265539	0	0
56.423	0.0257051	0	0
56.456	0.0272536	0	0
56.489	0.0267791	0	0
56.523	0.0288918	0	0
56.556	0.0236647	0	0
56.589	0.0278811	0	0
56.623	0.0252538	0	0
56.656	0.0274915	0	0
56.689	0.0266877	0	0
56.723	0.0239171	0	0
56.756	0.0259728	0	0
56.790	0.0263732	0	0
56.823	0.0246421	0	0
56.856	0.0262068	0	0
56.890	0.0254824	0	0
56.923	0.0333116	1	0
56.956	0.0327944	1	0
56.990	0.0353736	1	0
57.023	0.0325828	1	0
57.057	0.0332413	1	0
57.090	0.0324952	1	0
57.123	0.0319744	0	0
57.157	0.0303114	0	0
57.190	0.0321046	1	0
57.223	0.0302106	0	0
57.257	0.0294119	0	0
57.290	0.0310706	0	0
57.323	0.0310018	0	0
57.357	0.0318820	0	0
57.390	0.0314967	0	0
57.424	0.0314482	0	0
57.457	0.0290954	0	0
57.490	0.0281679	0	0
57.524	0.0281317	0	0
57.557	0.0310837	0	0
57.590	0.0304988	0	0
57.624	0.0319935	0	0
57.657	0.0305921	0	0
57.690	0.0298105	0	0
57.724	0.0298685	0	0
57.757	0.0293149	0	0
57.791	0.0289446	0	0
57.824	0.0290078	0	0
57.857	0.0285339	0	0
57.891	0.0309196	0	0
57.924	0.0299807	0	0
57.957	0.0292836	0	0
57.991	0.0294983	0	0
58.024	0.0280303	0	0
58.058	0.0287683	0	0
58.091	0.0295603	0	0
58.124	0.0276980	0	0
58.158	0.0277750	0	0
58.191	0.0278043	0	0
58.224	0.0289411	0	0
58.258	0.0274211	0	0
58.291	0.0268890	0	0
58.324	0.0263617	0	0
58.358	0.0260276	0	0
58.391	0.0266381	0	0
58.425	0.0282472	0	0
58.458	0.0280774	0	0
58.491	0.0291443	0	0
58.525	0.0273133	0	0
58.558	0.0273988	0	0
58.591	0.0283623	0	0
58.625	0.0288707	0	0
58.658	0.0274174	0	0
58.691	0.0300721	0	0
58.725	0.0291129	0	0
58.758	0.0282544	0	0
58.792	0.0302745	0	0
58.825	0.0282940	0	0
58.858	0.0278774	0	0
58.892	0.0292940	0	0
58.925	0.0295534	0	0
58.958	0.0273431	0	0
58.992	0.0313477	0	0
59.025	0.0356544	0	0
59.059	0.0424878	0	0
59.092	0.0392124	0	0
59.125	0.0381977	0	0
59.159	0.0389729	1	0
59.192	0.0370511	1	0
59.225	0.0362403	1	0
59.259	0.0369466	1	0
59.292	0.0354455	1	0
59.325	0.0327292	1	0
59.359	0.0328037	1	0
59.392	0.0331984	1	0
59.426	0.0321742	1	0
59.459	0.0308801	0	0
59.492	0.0309919	0	0
59.526	0.0329554	1	0
59.559	0.0314450	0	0
59.592	0.0342899	1	0
59.626	0.0345471	1	0
59.659	0.0328285	1	0
59.692	0.0316963	0	0
59.726	0.0321837	1	0
59.759	0.0327727	1	0
59.793	0.0315902	0	0
59.826	0.0322090	1	0
59.859	0.0333726	1	0
59.893	0.0324576	1	0
59.926	0.0289481	0	0
59.959	0.0303081	0	0
59.993	0.0321363	1	0
60.026	0.0321236	1	0
60.060	0.0295499	0	0
60.093	0.0330078	1	0
60.126	0.0314934	0	0
60.160	0.0328440	1	0
60.193	0.0320062	1	0
60.226	0.0322627	1	0
60.260	0.0310935	0	0
60.293	0.0336126	1	0
60.326	0.0324262	1	0
60.360	0.0312925	0	0
60.393	0.0282940	0	0
60.427	0.0319362	0	0
60.460	0.0320380	1	0
60.493	0.0321204	1	0
60.527	0.0312144	0	0
60.560	0.0307050	0	0
60.593	0.0300958	0	0
60.627	0.0313185	0	0
60.660	0.0306619	0	0
60.693	0.0326452	1	0
60.727	0.0301093	0	0
60.760	0.0301397	0	0
60.794	0.0316995	0	0
60.827	0.0293600	0	0
60.860	0.0301600	0	0
60.894	0.0291757	0	0
60.927	0.0296084	0	0
60.960	0.0282508	0	0
60.994	0.0322879	1	0
61.027	0.0288001	0	0
61.061	0.0307083	0	0
61.094	0.0306884	0	0
61.127	0.0297319	0	0
61.161	0.0284911	0	0
61.194	0.0294568	0	0
61.227	0.0332137	0	0
61.261	0.0409040	0	0
61.294	0.0427361	0	0
61.327	0.0439821	0	0
61.361	0.0417046	0	0
61.394	0.0417510	0	0
61.428	0.0386321	0	0
61.461	0.0380776	0	0
61.494	0.0376368	1	0
61.528	0.0364642	1	0
61.561	0.0371388	1	0
61.594	0.0372073	1	0
61.628	0.0358678	1	0
61.661	0.0346001	1	0
61.694	0.0335277	1	0
61.728	0.0333513	1	0
61.761	0.0335459	1	0
61.795	0.0348199	1	0
61.828	0.0364168	1	0
61.861	0.0346852	1	0
61.895	0.0361025	1	0
61.928	0.0320919	1	0
61.961	0.0307811	0	0
61.995	0.0315838	0	0
62.028	0.0330047	1	0
62.062	0.0317829	0	0
62.095	0.0303952	0	0
62.128	0.0312827	0	0
62.162	0.0328905	1	0
62.195	0.0329615	1	0
62.228	0.0333268	1	0
62.262	0.0315128	0	0
62.295	0.0326607	1	0
62.328	0.0299739	0	0
62.362	0.0320507	1	0
62.395	0.0334305	1	0
62.429	0.0325265	1	0
62.462	0.0305888	0	0
62.495	0.0293669	0	0
62.529	0.0293496	0	0
62.562	0.0314870	0	0
62.595	0.0338268	1	0
62.629	0.0317316	0	0
62.662	0.0313996	0	0
62.695	0.0299739	0	0
62.729	0.0302408	0	0
62.762	0.0297182	0	0
62.796	0.0315386	0	0
62.829	0.0294775	0	0
62.862	0.0315677	0	0
62.896	0.0305755	0	0
62.929	0.0322248	1	0
62.962	0.0310247	0	0
62.996	0.0322090	1	0
63.029	0.0325265	1	0
63.063	0.0325390	0	0
63.096	0.0357114	0	0
63.129	0.0445796	0	0
63.163	0.0468237	0	0
63.196	0.0496891	0	0
63.229	0.0459330	0	0
63.263	0.0452096	0	0
63.296	0.0451984	0	0
63.329	0.0438594	0	0
63.363	0.0446890	0	0
63.396	0.0385081	0	0
63.430	0.0336882	0	0
63.463	0.0307016	0	0
63.496	0.0254305	0	0
63.530	0.0194551	0	0
63.563	0.0213883	0	0
63.596	0.0179083	0	0
63.630	0.0184678	0	0
63.663	0.0191441	0	0
63.696	0.0144776	0	0
63.730	0.0166237	0	0
63.763	0.0180216	0	0
63.797	0.0175873	0	0
63.830	0.0174362	0	0
63.863	0.0155549	0	0
63.897	0.0176104	0	0
63.930	0.0178685	0	0
63.963	0.0168365	0	0
63.997	0.0158209	0	0
64.030	0.0155484	0	0
64.064	0.0142723	0	0
64.097	0.0163770	0	0
64.130	0.0159490	0	0
64.164	0.0152043	0	0
64.197	0.0150496	0	0
64.230	0.0177256	0	0
64.264	0.0177084	0	0
64.297	0.0179083	0	0
64.330	0.0178742	0	0
64.364	0.0156592	0	0
64.397	0.0186378	0	0
64.431	0.0191706	0	0
64.464	0.0194080	0	0
64.497	0.0278189	0	0
64.531	0.0306519	0	0
64.564	0.0367948	0	0
64.597	0.0374145	0	0
64.631	0.0406470	0	0
64.664	0.0394065	0	0
64.697	0.0421487	0	0
64.731	0.0427408	0	0
64.764	0.0426551	0	0
64.798	0.0421560	0	0
64.831	0.0446753	0	0
64.864	0.0412903	0	0
64.898	0.0419115	0	0
64.931	0.0432473	0	0
64.964	0.0401762	0	0
64.998	0.0416973	0	0
65.031	0.0423222	0	0
65.065	0.0409463	0	0
65.098	0.0404966	0	0
65.131	0.0417778	0	0
65.165	0.0416363	0	0
65.198	0.0413666	0	0
65.231	0.0402496	1	0
65.265	0.0404991	1	0
65.298	0.0421343	1	0
65.331	0.0413420	1	0
65.365	0.0399909	1	0
65.398	0.0384578	1	0
65.432	0.0386663	1	0
65.465	0.0347234	1	0
65.498	0.0350413	1	0
65.532	0.0325046	1	0
65.565	0.0304487	0	0
65.598	0.0316642	0	0
65.632	0.0319935	0	0
65.665	0.0299976	0	0
65.698	0.0287436	0	0
65.732	0.0293288	0	0
65.765	0.0301195	0	0
65.799	0.0296839	0	0
65.832	0.0301802	0	0
65.865	0.0287188	0	0
65.899	0.0315193	0	0
65.932	0.0302341	0	0
65.965	0.0308735	0	0
65.999	0.0287294	0	0
66.032	0.0294361	0	0
66.066	0.0281859	0	0
66.099	0.0269533	0	0
66.132	0.0288425	0	0
66.166	0.0290639	0	0
66.199	0.0280194	0	0
66.232	0.0301262	0	0
66.266	0.0334457	0	0
66.299	0.0418070	0	0
66.332	0.0405217	0	0
66.366	0.0420424	1	0
66.399	0.0370016	1	0
66.433	0.0342483	1	0
66.466	0.0335035	1	0
66.499	0.0339619	1	0
66.533	0.0319362	0	0
66.566	0.0315548	0	0
66.599	0.0306087	0	0
66.633	0.0295568	0	0
66.666	0.0296771	0	0
66.699	0.0305122	0	0
66.733	0.0293253	0	0
66.766	0.0305222	0	0
66.800	0.0323540	1	0
66.833	0.0299297	0	0
66.866	0.0317669	0	0
66.900	0.0285054	0	0
66.933	0.0304153	0	0
66.966	0.0283874	0	0
67.000	0.0306519	0	0
67.033	0.0312307	0	0
67.067	0.0318085	0	0
67.100	0.0318852	0	0
67.133	0.0298991	0	0
67.167	0.0305255	0	0
67.200	0.0300383	0	0
67.233	0.0290849	0	0
67.267	0.0287825	0	0
67.300	0.0317188	0	0
67.333	0.0294948	0	0
67.367	0.0291199	0	0
67.400	0.0324137	1	0
67.434	0.0313899	0	0
67.467	0.0312372	0	0
67.500	0.0307513	0	0
67.534	0.0277970	0	0
67.567	0.0292349	0	0
67.600	0.0290359	0	0
67.634	0.0319489	0	0
67.667	0.0320475	1	0
67.700	0.0295740	0	0
67.734	0.0317444	0	0
67.767	0.0297250	0	0
67.801	0.0265884	0	0
67.834	0.0294810	0	0
67.867	0.0266572	0	0
67.901	0.0291373	0	0
67.934	0.0298787	0	0
67.967	0.0283838	0	0
68.001	0.0297558	0	0
68.034	0.0289411	0	0
68.068	0.0286869	0	0
68.101	0.0280955	0	0
68.134	0.0267829	0	0
68.168	0.0275026	0	0
68.201	0.0290989	0	0
68.234	0.0283264	0	0
68.268	0.0336398	0	0
68.301	0.0421173	0	0
68.334	0.0467694	0	0
68.368	0.0468520	0	0
68.401	0.0478448	0	0
68.435	0.0493233	0	0
68.468	0.0462333	0	0
68.501	0.0466474	0	0
68.535	0.0468737	0	0
68.568	0.0463630	0	0
68.601	0.0445339	0	0
68.635	0.0425117	0	0
68.668	0.0394452	0	0
68.701	0.0378041	1	0
68.735	0.0360968	1	0
68.768	0.0320507	1	0
68.802	0.0341114	1	0
68.835	0.0333787	1	0
68.868	0.0320411	1	0
68.902	0.0281643	0	0
68.935	0.0304120	0	0
68.968	0.0322532	1	0
69.002	0.0303014	0	0
69.035	0.0289798	0	0
69.069	0.0299773	0	0
69.102	0.0307513	0	0
69.135	0.0309361	0	0
69.169	0.0307248	0	0
69.202	0.0316867	0	0
69.235	0.0314934	0	0
69.269	0.0315257	0	0
69.302	0.0307579	0	0
69.335	0.0280955	0	0
69.369	0.0279248	0	0
69.402	0.0289024	0	0
69.436	0.0287117	0	0
69.469	0.0286265	0	0
69.502	0.0299976	0	0
69.536	0.0288072	0	0
69.569	0.0279139	0	0
69.602	0.0280158	0	0
69.636	0.0290008	0	0
69.669	0.0287471	0	0
69.702	0.0301566	0	0
69.736	0.0284733	0	0
69.769	0.0286194	0	0
69.803	0.0257841	0	0
69.836	0.0279612	0	0
69.869	0.0291129	0	0
69.903	0.0278409	0	0
69.936	0.0325484	0	0
69.969	0.0434304	0	0
70.003	0.0458732	0	0
70.036	0.0461849	0	0
70.070	0.0467694	0	0
70.103	0.0472972	0	0
70.136	0.0421415	0	0
70.170	0.0421367	0	0
70.203	0.0408891	0	0
70.236	0.0395869	0	0
70.270	0.0391813	1	0
70.303	0.0389808	1	0
70.336	0.0386189	1	0
70.370	0.0370098	1	0
70.403	0.0373056	1	0
70.437	0.0357371	1	0
70.470	0.0375827	1	0
70.503	0.0346530	1	0
70.537	0.0339529	1	0
70.570	0.0322973	1	0
70.603	0.0325046	1	0
70.637	0.0341680	1	0
70.670	0.0323414	1	0
70.703	0.0326607	1	0
70.737	0.0348987	1	0
70.770	0.0333238	1	0
70.804	0.0332443	1	0
70.837	0.0315806	0	0
70.870	0.0306519	0	0
70.904	0.0319202	0	0
70.937	0.0298582	0	0
70.970	0.0323603	1	0
71.004	0.0316449	0	0
71.037	0.0318053	0	0
71.071	0.0291757	0	0
71.104	0.0275359	0	0
71.137	0.0277017	0	0
71.171	0.0289411	0	0
71.204	0.0281245	0	0
71.237	0.0297421	0	0
71.271	0.0274508	0	0
71.304	0.0294361	0	0
71.337	0.0286514	0	0
71.371	0.0294603	0	0
71.404	0.0377933	0	0
71.438	0.0402774	0	0
71.471	0.0437293	0	0
71.504	0.0443622	0	0
71.538	0.0459086	0	0
71.571	0.0495271	0	0
71.604	0.0453332	0	0
71.638	0.0455392	0	0
71.671	0.0469994	0	0
71.704	0.0468237	0	0
71.738	0.0430492	0	0
71.771	0.0444081	0	0
71.805	0.0410629	1	0
71.838	0.0423558	1	0
71.871	0.0390929	1	0
71.905	0.0349890	1	0
71.938	0.0334943	1	0
71.971	0.0319107	0	0
72.005	0.0307513	0	0
72.038	0.0311295	0	0
72.072	0.0322816	1	0
72.105	0.0324889	1	0
72.138	0.0316963	0	0
72.172	0.0330571	1	0
72.205	0.0326732	1	0
72.238	0.0315677	0	0
72.272	0.0314191	0	0
72.305	0.0306320	0	0
72.338	0.0299331	0	0
72.372	0.0299671	0	0
72.405	0.0324106	1	0
72.439	0.0304821	0	0
72.472	0.0329399	1	0
72.505	0.0323823	1	0
72.539	0.0306685	0	0
72.572	0.0306054	0	0
72.605	0.0321078	1	0
72.639	0.0306619	0	0
72.672	0.0286798	0	0
72.705	0.0332076	1	0
72.739	0.0299331	0	0
72.772	0.0279139	0	0
72.806	0.0299535	0	0
72.839	0.0300485	0	0
72.872	0.0327696	0	0
72.906	0.0348053	0	0
72.939	0.0393316	0	0
72.972	0.0449795	0	0
73.006	0.0441668	0	0
73.039	0.0470167	0	0
73.073	0.0464988	0	0
73.106	0.0457176	0	0
73.139	0.0434445	0	0
73.173	0.0452164	0	0
73.206	0.0426789	0	0
73.239	0.0428550	0	0
73.273	0.0428597	0	0
73.306	0.0430681	0	0
73.339	0.0440145	0	0
73.373	0.0465119	0	0
73.406	0.0435076	0	0
73.440	0.0421222	0	0
73.473	0.0415678	1	0
73.506	0.0455750	1	0
73.540	0.0441530	1	0
73.573	0.0405719	1	0
73.606	0.0391475	1	0
73.640	0.0411718	1	0
73.673	0.0397919	1	0
73.706	0.0371580	1	0
73.740	0.0396228	1	0
73.773	0.0384922	1	0
73.807	0.0401711	1	0
73.840	0.0389416	1	0
73.873	0.0391916	1	0
73.907	0.0372264	1	0
73.940	0.0349832	1	0
73.973	0.0351283	1	0
74.007	0.0386689	1	0
74.040	0.0351254	1	0
74.074	0.0341472	1	0
74.107	0.0344734	1	0
74.140	0.0329800	1	0
74.174	0.0308933	0	0
74.207	0.0319871	0	0
74.240	0.0314417	0	0
74.274	0.0318149	0	0
74.307	0.0326015	1	0
74.340	0.0299535	0	0
74.374	0.0286158	0	0
74.407	0.0301701	0	0
74.441	0.0294084	0	0
74.474	0.0291618	0	0
74.507	0.0260237	0	0
74.541	0.0283371	0	0
74.574	0.0281173	0	0
74.607	0.0298957	0	0
74.641	0.0293842	0	0
74.674	0.0319903	0	0
74.707	0.0310673	0	0
74.741	0.0296874	0	0
74.774	0.0277787	0	0
74.808	0.0289798	0	0
74.841	0.0292315	0	0
74.874	0.0303986	0	0
74.908	0.0295844	0	0
74.941	0.0301431	0	0
74.974	0.0271826	0	0
75.008	0.0292523	0	0
75.041	0.0299535	0	0
75.075	0.0297866	0	0
75.108	0.0282292	0	0
75.141	0.0292628	0	0
75.175	0.0285945	0	0
75.208	0.0286016	0	0
75.241	0.0285981	0	0
75.275	0.0279794	0	0
75.308	0.0305022	0	0
75.341	0.0279139	0	0
75.375	0.0276723	0	0
75.408	0.0278226	0	0
75.442	0.0281028	0	0
75.475	0.0291129	0	0
75.508	0.0284590	0	0
75.542	0.0294603	0	0
75.575	0.0302543	0	0
75.608	0.0441599	0	0
75.642	0.0444035	0	0
75.675	0.0424350	0	0
75.708	0.0394478	0	0
75.742	0.0361053	1	0
75.775	0.0336761	1	0
75.809	0.0315193	0	0
75.842	0.0311099	0	0
75.875	0.0294948	0	0
75.909	0.0288672	0	0
75.942	0.0301093	0	0
75.975	0.0290113	0	0
76.009	0.0259611	0	0
76.042	0.0294775	0	0
76.076	0.0263771	0	0
76.109	0.0268056	0	0
76.142	0.0277530	0	0
76.176	0.0271339	0	0
76.209	0.0257486	0	0
76.242	0.0276759	0	0
76.276	0.0260432	0	0
76.309	0.0274804	0	0
76.342	0.0282616	0	0
76.376	0.0261524	0	0
76.409	0.0278299	0	0
76.443	0.0295431	0	0
76.476	0.0264734	0	0
76.509	0.0264695	0	0
76.543	0.0276465	0	0
76.576	0.0262417	0	0
76.609	0.0267943	0	0
76.643	0.0283371	0	0
76.676	0.0286123	0	0
76.709	0.0306851	0	0
76.743	0.0302879	0	0
76.776	0.0283192	0	0
76.810	0.0275839	0	0
76.843	0.0302913	0	0
76.876	0.0285874	0	0
76.910	0.0262107	0	0
76.943	0.0289622	0	0
76.976	0.0261252	0	0
77.010	0.0253744	0	0
77.043	0.0277310	0	0
77.077	0.0253423	0	0
77.110	0.0275063	0	0
77.143	0.0261874	0	0
77.177	0.0268701	0	0
77.210	0.0272835	0	0
77.243	0.0246586	0	0
77.277	0.0258590	0	0
77.310	0.0250759	0	0
77.343	0.0276980	0	0
77.377	0.0271076	0	0
77.410	0.0264118	0	0
77.444	0.0270211	0	0
77.477	0.0279867	0	0
77.510	0.0283264	0	0
77.544	0.0266114	0	0
77.577	0.0274396	0	0
77.610	0.0278336	0	0
77.644	0.0370428	0	0
77.677	0.0372565	0	0
77.710	0.0383545	0	0
77.744	0.0376531	0	0
77.777	0.0349948	0	0
77.811	0.0388527	0	0
77.844	0.0445430	0	0
77.877	0.0453085	0	0
77.911	0.0432943	1	0
77.944	0.0423654	1	0
77.977	0.0405066	1	0
78.011	0.0402950	1	0
78.044	0.0378122	1	0
78.078	0.0350790	1	0
78.111	0.0333757	1	0
78.144	0.0318692	0	0
78.178	0.0309525	0	0
78.211	0.0296874	0	0
78.244	0.0305921	0	0
78.278	0.0291059	0	0
78.311	0.0306751	0	0
78.344	0.0304554	0	0
78.378	0.0280629	0	0
78.411	0.0278774	0	0
78.445	0.0274211	0	0
78.478	0.0286336	0	0
78.511	0.0255462	0	0
78.545	0.0277420	0	0
78.578	0.0261524	0	0
78.611	0.0281679	0	0
78.645	0.0249008	0	0
78.678	0.0265999	0	0
78.711	0.0279940	0	0
78.745	0.0266687	0	0
78.778	0.0280303	0	0
78.812	0.0292349	0	0
78.845	0.0267068	0	0
78.878	0.0259532	0	0
78.912	0.0279212	0	0
78.945	0.0268852	0	0
78.978	0.0265002	0	0
79.012	0.0283658	0	0
79.045	0.0261796	0	0
79.079	0.0279102	0	0
79.112	0.0274062	0	0
79.145	0.0275949	0	0
79.179	0.0267448	0	0
79.212	0.0271564	0	0
79.245	0.0274062	0	0
79.279	0.0283623	0	0
79.312	0.0270136	0	0
79.345	0.0290394	0	0
79.379	0.0278189	0	0
79.412	0.0280448	0	0
79.446	0.0287860	0	0
79.479	0.0313867	0	0
79.512	0.0422211	0	0
79.546	0.0430161	0	0
79.579	0.0420835	0	0
79.612	0.0421608	0	0
79.646	0.0411075	1	0
79.679	0.0371690	1	0
79.712	0.0346999	1	0
79.746	0.0341144	1	0
79.779	0.0357485	1	0
79.813	0.0325578	1	0
79.846	0.0330355	1	0
79.879	0.0315806	0	0
79.913	0.0315290	0	0
79.946	0.0308867	0	0
79.979	0.0302711	0	0
80.013	0.0306021	0	0
80.046	0.0304855	0	0
80.080	0.0297011	0	0
80.113	0.0303617	0	0
80.146	0.0298787	0	0
80.180	0.0304721	0	0
80.213	0.0292001	0	0
80.246	0.0315096	0	0
80.280	0.0293704	0	0
80.313	0.0293807	0	0
80.346	0.0296462	0	0
80.380	0.0289517	0	0
80.413	0.0288813	0	0
80.447	0.0280230	0	0
80.480	0.0277457	0	0
80.513	0.0270926	0	0
80.547	0.0286443	0	0
80.580	0.0276575	0	0
80.613	0.0265654	0	0
80.647	0.0266953	0	0
80.680	0.0273914	0	0
80.713	0.0273765	0	0
80.747	0.0289762	0	0
80.780	0.0287506	0	0
80.814	0.0267677	0	0
80.847	0.0269457	0	0
80.880	0.0262301	0	0
80.914	0.0266877	0	0
80.947	0.0284160	0	0
80.980	0.0278774	0	0
81.014	0.0287895	0	0
81.047	0.0295465	0	0
81.081	0.0279102	0	0
81.114	0.0265961	0	0
81.147	0.0283623	0	0
81.181	0.0279721	0	0
81.214	0.0277750	0	0
81.247	0.0291373	0	0
81.281	0.0262068	0	0
81.314	0.0280230	0	0
81.347	0.0288813	0	0
81.381	0.0261680	0	0
81.414	0.0271414	0	0
81.448	0.0295947	0	0
81.481	0.0284017	0	0
81.514	0.0297798	0	0
81.548	0.0337877	0	0
81.581	0.0418410	0	0
81.614	0.0468368	0	0
81.648	0.0475333	0	0
81.681	0.0480231	0	0
81.714	0.0472219	0	0
81.748	0.0438594	0	0
81.781	0.0405518	0	0
81.815	0.0380295	1	0
81.848	0.0348754	1	0
81.881	0.0345854	1	0
81.915	0.0342691	1	0
81.948	0.0311426	0	0
81.981	0.0308471	0	0
82.015	0.0306818	0	0
82.048	0.0289094	0	0
82.082	0.0315290	0	0
82.115	0.0300146	0	0
82.148	0.0309755	0	0
82.182	0.0307315	0	0
82.215	0.0287966	0	0
82.248	0.0319139	0	0
82.282	0.0289762	0	0
82.315	0.0286336	0	0
82.348	0.0314449	0	0
82.382	0.0296016	0	0
82.415	0.0327043	1	0
82.449	0.0305721	0	0
82.482	0.0309328	0	0
82.515	0.0311033	0	0
82.549	0.0295120	0	0
82.582	0.0281570	0	0
82.615	0.0284375	0	0
82.649	0.0284196	0	0
82.682	0.0291757	0	0
82.715	0.0297045	0	0
82.749	0.0289798	0	0
82.782	0.0308405	0	0
82.816	0.0284518	0	0
82.849	0.0293600	0	0
82.882	0.0307646	0	0
82.916	0.0299739	0	0
82.949	0.0294741	0	0
82.982	0.0265539	0	0
83.016	0.0286549	0	0
83.049	0.0298719	0	0
83.083	0.0290534	0	0
83.116	0.0275506	0	0
83.149	0.0262223	0	0
83.183	0.0278372	0	0
83.216	0.0273877	0	0
83.249	0.0269797	0	0
83.283	0.0268512	0	0
83.316	0.0285482	0	0
83.349	0.0270588	0	0
83.383	0.0274322	0	0
83.416	0.0271676	0	0
83.450	0.0279940	0	0
83.483	0.0277494	0	0
83.516	0.0270776	0	0
83.550	0.0273356	0	0
83.583	0.0277384	0	0
83.616	0.0278006	0	0
83.650	0.0279139	0	0
83.683	0.0269684	0	0
83.716	0.0263501	0	0
83.750	0.0277897	0	0
83.783	0.0267182	0	0
83.817	0.0270475	0	0
83.850	0.0276170	0	0
83.883	0.0248722	0	0
83.917	0.0275359	0	0
83.950	0.0437548	0	0
83.983	0.0490461	0	0
84.017	0.0493790	0	0
84.050	0.0448934	0	0
84.084	0.0400265	0	0
84.117	0.0365618	1	0
84.150	0.0349366	1	0
84.184	0.0328595	1	0
84.217	0.0321109	1	0
84.250	0.0286158	0	0
84.284	0.0293634	0	0
84.317	0.0310804	0	0
84.350	0.0302879	0	0
84.384	0.0289938	0	0
84.417	0.0287365	0	0
84.451	0.0288213	0	0
84.484	0.0274767	0	0
84.517	0.0290814	0	0
84.551	0.0286336	0	0
84.584	0.0289762	0	0
84.617	0.0303517	0	0
84.651	0.0297798	0	0
84.684	0.0265501	0	0
84.717	0.0301600	0	0
84.751	0.0298753	0	0
84.784	0.0269117	0	0
84.818	0.0278006	0	0
84.851	0.0259572	0	0
84.884	0.0278956	0	0
84.918	0.0248722	0	0
84.951	0.0286585	0	0
84.984	0.0282364	0	0
85.018	0.0279102	0	0
85.051	0.0292836	0	0
85.085	0.0272312	0	0
85.118	0.0272424	0	0
85.151	0.0325578	1	0
85.185	0.0281498	0	0
85.218	0.0307414	0	0
85.251	0.0274062	0	0
85.285	0.0266915	0	0
85.318	0.0273505	0	0
85.351	0.0296325	0	0
85.385	0.0295740	0	0
85.418	0.0276170	0	0
85.452	0.0272050	0	0
85.485	0.0270550	0	0
85.518	0.0273728	0	0
85.552	0.0261719	0	0
85.585	0.0280012	0	0
85.618	0.0274137	0	0
85.652	0.0302038	0	0
85.685	0.0261835	0	0
85.718	0.0265808	0	0
85.752	0.0254505	0	0
85.785	0.0229665	0	0
85.819	0.0319935	0	0
85.852	0.0434866	0	0
85.885	0.0463673	0	0
85.919	0.0457199	0	0
85.952	0.0393910	0	0
85.985	0.0339859	0	0
86.019	0.0325015	1	0
86.052	0.0346530	1	0
86.086	0.0322216	1	0
86.119	0.0296016	0	0
86.152	0.0306983	0	0
86.186	0.0309492	0	0
86.219	0.0296565	0	0
86.252	0.0282976	0	0
86.286	0.0295189	0	0
86.319	0.0270888	0	0
86.352	0.0284482	0	0
86.386	0.0279721	0	0
86.419	0.0264849	0	0
86.453	0.0265808	0	0
86.486	0.0281245	0	0
86.519	0.0259572	0	0
86.553	0.0273244	0	0
86.586	0.0267905	0	0
86.619	0.0262960	0	0
86.653	0.0271114	0	0
86.686	0.0268436	0	0
86.719	0.0280593	0	0
86.753	0.0264849	0	0
86.786	0.0281317	0	0
86.820	0.0257011	0	0
86.853	0.0248395	0	0
86.886	0.0272536	0	0
86.920	0.0263462	0	0
86.953	0.0273840	0	0
86.986	0.0281787	0	0
87.020	0.0278810	0	0
87.053	0.0243137	0	0
87.087	0.0267068	0	0
87.120	0.0245262	0	0
87.153	0.0245428	0	0
87.187	0.0258826	0	0
87.220	0.0252619	0	0
87.253	0.0256694	0	0
87.287	0.0263076	0	0
87.320	0.0237763	0	0
87.353	0.0262029	0	0
87.387	0.0261213	0	0
87.420	0.0251083	0	0
87.454	0.0271788	0	0
87.487	0.0252578	0	0
87.520	0.0247738	0	0
87.554	0.0260315	0	0
87.587	0.0248190	0	0
87.620	0.0266992	0	0
87.654	0.0267981	0	0
87.687	0.0262456	0	0
87.720	0.0278920	0	0
87.754	0.0265693	0	0
87.787	0.0328440	0	0
87.821	0.0414943	0	0
87.854	0.0420521	0	0
87.887	0.0396048	0	0
87.921	0.0366146	0	0
87.954	0.0346471	1	0
87.987	0.0339350	1	0
88.021	0.0297148	0	0
88.054	0.0319075	0	0
88.088	0.0302812	0	0
88.121	0.0287365	0	0
88.154	0.0292245	0	0
88.188	0.0273282	0	0
88.221	0.0272125	0	0
88.254	0.0282328	0	0
88.288	0.0268474	0	0
88.321	0.0264657	0	0
88.354	0.0304086	0	0
88.388	0.0256773	0	0
88.421	0.0270475	0	0
88.455	0.0275839	0	0
88.488	0.0256654	0	0
88.521	0.0260901	0	0
88.555	0.0280448	0	0
88.588	0.0279394	0	0
88.621	0.0268625	0	0
88.655	0.0242214	0	0
88.688	0.0250719	0	0
88.721	0.0270249	0	0
88.755	0.0246462	0	0
88.788	0.0275359	0	0
88.822	0.0243972	0	0
88.855	0.0227663	0	0
88.888	0.0244597	0	0
88.922	0.0247286	0	0
88.955	0.0264772	0	0
88.988	0.0255064	0	0
89.022	0.0257051	0	0
89.055	0.0243847	0	0
89.089	0.0244306	0	0
89.122	0.0272237	0	0
89.155	0.0244097	0	0
89.189	0.0243011	0	0
89.222	0.0241288	0	0
89.255	0.0240740	0	0
89.289	0.0247327	0	0
89.322	0.0249620	0	0
89.355	0.0232396	0	0
89.389	0.0237506	0	0
89.422	0.0262068	0	0
89.456	0.0264926	0	0
89.489	0.0243722	0	0
89.522	0.0247204	0	0
89.556	0.0234053	0	0
89.589	0.0248354	0	0
89.622	0.0252578	0	0
89.656	0.0258826	0	0
89.689	0.0255183	0	0
89.722	0.0339320	0	0
89.756	0.0408468	0	0
89.789	0.0413838	0	0
89.823	0.0428241	0	0
89.856	0.0436128	0	0
89.889	0.0444081	0	0
89.923	0.0445636	0	0
89.956	0.0451758	0	0
89.989	0.0456397	0	0
90.023	0.0470708	0	0
90.056	0.0458643	0	0
90.090	0.0449274	0	0
90.123	0.0482577	0	0
90.156	0.0490606	0	0
90.190	0.0445453	0	0
90.223	0.0453018	0	0
90.256	0.0445978	0	0
90.290	0.0433577	0	0
90.323	0.0445796	0	0
90.356	0.0442911	0	0
90.390	0.0449591	1	0
90.423	0.0434468	1	0
90.457	0.0391137	1	0
90.490	0.0392824	1	0
90.523	0.0391033	1	0
90.557	0.0386558	1	0
90.590	0.0360827	1	0
90.623	0.0342513	1	0
90.657	0.0351254	1	0
90.690	0.0323414	1	0
90.723	0.0317060	0	0
90.757	0.0329121	1	0
90.790	0.0323068	1	0
90.824	0.0345589	1	0
90.857	0.0327572	1	0
90.890	0.0308999	0	0
90.924	0.0344291	1	0
90.957	0.0334974	1	0
90.990	0.0319998	0	0
91.024	0.0336670	1	0
91.057	0.0326825	1	0
91.091	0.0315064	0	0
91.124	0.0326701	1	0
91.157	0.0333299	1	0
91.191	0.0314255	0	0
91.224	0.0310411	0	0
91.257	0.0342780	1	0
91.291	0.0297729	0	0
91.324	0.0302778	0	0
91.357	0.0298787	0	0
91.391	0.0289762	0	0
91.424	0.0306353	0	0
91.458	0.0301161	0	0
91.491	0.0288848	0	0
91.524	0.0303014	0	0
91.558	0.0318500	0	0
91.591	0.0283766	0	0
91.624	0.0289938	0	0
91.658	0.0299535	0	0
91.691	0.0316031	0	0
91.724	0.0322532	1	0
91.758	0.0327012	1	0
91.791	0.0303148	0	0
91.825	0.0316803	0	0
91.858	0.0380963	0	0
91.891	0.0452951	0	0
91.925	0.0442888	0	0
91.958	0.0456620	0	0
91.991	0.0442589	0	0
92.025	0.0449365	0	0
92.058	0.0438036	0	0
92.092	0.0428834	0	0
92.125	0.0415898	0	0
92.158	0.0407146	0	0
92.192	0.0396639	0	0
92.225	0.0372291	0	0
92.258	0.0360743	1	0
92.292	0.0375909	1	0
92.325	0.0373819	1	0
92.358	0.0343285	1	0
92.392	0.0357428	1	0
92.425	0.0349483	1	0
92.459	0.0340009	1	0
92.492	0.0333146	1	0
92.525	0.0344527	1	0
92.559	0.0327354	1	0
92.592	0.0348170	1	0
92.625	0.0355286	1	0
92.659	0.0341650	1	0
92.692	0.0345176	1	0
92.725	0.0328316	1	0
92.759	0.0343196	1	0
92.792	0.0323729	1	0
92.826	0.0314934	0	0
92.859	0.0320570	1	0
92.892	0.0310313	0	0
92.926	0.0288143	0	0
92.959	0.0298344	0	0
92.992	0.0314708	0	0
93.026	0.0313834	0	0
93.059	0.0306950	0	0
93.093	0.0315580	0	0
93.126	0.0310083	0	0
93.159	0.0289657	0	0
93.193	0.0286158	0	0
93.226	0.0282616	0	0
93.259	0.0304253	0	0
93.293	0.0284518	0	0
93.326	0.0294948	0	0
93.359	0.0301870	0	0
93.393	0.0299739	0	0
93.426	0.0306585	0	0
93.460	0.0298037	0	0
93.493	0.0283551	0	0
93.526	0.0277933	0	0
93.560	0.0266610	0	0
93.593	0.0288037	0	0
93.626	0.0301870	0	0
93.660	0.0295431	0	0
93.693	0.0281606	0	0
93.726	0.0305288	0	0
93.760	0.0316095	0	0
93.793	0.0282976	0	0
93.827	0.0303617	0	0
93.860	0.0278263	0	0
93.893	0.0307215	0	0
93.927	0.0298889	0	0
93.960	0.0301465	0	0
93.993	0.0302072	0	0
94.027	0.0306685	0	0
94.060	0.0296428	0	0
94.094	0.0289727	0	0
94.127	0.0275543	0	0
94.160	0.0285731	0	0
94.194	0.0282868	0	0
94.227	0.0291792	0	0
94.260	0.0286762	0	0
94.294	0.0300383	0	0
94.327	0.0315354	0	0
94.360	0.0302778	0	0
94.394	0.0285803	0	0
94.427	0.0313834	0	0
94.461	0.0337757	0	0
94.494	0.0423294	0	0
94.527	0.0481458	0	0
94.561	0.0476658	0	0
94.594	0.0469474	0	0
94.627	0.0463937	0	0
94.661	0.0446229	0	0
94.694	0.0450315	1	0
94.727	0.0414477	1	0
94.761	0.0417656	1	0
94.794	0.0416216	1	0
94.828	0.0404035	1	0
94.861	0.0403632	1	0
94.894	0.0413961	1	0
94.928	0.0410357	1	0
94.961	0.0400544	1	0
94.994	0.0387898	1	0
95.028	0.0393549	1	0
95.061	0.0363272	1	0
95.095	0.0387976	1	0
95.128	0.0353823	1	0
95.161	0.0369576	1	0
95.195	0.0370346	1	0
95.228	0.0364810	1	0
95.261	0.0356059	1	0
95.295	0.0358735	1	0
95.328	0.0370291	1	0
95.361	0.0346265	1	0
95.395	0.0359867	1	0
95.428	0.0377583	1	0
95.462	0.0368942	1	0
95.495	0.0370511	1	0
95.528	0.0360461	1	0
95.562	0.0356030	1	0
95.595	0.0375584	1	0
95.628	0.0386558	1	0
95.662	0.0368500	1	0
95.695	0.0368528	1	0
95.728	0.0370867	1	0
95.762	0.0369466	1	0
95.795	0.0354139	1	0
95.829	0.0377960	1	0
95.862	0.0353333	1	0
95.895	0.0360432	1	0
95.929	0.0362431	1	0
95.962	0.0366424	1	0
95.995	0.0356972	1	0
96.029	0.0337757	1	0
96.062	0.0340188	1	0
96.096	0.0362263	1	0
96.129	0.0341263	1	0
96.162	0.0343107	1	0
96.196	0.0353938	1	0
96.229	0.0333482	1	0
96.262	0.0348958	1	0
96.296	0.0347673	1	0
96.329	0.0351601	1	0
96.362	0.0325703	1	0
96.396	0.0322910	1	0
96.429	0.0322374	1	0
96.463	0.0313867	0	0
96.496	0.0324952	1	0
96.529	0.0316739	0	0
96.563	0.0291164	0	0
96.596	0.0310804	0	0
96.629	0.0315677	0	0
96.663	0.0309328	0	0
96.696	0.0313834	0	0
96.729	0.0313672	0	0
96.763	0.0284447	0	0
96.796	0.0287329	0	0
96.830	0.0290814	0	0
96.863	0.0298685	0	0
96.896	0.0299976	0	0
96.930	0.0302240	0	0
96.963	0.0270324	0	0
96.996	0.0306021	0	0
97.030	0.0295603	0	0
97.063	0.0293253	0	0
97.097	0.0289938	0	0
97.130	0.0301532	0	0
97.163	0.0281353	0	0
97.197	0.0295465	0	0
97.230	0.0296976	0	0
97.263	0.0304621	0	0
97.297	0.0309624	0	0
97.330	0.0303751	0	0
97.363	0.0305088	0	0
97.397	0.0287436	0	0
97.430	0.0298685	0	0
97.464	0.0294637	0	0
97.497	0.0280194	0	0
97.530	0.0285268	0	0
97.564	0.0328843	0	0
97.597	0.0410034	0	0
97.630	0.0460105	0	0
97.664	0.0427599	0	0
97.697	0.0436990	0	0
97.730	0.0387294	0	0
97.764	0.0361729	1	0
97.797	0.0344173	1	0
97.831	0.0326794	1	0
97.864	0.0328471	1	0
97.897	0.0324074	1	0
97.931	0.0318309	0	0
97.964	0.0310477	0	0
97.997	0.0332443	1	0
98.031	0.0295499	0	0
98.064	0.0308537	0	0
98.098	0.0327572	1	0
98.131	0.0309656	0	0
98.164	0.0296942	0	0
98.198	0.0303919	0	0
98.231	0.0298275	0	0
98.264	0.0296393	0	0
98.298	0.0296942	0	0
98.331	0.0290148	0	0
98.364	0.0296805	0	0
98.398	0.0282436	0	0
98.431	0.0284017	0	0
98.465	0.0296805	0	0
98.498	0.0298241	0	0
98.531	0.0284196	0	0
98.565	0.0294050	0	0
98.598	0.0277127	0	0
98.631	0.0295396	0	0
98.665	0.0281931	0	0
98.698	0.0310772	0	0
98.731	0.0293496	0	0
98.765	0.0274878	0	0
98.798	0.0286514	0	0
98.832	0.0290219	0	0
98.865	0.0308273	0	0
98.898	0.0281064	0	0
98.932	0.0310313	0	0
98.965	0.0272088	0	0
98.998	0.0291233	0	0
99.032	0.0298514	0	0
99.065	0.0297627	0	0
99.099	0.0287188	0	0
99.132	0.0284661	0	0
99.165	0.0295637	0	0
99.199	0.0282508	0	0
99.232	0.0283587	0	0
99.265	0.0281100	0	0
99.299	0.0281462	0	0
99.332	0.0323288	0	0
99.365	0.0413346	0	0
99.399	0.0443943	0	0
99.432	0.0440261	0	0
99.466	0.0445887	0	0
99.499	0.0440399	0	0
99.532	0.0449274	0	0
99.566	0.0433812	0	0
99.599	0.0465863	0	0
99.632	0.0425021	0	0
99.666	0.0427456	1	0
99.699	0.0418921	1	0
99.732	0.0381524	1	0
99.766	0.0381364	1	0
99.799	0.0350848	1	0
99.833	0.0354541	1	0
99.866	0.0343670	1	0
99.899	0.0347292	1	0
99.933	0.0346353	1	0
99.966	0.0334700	1	0
99.999	0.0346970	1	0
100.033	0.0344439	1	0
100.066	0.0343285	1	0
100.100	0.0314967	0	0
100.133	0.0320380	1	0
100.166	0.0330602	1	0
100.200	0.0314191	0	0
100.233	0.0323980	1	0
100.266	0.0331646	1	0
100.300	0.0334913	1	0
100.333	0.0315870	0	0
100.366	0.0313899	0	0
100.400	0.0325828	1	0
100.433	0.0333055	1	0
100.467	0.0336791	1	0
100.500	0.0332932	1	0
100.533	0.0301093	0	0
100.567	0.0329276	1	0
100.600	0.0332045	1	0
100.633	0.0326233	1	0
100.667	0.0323697	1	0
100.700	0.0317156	0	0
100.733	0.0306220	0	0
100.767	0.0312404	0	0
100.800	0.0294948	0	0
100.834	0.0313380	0	0
100.867	0.0305388	0	0
100.900	0.0330540	1	0
100.934	0.0334335	1	0
100.967	0.0308537	0	0
101.000	0.0294499	0	0
101.034	0.0316095	0	0
101.067	0.0307149	0	0
101.101	0.0302442	0	0
101.134	0.0304253	0	0
101.167	0.0319967	0	0
101.201	0.0302913	0	0
101.234	0.0296531	0	0
101.267	0.0298582	0	0
101.301	0.0308240	0	0
101.334	0.0302207	0	0
101.367	0.0324921	1	0
101.401	0.0301667	0	0
101.434	0.0323099	1	0
101.468	0.0309361	0	0
101.501	0.0285161	0	0
101.534	0.0326140	1	0
101.568	0.0308933	0	0
101.601	0.0307811	0	0
101.634	0.0314029	0	0
101.668	0.0319998	0	0
101.701	0.0313217	0	0
101.734	0.0314611	0	0
101.768	0.0299161	0	0
101.801	0.0313542	0	0
101.835	0.0317156	0	0
101.868	0.0309919	0	0
101.901	0.0325609	1	0
101.935	0.0345412	1	0
101.968	0.0344468	1	0
102.001	0.0322437	1	0
102.035	0.0321711	1	0
102.068	0.0316031	0	0
102.102	0.0307811	0	0
102.135	0.0314676	0	0
102.168	0.0315999	0	0
102.202	0.0326670	1	0
102.235	0.0311589	0	0
102.268	0.0297661	0	0
102.302	0.0339020	1	0
102.335	0.0314547	0	0
102.368	0.0338900	1	0
102.402	0.0338238	1	0
102.435	0.0324231	1	0
102.469	0.0322973	1	0
102.502	0.0332627	1	0
102.535	0.0319839	0	0
102.569	0.0328997	1	0
102.602	0.0294396	0	0
102.635	0.0311295	0	0
102.669	0.0300857	0	0
102.702	0.0311948	0	0
102.735	0.0315451	0	0
102.769	0.0319585	0	0
102.802	0.0364614	0	0
102.836	0.0436221	0	0
102.869	0.0444310	0	0
102.902	0.0441069	0	0
102.936	0.0414207	1	0
102.969	0.0406946	1	0
103.002	0.0368500	1	0
103.036	0.0351688	1	0
103.069	0.0349715	1	0
103.103	0.0340756	1	0
103.136	0.0348841	1	0
103.169	0.0351515	1	0
103.203	0.0317541	0	0
103.236	0.0331432	1	0
103.269	0.0332076	1	0
103.303	0.0334791	1	0
103.336	0.0316031	0	0
103.369	0.0342869	1	0
103.403	0.0327820	1	0
103.436	0.0332229	1	0
103.470	0.0350732	1	0
103.503	0.0337365	1	0
103.536	0.0340905	1	0
103.570	0.0358309	1	0
103.603	0.0334579	1	0
103.636	0.0341353	1	0
103.670	0.0341740	1	0
103.703	0.0321299	1	0
103.736	0.0319808	0	0
103.770	0.0320697	1	0
103.803	0.0309361	0	0
103.837	0.0322343	1	0
103.870	0.0296668	0	0
103.903	0.0321394	1	0
103.937	0.0293322	0	0
103.970	0.0297285	0	0
104.003	0.0293669	0	0
104.037	0.0321204	1	0
104.070	0.0302240	0	0
104.104	0.0275026	0	0
104.137	0.0305854	0	0
104.170	0.0305954	0	0
104.204	0.0287400	0	0
104.237	0.0281136	0	0
104.270	0.0282976	0	0
104.304	0.0304320	0	0
104.337	0.0298957	0	0
104.370	0.0283874	0	0
104.404	0.0296015	0	0
104.437	0.0280230	0	0
104.471	0.0276723	0	0
104.504	0.0260432	0	0
104.537	0.0300214	0	0
104.571	0.0268928	0	0
104.604	0.0261680	0	0
104.637	0.0278409	0	0
104.671	0.0287754	0	0
104.704	0.0286052	0	0
104.737	0.0265233	0	0
104.771	0.0277163	0	0
104.804	0.0284160	0	0
104.838	0.0276428	0	0
104.871	0.0286833	0	0
104.904	0.0291966	0	0
104.938	0.0278116	0	0
104.971	0.0276170	0	0
105.004	0.0289165	0	0
105.038	0.0282616	0	0
105.071	0.0298855	0	0
105.105	0.0263192	0	0
105.138	0.0291443	0	0
105.171	0.0288319	0	0
105.205	0.0291862	0	0
105.238	0.0321078	1	0
105.271	0.0293183	0	0
105.305	0.0301364	0	0
105.338	0.0287188	0	0
105.371	0.0273914	0	0
105.405	0.0278993	0	0
105.438	0.0288319	0	0
105.472	0.0295844	0	0
105.505	0.0281679	0	0
105.538	0.0297695	0	0
105.572	0.0265079	0	0
105.605	0.0272200	0	0
105.638	0.0279066	0	0
105.672	0.0267639	0	0
105.705	0.0275174	0	0
105.738	0.0278701	0	0
105.772	0.0302812	0	0
105.805	0.0366424	0	0
105.839	0.0399298	0	0
105.872	0.0416631	0	0
105.905	0.0385239	0	0
105.939	0.0391267	0	0
105.972	0.0404287	0	0
106.005	0.0416998	0	0
106.039	0.0429711	0	0
106.072	0.0406821	0	0
106.106	0.0397331	1	0
106.139	0.0375882	1	0
106.172	0.0351515	1	0
106.206	0.0355401	1	0
106.239	0.0354627	1	0
106.272	0.0321204	1	0
106.306	0.0329800	1	0
106.339	0.0324670	1	0
106.372	0.0321774	1	0
106.406	0.0294983	0	0
106.439	0.0300247	0	0
106.473	0.0288178	0	0
106.506	0.0314061	0	0
106.539	0.0315064	0	0
106.573	0.0301532	0	0
106.606	0.0313250	0	0
106.639	0.0333665	1	0
106.673	0.0295981	0	0
106.706	0.0304654	0	0
106.739	0.0342097	1	0
106.773	0.0333726	1	0
106.806	0.0326794	1	0
106.840	0.0310510	0	0
106.873	0.0304955	0	0
106.906	0.0288778	0	0
106.940	0.0322564	1	0
106.973	0.0303114	0	0
107.006	0.0312437	0	0
107.040	0.0310247	0	0
107.073	0.0293496	0	0
107.107	0.0307910	0	0
107.140	0.0308933	0	0
107.173	0.0286443	0	0
107.207	0.0296908	0	0
107.240	0.0280194	0	0
107.273	0.0296050	0	0
107.307	0.0286656	0	0
107.340	0.0290954	0	0
107.373	0.0285625	0	0
107.407	0.0291443	0	0
107.440	0.0317412	0	0
107.474	0.0266075	0	0
107.507	0.0270023	0	0
107.540	0.0289727	0	0
107.574	0.0267410	0	0
107.607	0.0268398	0	0
107.640	0.0264310	0	0
107.674	0.0276170	0	0
107.707	0.0260315	0	0
107.740	0.0253302	0	0
107.774	0.0260706	0	0
107.807	0.0260628	0	0
107.841	0.0264349	0	0
107.874	0.0270023	0	0
107.907	0.0279321	0	0
107.941	0.0278664	0	0
107.974	0.0292280	0	0
108.007	0.0269759	0	0
108.041	0.0277897	0	0
108.074	0.0285054	0	0
108.108	0.0255263	0	0
108.141	0.0298855	0	0
108.174	0.0290919	0	0
108.208	0.0276355	0	0
108.241	0.0268170	0	0
108.274	0.0284339	0	0
108.308	0.0277970	0	0
108.341	0.0333238	0	0
108.374	0.0365423	0	0
108.408	0.0391812	0	0
108.441	0.0393161	1	0
108.475	0.0391942	1	0
108.508	0.0356544	1	0
108.541	0.0376396	1	0
108.575	0.0363020	1	0
108.608	0.0366729	1	0
108.641	0.0339050	1	0
108.675	0.0332198	1	0
108.708	0.0329337	1	0
108.741	0.0310050	0	0
108.775	0.0320951	1	0
108.808	0.0313120	0	0
108.842	0.0307844	0	0
108.875	0.0308339	0	0
108.908	0.0310870	0	0
108.942	0.0307943	0	0
108.975	0.0309886	0	0
109.008	0.0288072	0	0
109.042	0.0291897	0	0
109.075	0.0283802	0	0
109.109	0.0293565	0	0
109.142	0.0291862	0	0
109.175	0.0291129	0	0
109.209	0.0300112	0	0
109.242	0.0278189	0	0
109.275	0.0274025	0	0
109.309	0.0288001	0	0
109.342	0.0301532	0	0
109.375	0.0288249	0	0
109.409	0.0292767	0	0
109.442	0.0271601	0	0
109.476	0.0326701	1	0
109.509	0.0257090	0	0
109.542	0.0274545	0	0
109.576	0.0304187	0	0
109.609	0.0279357	0	0
109.642	0.0309854	0	0
109.676	0.0288954	0	0
109.709	0.0265386	0	0
109.742	0.0288354	0	0
109.776	0.0301735	0	0
109.809	0.0283515	0	0
109.843	0.0282760	0	0
109.876	0.0300654	0	0
109.909	0.0294499	0	0
109.943	0.0253584	0	0
109.976	0.0285018	0	0
110.009	0.0281426	0	0
110.043	0.0301735	0	0
110.076	0.0273951	0	0
110.110	0.0271339	0	0
110.143	0.0265348	0	0
110.176	0.0264002	0	0
110.210	0.0283981	0	0
110.243	0.0317925	0	0
110.276	0.0391449	0	0
110.310	0.0429901	0	0
110.343	0.0379679	0	0
110.376	0.0386347	1	0
110.410	0.0360376	1	0
110.443	0.0355429	1	0
110.477	0.0354541	1	0
110.510	0.0335338	1	0
110.543	0.0334305	1	0
110.577	0.0317765	0	0
110.610	0.0322500	1	0
110.643	0.0317925	0	0
110.677	0.0302846	0	0
110.710	0.0287577	0	0
110.743	0.0311524	0	0
110.777	0.0309064	0	0
110.810	0.0312502	0	0
110.844	0.0303114	0	0
110.877	0.0269419	0	0
110.910	0.0287436	0	0
110.944	0.0285090	0	0
110.977	0.0304588	0	0
111.010	0.0296290	0	0
111.044	0.0279830	0	0
111.077	0.0291338	0	0
111.111	0.0298514	0	0
111.144	0.0283694	0	0
111.177	0.0280557	0	0
111.211	0.0268170	0	0
111.244	0.0270287	0	0
111.277	0.0283264	0	0
111.311	0.0297763	0	0
111.344	0.0271451	0	0
111.377	0.0274359	0	0
111.411	0.0280919	0	0
111.444	0.0290709	0	0
111.478	0.0294396	0	0
111.511	0.0286904	0	0
111.544	0.0277384	0	0
111.578	0.0298719	0	1
111.611	0.0295740	0	1
111.644	0.0312372	0	1
111.678	0.0276428	0	1
111.711	0.0365645	0	0
111.744	0.0420254	0	0
111.778	0.0429214	0	0
111.811	0.0407919	0	0
111.845	0.0404815	1	0
111.878	0.0418629	1	0
111.911	0.0385213	1	0
111.945	0.0386689	1	0
111.978	0.0389416	1	0
112.011	0.0367699	1	0
112.045	0.0374716	1	0
112.078	0.0358933	1	0
112.112	0.0364475	1	0
112.145	0.0354254	1	0
112.178	0.0360065	1	0
112.212	0.0369218	1	0
112.245	0.0363384	1	0
112.278	0.0356544	1	0
112.312	0.0347087	1	0
112.345	0.0343344	1	0
112.378	0.0333268	1	0
112.412	0.0330047	1	0
112.445	0.0330078	1	0
112.479	0.0318341	0	0
112.512	0.0316449	0	0
112.545	0.0317893	0	0
112.579	0.0309064	0	0
112.612	0.0312925	0	0
112.645	0.0325765	1	0
112.679	0.0322973	1	0
112.712	0.0303785	0	0
112.745	0.0290394	0	0
112.779	0.0300485	0	0
112.812	0.0290113	0	0
112.846	0.0306320	0	0
112.879	0.0280230	0	0
112.912	0.0266610	0	0
112.946	0.0319617	0	0
112.979	0.0316514	0	0
113.012	0.0308108	0	0
113.046	0.0302274	0	0
113.079	0.0320157	1	0
113.113	0.0294706	0	0
113.146	0.0325546	1	0
113.179	0.0315193	0	0
113.213	0.0316803	0	0
113.246	0.0311524	0	0
113.279	0.0298105	0	0
113.313	0.0289376	0	0
113.346	0.0279029	0	0
113.379	0.0299161	0	0
113.413	0.0294326	0	0
113.446	0.0295706	0	0
113.480	0.0306851	0	0
113.513	0.0284625	0	0
113.546	0.0269268	0	0
113.580	0.0315064	0	0
113.613	0.0287966	0	0
113.646	0.0316417	0	0
113.680	0.0310673	0	0
113.713	0.0293911	0	0
113.746	0.0302577	0	0
113.780	0.0301600	0	0
113.813	0.0277457	0	0
113.847	0.0288213	0	0
113.880	0.0277494	0	0
113.913	0.0303248	0	0
113.947	0.0298173	0	0
113.980	0.0300552	0	0
114.013	0.0314741	0	0
114.047	0.0311033	0	0
114.080	0.0287789	0	0
114.114	0.0310542	0	0
114.147	0.0272611	0	0
114.180	0.0277750	0	0
114.214	0.0301903	0	0
114.247	0.0309097	0	0
114.280	0.0282940	0	0
114.314	0.0291059	0	0
114.347	0.0287436	0	0
114.380	0.0273356	0	0
114.414	0.0309295	0	0
114.447	0.0317893	0	0
114.481	0.0284053	0	0
114.514	0.0291024	0	0
114.547	0.0297490	0	0
114.581	0.0316963	0	0
114.614	0.0378659	0	0
114.647	0.0395920	0	0
114.681	0.0396511	0	0
114.714	0.0386742	1	0
114.747	0.0357996	1	0
114.781	0.0313737	0	0
114.814	0.0332566	1	0
114.848	0.0315548	0	0
114.881	0.0317188	0	0
114.914	0.0297421	0	0
114.948	0.0322721	1	0
114.981	0.0328409	1	0
115.014	0.0334214	1	0
115.048	0.0309886	0	0
115.081	0.0311230	0	0
115.115	0.0312697	0	0
115.148	0.0296736	0	0
115.181	0.0291862	0	0
115.215	0.0291129	0	0
115.248	0.0312144	0	0
115.281	0.0298446	0	0
115.315	0.0293010	0	0
115.348	0.0304354	0	0
115.381	0.0274841	0	0
115.415	0.0305755	0	0
115.448	0.0312078	0	0
115.482	0.0313996	0	0
115.515	0.0300552	0	0
115.548	0.0307546	0	0
115.582	0.0282580	0	0
115.615	0.0279212	0	0
115.648	0.0292662	0	0
115.682	0.0288213	0	0
115.715	0.0272611	0	0
115.748	0.0301971	0	0
115.782	0.0304855	0	0
115.815	0.0273207	0	0
115.849	0.0271751	0	0
115.882	0.0280666	0	0
115.915	0.0260472	0	0
115.949	0.0295431	0	0
115.982	0.0281353	0	0
116.015	0.0299229	0	0
116.049	0.0300078	0	0
116.082	0.0291443	0	0
116.116	0.0290919	0	0
116.149	0.0302610	0	0
116.182	0.0288037	0	0
116.216	0.0294499	0	0
116.249	0.0308768	0	0
116.282	0.0316353	0	0
116.316	0.0296668	0	0
116.349	0.0316514	0	0
116.382	0.0308867	0	0
116.416	0.0302106	0	0
116.449	0.0287329	0	0
116.483	0.0281426	0	0
116.516	0.0284196	0	0
116.549	0.0295465	0	0
116.583	0.0299501	0	0
116.616	0.0300112	0	0
116.649	0.0308570	0	0
116.683	0.0307910	0	0
116.716	0.0286833	0	0
116.749	0.0286869	0	0
116.783	0.0278591	0	0
116.816	0.0274767	0	0
116.850	0.0283371	0	0
116.883	0.0318660	0	0
116.916	0.0298207	0	0
116.950	0.0301330	0	0
116.983	0.0287152	0	0
117.016	0.0280266	0	0
117.050	0.0303885	0	0
117.083	0.0266152	0	0
117.117	0.0294430	0	0
117.150	0.0278993	0	0
117.183	0.0284160	0	0
117.217	0.0282544	0	0
117.250	0.0284089	0	0
117.283	0.0280230	0	0
117.317	0.0283300	0	0
117.350	0.0305522	0	0
117.383	0.0372155	1	0
117.417	0.0380910	1	0
117.450	0.0412829	1	0
117.484	0.0386400	1	0
117.517	0.0382802	1	0
117.550	0.0373028	1	0
117.584	0.0352959	1	0
117.617	0.0339529	1	0
117.650	0.0346735	1	0
117.684	0.0344881	1	0
117.717	0.0354512	1	0
117.750	0.0359018	1	0
117.784	0.0338208	1	0
117.817	0.0345324	1	0
117.851	0.0328781	1	0
117.884	0.0345795	1	0
117.917	0.0340487	1	0
117.951	0.0319362	0	0
117.984	0.0313769	0	0
118.017	0.0331892	1	0
118.051	0.0323194	1	0
118.084	0.0331830	1	0
118.118	0.0301364	0	0
118.151	0.0324231	1	0
118.184	0.0311066	0	0
118.218	0.0320729	1	0
118.251	0.0328130	1	0
118.284	0.0320983	1	0
118.318	0.0307447	0	0
118.351	0.0319330	0	0
118.384	0.0322532	1	0
118.418	0.0294257	0	0
118.451	0.0319075	0	0
118.485	0.0293565	0	0
118.518	0.0362122	0	0
118.551	0.0445042	0	0
118.585	0.0429972	0	0
118.618	0.0440607	0	0
118.651	0.0421415	0	0
118.685	0.0438686	0	0
118.718	0.0389782	0	0
118.751	0.0365283	1	0
118.785	0.0370538	1	0
118.818	0.0375719	1	0
118.852	0.0360235	1	0
118.885	0.0329955	1	0
118.918	0.0327789	1	0
118.952	0.0340487	1	0
118.985	0.0322216	1	0
119.018	0.0326296	1	0
119.052	0.0322374	1	0
119.085	0.0323194	1	0
119.119	0.0314579	0	0
119.152	0.0312404	0	0
119.185	0.0331002	1	0
119.219	0.0327789	1	0
119.252	0.0322311	1	0
119.285	0.0296393	0	0
119.319	0.0303450	0	0
119.352	0.0297353	0	0
119.385	0.0294672	0	0
119.419	0.0307050	0	0
119.452	0.0291129	0	0
119.486	0.0283407	0	0
119.519	0.0301093	0	0
119.552	0.0341502	0	0
119.586	0.0398226	0	0
119.619	0.0417315	0	0
119.652	0.0441092	0	0
119.686	0.0414967	0	0
119.719	0.0419503	1	0
119.752	0.0374852	1	0
119.786	0.0356230	1	0
119.819	0.0347878	1	0
119.853	0.0348345	1	0
119.886	0.0335247	1	0
119.919	0.0351196	1	0
119.953	0.0339859	1	0
119.986	0.0334852	1	0
120.019	0.0339949	1	0
120.053	0.0343047	1	0
120.086	0.0319553	0	0
120.120	0.0325546	0	0
120.153	0.0331585	0	0
120.186	0.0342483	0	0
120.220	0.0330509	0	0
120.253	0.0334974	0	0
120.286	0.0286052	0	0
120.320	0.0291931	0	0
120.353	0.0312665	0	0
120.386	0.0307745	0	0
120.420	0.0300146	0	0
120.453	0.0298923	0	0
120.487	0.0292210	0	0
120.520	0.0284447	0	0
120.553	0.0280049	0	0
120.587	0.0276759	0	0
120.620	0.0299399	0	0
120.653	0.0304086	0	0
120.687	0.0269306	0	0
120.720	0.0264887	0	0
120.753	0.0279539	0	0
120.787	0.0307215	0	0
120.820	0.0332351	1	0
120.854	0.0361307	1	0
120.887	0.0343225	1	0
120.920	0.0311295	0	0
120.954	0.0293253	0	0
120.987	0.0265693	0	0
121.020	0.0280629	0	0
121.054	0.0265654	0	0
121.087	0.0271489	0	0
121.121	0.0266572	0	0
121.154	0.0301566	0	0
121.187	0.0263887	0	0
121.221	0.0264310	0	0
121.254	0.0253664	0	0
121.287	0.0239383	0	0
121.321	0.0249906	0	0
121.354	0.0259650	0	0
121.387	0.0256892	0	0
121.421	0.0260784	0	0
121.454	0.0252377	0	0
121.488	0.0288390	0	0
121.521	0.0251650	0	0
121.554	0.0286301	0	0
121.588	0.0285625	0	0
121.621	0.0277494	0	0
121.654	0.0266496	0	0
121.688	0.0288672	0	0
121.721	0.0277823	0	0
121.754	0.0254904	0	0
121.788	0.0293634	0	0
121.821	0.0268625	0	0
121.855	0.0293183	0	0
121.888	0.0359273	1	0
121.921	0.0504935	1	0
121.955	0.0618228	1	0
121.988	0.0655469	1	0
122.021	0.0659200	1	0
122.055	0.0511522	1	0
122.088	0.0476274	1	0
122.122	0.0456954	1	0
122.155	0.0565862	1	0
122.188	0.0640172	1	0
122.222	0.0695126	1	0
122.255	0.0685249	1	0
122.288	0.0707171	1	0
122.322	0.0672161	1	0
122.355	0.0687132	1	0
122.388	0.0730316	1	0
122.422	0.0726909	1	0
122.455	0.0711503	1	0
122.489	0.0695243	1	0
122.522	0.0638708	1	0
122.555	0.0579613	1	0
122.589	0.0362010	1	0
122.622	0.0308999	0	0