0.0,-0.9075303313732727
0.266,-0.9075303313732727
0.532,-0.8990455283642845
0.797,-0.8990455283642845
1.063,-0.8990455283642845
1.329,-0.8990455283642845
1.594,-0.8990455283642845
1.86,-0.8990455283642845
2.126,-0.8990455283642845
2.391,-0.8990455283642845
2.657,-0.8990455283642845
2.923,-0.8990455283642845
3.188,-0.8990455283642845
3.454,-0.8990455283642845
3.72,-0.8990455283642845
3.985,-0.8990455283642845
4.251,-0.8990455283642845
4.517,-0.8990455283642845
4.782,-0.8990455283642845
5.048,-0.8990455283642845
5.313,-0.8990455283642845
5.579,-0.8990455283642845
5.845,-0.8990455283642845
6.11,-0.8990455283642845
6.376,-0.8990455283642845
6.642,-0.8990455283642845
6.907,-0.8990455283642845
7.173,-0.8990455283642845
7.439,-0.8863189716445884
7.704,-0.8863189716445884
7.97,-0.8735919830623683
8.236,-0.8481384377604521
8.501,-0.5936025528787658
8.767,-0.5257262881194812
9.033,-0.5257262881194812
9.298,-0.5257262881194812
9.564,-0.5257262881194812
9.83,-0.5257262881194812
10.095,-0.5257262881194812
10.361,-0.5257262881194812
10.627,-0.5257262881194812
10.892,-0.5257262881194812
11.158,-0.5257262881194812
11.423,-0.5257262881194812
11.689,-0.5257262881194812
11.955,-0.5257262881194812
12.22,-0.5257262881194812
12.486,-0.5257262881194812
12.752,-0.5172419169730171
13.017,-0.5172419169730171
13.283,-0.5172419169730171
13.549,-0.5172419169730171
13.814,-0.5172419169730171
14.08,-0.5172419169730171
14.346,-0.5172419169730171
14.611,-0.5172419169730171
14.877,-0.5172419169730171
15.143,-0.5172419169730171
15.408,-0.500272742817565
15.674,-0.5129997313997852
15.94,-0.377247201881216
16.205,-0.2627060320913309
16.471,-0.28815957739324716
16.737,-0.2839173918200152
17.002,-0.10149995727084561
17.268,-0.09725777169761342
17.533,-0.10149995727084561
17.799,-0.10149995727084561
18.065,-0.10149995727084561
18.33,-0.10149995727084561
18.596,-0.10149995727084561
18.862,-0.10149995727084561
19.127,-0.10149995727084561
19.393,-0.10149995727084561
19.659,-0.10149995727084561
19.924,-0.10149995727084561
20.19,-0.10149995727084561
20.456,-0.10149995727084561
20.721,-0.10149995727084561
20.987,-0.10149995727084561
21.253,-0.10149995727084561
21.518,-0.10149995727084561
21.784,-0.10149995727084561
22.05,-0.10149995727084561
22.315,-0.10149995727084561
22.581,-0.10149995727084561
22.847,-0.10149995727084561
23.112,-0.10149995727084561
23.378,-0.10149995727084561
23.643,-0.10149995727084561
23.909,-0.10149995727084561
24.175,-0.10149995727084561
24.44,-0.10149995727084561
24.706,-0.10149995727084561
24.972,-0.10149995727084561
25.237,-0.10149995727084561
25.503,-0.10149995727084561
25.769,-0.10149995727084561
26.034,-0.10149995727084561
26.3,-0.10149995727084561
26.566,-0.08877340055114942
26.831,-0.08028859754216136
27.097,-0.08028859754216136
27.363,-0.08028859754216136
27.628,-0.07604641196892935
27.894,0.030010386674491536
28.16,0.12758238230892455
28.425,0.18273165848598888
28.675,0.24636573767204145
28.941,0.34817991887970645
29.207,0.34817991887970645
29.472,0.34817991887970645
29.738,0.34817991887970645
30.004,0.34817991887970645
30.269,0.34817991887970645
30.535,0.34817991887970645
30.8,0.34817991887970645
31.066,0.3566647218886945
31.332,0.3566647218886945
31.597,0.3566647218886945
31.863,0.3566647218886945
32.129,0.3566647218886945
32.394,0.3566647218886945
32.66,0.3566647218886945
32.926,0.3566647218886945
33.191,0.3566647218886945
33.457,0.3566647218886945
33.723,0.3566647218886945
33.988,0.3566647218886945
34.254,0.3566647218886945
34.52,0.3566647218886945
34.785,0.3566647218886945
35.051,0.3566647218886945
35.317,0.3566647218886945
35.582,0.3566647218886945
35.848,0.3566647218886945
36.114,0.3566647218886945
36.379,0.3566647218886945
36.645,0.3566647218886945
36.91,0.3566647218886945
37.176,0.3566647218886945
37.442,0.3566647218886945
37.707,0.3566647218886945
37.973,0.3566647218886945
38.239,0.3566647218886945
38.504,0.3566647218886945
38.77,0.3566647218886945
39.036,0.3566647218886945
39.301,0.3566647218886945
39.567,0.3566647218886945
39.833,0.3566647218886945
40.098,0.3566647218886945
40.364,0.3566647218886945
40.63,0.3566647218886945
40.895,0.3566647218886945
41.161,0.3566647218886945
41.427,0.3566647218886945
41.692,0.3566647218886945
41.958,0.3566647218886945
42.224,0.3566647218886945
42.489,0.36090690746192655
42.755,0.44999453194989536
43.02,0.5433243420110961
43.286,0.5433243420110961
43.552,0.5433243420110961
43.817,0.5433243420110961
44.083,0.5645357017397803
44.349,0.5645357017397803
44.614,0.5645357017397803
44.88,0.6790768715296653
45.146,0.971792858432964
45.411,0.9505814987042795
45.677,0.9505814987042795
45.943,-0.09725777169761342
46.208,-0.1736184076033622
46.474,-0.3093709371219313
46.74,-0.8184427068853037
47.005,-0.8735919830623683
47.271,-0.839654066613988
47.537,-0.839654066613988
47.802,-0.839654066613988
48.068,-0.839654066613988
48.334,-0.839654066613988
48.599,-0.8354118810407559
48.865,-0.8226848924585358
49.13,-0.8226848924585358
49.396,-0.8142005213120718
49.662,-0.7802621730011675
49.912,-0.7590508132724834
50.177,-0.7463242565527872
50.443,-0.6996593515221868
50.709,-0.6657210032112825
50.974,-0.5808759961590697
51.24,-0.5681490075768496
51.506,-0.5681490075768496
51.771,-0.5681490075768496
52.037,-0.5681490075768496
52.303,-0.5469376478481655
52.568,-0.5299689055552373
52.834,-0.5257262881194812
53.1,-0.5257262881194812
53.365,-0.5129997313997852
53.631,-0.48754618609786887
53.897,-0.48754618609786887
54.162,-0.48754618609786887
54.428,-0.4833040005246369
54.694,-0.4833040005246369
54.959,-0.4833040005246369
55.225,-0.4833040005246369
55.491,-0.47906138308888085
55.756,-0.4323964780582804
56.006,-0.3008865659754673
56.272,0.013041212519039475
56.537,0.0978866514337763
56.803,0.34393773330647426
57.069,0.3736334641816225
57.334,0.3736334641816225
57.6,0.4287831722212111
57.866,0.5433243420110961
58.131,0.5687778873130123
58.397,0.6196849779168447
58.663,0.6536228943652252
58.928,0.6918034282493614
59.194,0.6918034282493614
59.46,0.6918034282493614
59.725,0.6918034282493614
59.991,0.6918034282493614
60.257,0.7045304168315814
60.522,0.7087726024048134
60.788,0.7087726024048134
61.054,0.7087726024048134
61.319,0.7087726024048134
61.585,0.7087726024048134
61.851,0.7087726024048134
62.116,0.06819048869610399
62.382,-0.5851181817323018
62.647,-0.6317830867629022
62.913,-0.7463242565527872
63.179,-0.7717778018547035
63.444,-0.7717778018547035
63.71,-0.7717778018547035
63.976,-0.7717778018547035
64.241,-0.7717778018547035
64.507,-0.7675356162814714
64.773,-0.7675356162814714
65.038,-0.7675356162814714
65.304,-0.7548086276992512
65.57,-0.7378394535437992
65.835,-0.7378394535437992
66.101,-0.7378394535437992
66.367,-0.7378394535437992
66.632,-0.7378394535437992
66.898,-0.7378394535437992
67.164,-0.7378394535437992
67.429,-0.7378394535437992
67.695,-0.7378394535437992
67.961,-0.7378394535437992
68.226,-0.7378394535437992
68.492,-0.7378394535437992
68.757,-0.7378394535437992
69.023,-0.7378394535437992
69.289,-0.7123859082418829
69.554,-0.6954171659489548
69.82,-0.6954171659489548
70.086,-0.6954171659489548
70.351,-0.5554224508571536
70.617,-0.5851181817323018
70.883,-0.5851181817323018
71.148,-0.5893603673055338
71.414,-0.5893603673055338
71.68,-0.5893603673055338
71.945,-0.5893603673055338
72.211,-0.5893603673055338
72.477,-0.7123859082418829
72.727,-0.7463242565527872
72.992,-0.7463242565527872
73.258,-0.7420820709795553
73.524,-0.7420820709795553
73.789,-0.7420820709795553
74.055,-0.7463242565527872
74.321,-0.7548086276992512
74.586,-0.7505664421260192
74.852,-0.7505664421260192
75.118,-0.7505664421260192
75.383,-0.7505664421260192
75.649,-0.7505664421260192
75.914,-0.7505664421260192
76.18,-0.7505664421260192
76.446,-0.7505664421260192
76.711,-0.7505664421260192
76.977,-0.7505664421260192
77.243,-0.7505664421260192
77.508,-0.7505664421260192
77.774,-0.7463242565527872
78.04,-0.7463242565527872
78.305,-0.7463242565527872
78.571,-0.7463242565527872
78.837,-0.7463242565527872
79.102,-0.7463242565527872
79.368,-0.7463242565527872
79.634,-0.7463242565527872
79.899,-0.7463242565527872
80.165,-0.7463242565527872
80.431,-0.7463242565527872
80.696,-0.7463242565527872
80.962,-0.7463242565527872
81.228,-0.7463242565527872
81.493,-0.7420820709795553
81.759,-0.7802621730011675
82.024,-0.7632934307082393
82.29,-0.7548086276992512
82.556,-0.8438962521872201
82.821,-0.733597267970567
83.087,-0.725112896824103
83.353,-0.6529944464915863
83.618,-0.6402674579093662
83.884,-0.7039015370954188
84.15,-0.8184427068853037
84.415,-0.8057157183030837
84.681,-0.8057157183030837
84.947,-0.8057157183030837
85.212,-0.8057157183030837
85.478,-0.8057157183030837
85.744,-0.8057157183030837
86.009,-0.8057157183030837
86.275,-0.8057157183030837
86.541,-0.8057157183030837
86.806,-0.8057157183030837
87.072,-0.8057157183030837
87.338,-0.8057157183030837
87.603,-0.8057157183030837
87.869,-0.8057157183030837
88.134,-0.8057157183030837
88.4,-0.8057157183030837
88.666,-0.8057157183030837
88.931,-0.8057157183030837
89.197,-0.8057157183030837
89.463,-0.8057157183030837
89.728,-0.8057157183030837
89.994,-0.8057157183030837
90.26,-0.8057157183030837
90.525,-0.8057157183030837
90.791,-0.7590508132724834
91.057,-0.6911745485131986
91.322,-0.5978447384519979
91.588,-0.5978447384519979
91.854,-0.5978447384519979
92.119,-0.5978447384519979
92.385,-0.5978447384519979
92.651,-0.5978447384519979
92.916,-0.5978447384519979
93.182,-0.5978447384519979
93.448,-0.5978447384519979
93.713,-0.5978447384519979
93.979,-0.5978447384519979
94.244,-0.5978447384519979
94.51,-0.5978447384519979
94.776,-0.5978447384519979
95.041,-0.5978447384519979
95.307,-0.5978447384519979
95.573,-0.5978447384519979
95.838,-0.5978447384519979
96.104,-0.5978447384519979
96.37,-0.5978447384519979
96.635,-0.5978447384519979
96.901,-0.5978447384519979
97.167,-0.5978447384519979
97.432,-0.5978447384519979
97.698,-0.5936025528787658
97.964,-0.5893603673055338
98.229,-0.5893603673055338
98.495,-0.5257262881194812
98.761,-0.48754618609786887
99.026,-0.48754618609786887
99.292,-0.48754618609786887
99.558,-0.48754618609786887
99.823,-0.48754618609786887
100.089,-0.48754618609786887
100.354,-0.48754618609786887
100.62,-0.48754618609786887
100.886,-0.48754618609786887
101.151,-0.48754618609786887
101.417,-0.48754618609786887
101.683,-0.48754618609786887
101.948,-0.48754618609786887
102.214,-0.48754618609786887
102.48,-0.48754618609786887
102.745,-0.48754618609786887
103.011,-0.4833040005246369
103.277,-0.4833040005246369
103.542,-0.4833040005246369
103.808,-0.4833040005246369
104.074,-0.4833040005246369
104.339,-0.4833040005246369
104.605,-0.47906138308888085
104.871,-0.47906138308888085
105.136,-0.47906138308888085
105.402,-0.47906138308888085
105.668,-0.47906138308888085
105.933,-0.47057701194241675
106.199,-0.45785002336019665
106.464,-0.45785002336019665
106.73,-0.45785002336019665
106.996,-0.45785002336019665
107.261,-0.4536078377869647
107.527,-0.4536078377869647
107.793,-0.4239121069118163
108.058,-0.41118511832959626
108.324,-0.40694293275636423
108.59,-0.3390666679970796
108.855,-0.3263401112773835
109.121,-0.3263401112773835
109.387,-0.3263401112773835
109.652,-0.2075567559142665
109.918,0.00031422393681941266
110.184,0.034252572247723725
110.449,0.1657624843305368
110.715,0.23788136652557745
110.981,0.305757199422338
111.246,0.305757199422338
111.512,0.305757199422338
111.778,0.314242002431326
112.043,0.34817991887970645
112.309,0.3524221044529385
112.574,0.3736334641816225
112.84,0.44575234637666317
113.106,0.4542367175231274
113.371,0.4542367175231274
113.637,0.5009016225537277
113.903,0.5051438081269599
114.168,0.5093859937001919
114.434,0.5136281792734239
114.684,0.5772622584594764
114.95,0.5984736181881605
115.215,0.6239271634900767
115.481,0.6875612426761293
115.747,0.7427105188531938
116.012,0.7427105188531938
116.278,0.7427105188531938
116.544,0.7427105188531938
116.809,0.7427105188531938
117.075,0.7427105188531938
117.341,0.7427105188531938
117.606,0.7427105188531938
117.872,0.7427105188531938
118.138,0.7427105188531938
118.403,0.7427105188531938
118.669,0.7469527044264258
118.935,0.7469527044264258
119.2,0.7469527044264258
119.466,0.7469527044264258
119.731,0.7469527044264258
119.997,0.7469527044264258
120.263,0.7469527044264258
120.528,0.7469527044264258
120.794,0.7469527044264258
121.06,0.7469527044264258
121.325,0.7469527044264258
121.591,0.7469527044264258
121.857,0.7469527044264258
122.122,0.7469527044264258
122.388,0.7469527044264258
122.654,0.7469527044264258
122.919,0.7469527044264258
123.185,0.7469527044264258
123.451,0.7469527044264258
123.716,0.7511953218621819
123.982,0.7936176094570263
124.248,1.001488589308112
124.513,1.2814784513542383
124.779,1.6208593432881375
125.045,1.667524248318738
125.31,1.667524248318738
125.576,1.667524248318738
125.841,1.6760086194652022
126.107,1.6760086194652022
126.373,1.6760086194652022
126.638,1.6760086194652022
126.904,1.6760086194652022
127.17,1.6760086194652022
127.435,1.6760086194652022
127.701,1.6760086194652022
127.967,1.6760086194652022
128.232,1.6760086194652022
128.498,1.6760086194652022
128.764,1.6760086194652022
129.029,1.6760086194652022
129.295,1.6760086194652022
129.561,1.6760086194652022
129.826,1.6760086194652022
130.092,1.6760086194652022
130.358,1.6760086194652022
130.623,1.6760086194652022
130.889,1.6760086194652022
131.155,1.6760086194652022
131.42,1.6760086194652022
131.686,1.6760086194652022
131.951,1.6760086194652022
132.217,1.6760086194652022
132.483,1.6760086194652022
132.748,1.6760086194652022
133.014,1.6760086194652022
133.28,1.6760086194652022
133.545,1.6760086194652022
133.811,1.6717664338919702
134.077,1.6717664338919702
134.342,1.6717664338919702
134.608,1.6717664338919702
134.874,1.6717664338919702
135.139,1.6717664338919702
135.405,1.6717664338919702
135.671,1.6717664338919702
135.936,1.6717664338919702
136.202,1.6717664338919702
136.468,1.6717664338919702
136.733,1.6717664338919702
136.999,1.6717664338919702
137.265,1.6717664338919702
137.53,1.6717664338919702
137.796,1.6717664338919702
138.061,1.6717664338919702
138.327,1.6717664338919702
138.593,1.6760086194652022
138.858,1.6760086194652022
139.124,1.6760086194652022
139.39,1.6760086194652022
139.655,1.6887356080474223
139.905,1.7014625966296422
140.171,1.8244881375659916
140.437,1.8541838684411396
140.702,1.8541838684411396
140.968,1.862668671450128
141.218,2.08326620802091
141.484,2.08326620802091
141.749,2.08326620802091
142.015,2.08326620802091
142.281,2.08326620802091
142.546,2.08326620802091
142.812,2.08326620802091
143.078,2.08326620802091
143.343,2.08326620802091
143.609,2.08326620802091
143.875,2.08326620802091
144.14,2.091750579167374
144.406,2.091750579167374
144.672,2.091750579167374
144.937,2.1129619388960577
145.203,2.125688927478278
145.468,2.1384154841979743
145.734,2.1935651922375623
146.0,2.261441456996847
146.265,2.320832918747144
146.531,2.3293177217561314
146.797,2.39295136907966
147.062,2.4353740885370283
147.328,2.4353740885370283
147.594,2.4353740885370283
147.859,2.4353740885370283
148.125,2.4353740885370283
148.391,2.4353740885370283
148.656,2.4353740885370283
148.922,2.4353740885370283
149.188,2.4396162741102607
149.453,2.4396162741102607
149.719,2.4396162741102607
149.985,2.4396162741102607
150.25,2.4396162741102607
150.516,2.4396162741102607
150.782,2.4396162741102607
151.047,2.354771267058048
151.313,1.8838795993162876
151.578,1.871153042596592
151.844,1.858426054014372
152.11,0.40757181249252683
152.375,-0.6614788176380505
152.641,-0.6996593515221868
152.907,-0.6954171659489548
153.172,-0.729355082397335
153.438,-0.729355082397335
153.704,-0.729355082397335
153.969,-0.729355082397335
154.235,-0.729355082397335
154.501,-0.729355082397335
154.766,-0.729355082397335
155.032,-0.729355082397335
155.298,-0.729355082397335
155.563,-0.729355082397335
155.829,-0.729355082397335
156.095,-0.7548086276992512
156.36,-0.7590508132724834
156.626,-0.7590508132724834
156.892,-0.7590508132724834
157.157,-0.7590508132724834
157.423,-0.7590508132724834
157.688,-0.7590508132724834
157.954,-0.7590508132724834
158.22,-0.7590508132724834
158.485,-0.7590508132724834
158.751,-0.7590508132724834
159.017,-0.7590508132724834
159.282,-0.7590508132724834
159.548,-0.7590508132724834
159.814,-0.7590508132724834
160.079,-0.7590508132724834
160.345,-0.7590508132724834
160.611,-0.7590508132724834
160.876,-0.7590508132724834
161.142,-0.7590508132724834
161.408,-0.7590508132724834
161.673,-0.7548086276992512
161.939,-0.7548086276992512
162.205,-0.7548086276992512
162.47,-0.7548086276992512
162.736,-0.7548086276992512
163.002,-0.7548086276992512
163.267,-0.7548086276992512
163.533,-0.7548086276992512
163.798,-0.7548086276992512
164.064,-0.7548086276992512
164.33,-0.7548086276992512
164.595,-0.7548086276992512
164.861,-0.7548086276992512
165.127,-0.7548086276992512
165.392,-0.7548086276992512
165.658,-0.7548086276992512
165.924,-0.7548086276992512
166.189,-0.7548086276992512
166.455,-0.7548086276992512
166.721,-0.7548086276992512
166.986,-0.7548086276992512
167.252,-0.7548086276992512
167.518,-0.7548086276992512
167.783,-0.7548086276992512
168.049,-0.7548086276992512
168.315,-0.7548086276992512
168.58,-0.7548086276992512
168.846,-0.7548086276992512
169.112,-0.7548086276992512
169.377,-0.7548086276992512
169.643,-0.7548086276992512
169.908,-0.7548086276992512
170.174,-0.7548086276992512
170.44,-0.7632934307082393
170.705,-0.6826901773667347
170.971,-0.6826901773667347
171.237,-0.6826901773667347
171.502,-0.6869323629399666
171.768,-0.9541952364038729
172.034,-0.9457104333948849
172.299,-0.949953050830641
172.565,-0.949953050830641
172.831,-0.949953050830641
173.096,-0.949953050830641
173.362,-0.949953050830641
173.628,-0.949953050830641
173.893,-0.949953050830641
174.159,-0.949953050830641
174.425,-0.949953050830641
174.69,-0.949953050830641
174.956,-0.949953050830641
175.222,-0.949953050830641
175.487,-0.949953050830641
175.753,-0.949953050830641
176.018,-0.949953050830641
176.284,-0.949953050830641
176.55,-0.949953050830641
176.815,-0.949953050830641
177.081,-0.949953050830641
177.347,-0.949953050830641
177.612,-0.949953050830641
177.878,-0.949953050830641
178.144,-0.949953050830641
178.409,-0.949953050830641
178.675,-0.949953050830641
178.941,-0.949953050830641
179.206,-0.949953050830641
179.472,-0.949953050830641
179.738,-0.949953050830641
180.003,-0.949953050830641
180.269,-0.949953050830641
180.535,-0.949953050830641
180.8,-0.949953050830641
181.066,-0.949953050830641
181.332,-0.949953050830641
181.597,-0.949953050830641
181.863,-0.949953050830641
182.128,-0.949953050830641
182.394,-0.949953050830641
182.66,-0.949953050830641
182.925,-0.949953050830641
183.191,-0.949953050830641
183.457,-0.949953050830641
183.722,-0.949953050830641
183.988,-0.949953050830641
184.254,-0.949953050830641
184.519,-0.949953050830641
184.785,-0.949953050830641
185.051,-0.949953050830641
185.316,-0.949953050830641
185.582,-0.949953050830641
185.848,-0.949953050830641
186.113,-0.949953050830641
186.379,-0.9457104333948849
186.645,-0.9457104333948849
186.91,-0.9457104333948849
187.176,-0.9457104333948849
187.442,-0.9457104333948849
187.707,-0.9457104333948849
187.973,-0.9414682478216528
188.238,-0.9414682478216528
188.504,-0.9414682478216528
188.77,-0.9414682478216528
189.035,-0.9414682478216528
189.301,-0.9414682478216528
189.567,-0.9414682478216528
189.832,-0.9414682478216528
190.098,-0.9244995055287247
190.348,-0.9075303313732727
190.614,-0.839654066613988
190.879,-0.6784479917935027
191.145,-0.5214841025462492
191.411,-0.47906138308888085
191.676,-0.47906138308888085
191.942,-0.47906138308888085
192.208,-0.47906138308888085
192.473,-0.47906138308888085
192.739,-0.47906138308888085
193.005,-0.47906138308888085
193.27,-0.47906138308888085
193.536,-0.47906138308888085
193.802,-0.47906138308888085
194.067,-0.47906138308888085
194.333,-0.47906138308888085
194.599,-0.47906138308888085
194.864,-0.47906138308888085
195.13,-0.44512346664050056
195.395,-0.4323964780582804
195.661,-0.4323964780582804
195.927,-0.4323964780582804
196.192,-0.4323964780582804
196.458,-0.4323964780582804
196.724,-0.4323964780582804
196.989,-0.4323964780582804
197.255,-0.4323964780582804
197.521,-0.4323964780582804
197.786,-0.4323964780582804
198.052,-0.4408812810672685
198.318,-0.4239121069118163
198.583,-0.39421637603666804
198.833,-0.35179365657929973
199.099,-0.23725248678941477
199.365,-0.19482976733204643
199.63,-0.16513403645689817
199.896,-0.16089185088366598
200.162,-0.15664923344790993
200.427,-0.14392267672821393
200.693,-0.13119568814599386
200.959,-0.13119568814599386
201.224,-0.01665451835610878
201.49,-0.003927961636412588
201.755,-0.003927961636412588
202.021,0.02576776923873567
202.287,0.02576776923873567
202.552,0.02576776923873567
202.818,0.04273694339418773
203.084,0.04273694339418773
203.349,0.04697912896741973
203.615,0.05122174640317579
203.881,0.08091747727832405
204.146,0.0978866514337763
204.412,0.12334019673569237
204.678,0.12334019673569237
204.943,0.12334019673569237
205.209,0.14030893902862057
205.475,0.17000510176629288
205.74,0.17848947291275688
206.006,0.19121646149497692
206.272,0.23363874908982138
206.537,0.24636573767204145
206.803,0.24636573767204145
207.069,0.24636573767204145
207.334,0.24636573767204145
207.6,0.24636573767204145
207.865,0.24636573767204145
208.131,0.24636573767204145
208.397,0.24636573767204145
208.662,0.24636573767204145
208.928,0.24636573767204145
209.194,0.24636573767204145
209.459,0.24636573767204145
209.725,0.24636573767204145
209.991,0.24636573767204145
210.256,0.24636573767204145
210.522,0.24636573767204145
210.788,0.24636573767204145
211.053,0.24636573767204145
211.319,0.24636573767204145
211.585,0.24636573767204145
211.85,0.24636573767204145
212.116,0.24636573767204145
212.382,0.24636573767204145
212.647,0.24636573767204145
212.913,0.24636573767204145
213.179,0.24636573767204145
213.444,0.24636573767204145
213.71,0.24636573767204145
213.975,0.24636573767204145
214.241,0.24636573767204145
214.507,0.24636573767204145
214.772,0.24636573767204145
215.038,0.24636573767204145
215.304,0.2548501088185056
215.569,0.2548501088185056
215.835,0.25909229439173764
216.101,0.25909229439173764
216.366,0.25909229439173764
216.632,0.25909229439173764
216.898,0.25909229439173764
217.163,0.25909229439173764
217.429,0.25909229439173764
217.695,0.25909229439173764
217.96,0.25909229439173764
218.226,0.2633349118274937
218.492,0.2675770974007257
218.757,0.2675770974007257
219.023,0.2675770974007257
219.289,0.2675770974007257
219.554,0.2675770974007257
219.82,0.2718192829739577
220.085,0.2718192829739577
220.351,0.2718192829739577
220.617,0.2718192829739577
220.882,0.2718192829739577
221.148,0.2718192829739577
221.414,0.2718192829739577
221.679,0.2718192829739577
221.945,0.2718192829739577
222.211,0.2718192829739577
222.476,0.2718192829739577
222.742,0.2718192829739577
223.008,0.2760614685471897
223.273,0.3651490930351585
223.539,0.526355167855644
223.805,0.6281693490633088
224.07,0.7130147879780457
224.336,0.8190715866214665
224.602,0.8275559577679305
224.867,0.8275559577679305
225.133,0.8275559577679305
225.383,0.8275559577679305
225.649,0.844525131923383
225.914,0.844525131923383
226.18,0.844525131923383
226.446,0.844525131923383
226.711,0.844525131923383
226.977,0.844525131923383
227.242,0.8487673174966149
227.508,0.861493874216311
227.774,0.861493874216311
228.039,0.869978677225299
228.305,0.882705233944995
228.571,0.882705233944995
228.836,0.882705233944995
229.102,0.882705233944995
229.368,0.882705233944995
229.633,0.882705233944995
229.899,0.882705233944995
230.165,0.882705233944995
230.43,0.882705233944995
230.696,0.882705233944995
230.962,0.882705233944995
231.227,0.882705233944995
231.493,0.886947851380751
231.758,0.9039165936736795
232.024,0.9039165936736795
232.29,0.99724640373488
232.54,1.1414833043999133
232.805,1.2984471936471669
233.071,1.4426840943122
233.337,1.5232873476537045
233.602,1.5232873476537045
233.868,1.5232873476537045
234.134,1.5232873476537045
234.399,1.5232873476537045
234.665,1.5232873476537045
234.931,1.5275295332269365
235.196,1.5232873476537045
235.462,0.5730200728862445
235.728,0.522112982282412
235.993,0.522112982282412
236.259,0.5178707967091799
236.524,0.013041212519039475
236.79,0.013041212519039475
237.056,-0.2584638465180989
237.321,-0.24997904350911085
237.587,-0.24997904350911085
237.853,-0.24997904350911085
238.118,-0.24997904350911085
238.384,-0.24997904350911085
238.65,-0.24997904350911085
238.915,-0.24997904350911085
239.181,-0.24997904350911085
239.447,-0.24997904350911085
239.712,-0.24997904350911085
239.978,-0.24997904350911085
240.244,-0.24997904350911085
240.509,-0.24997904350911085
240.775,-0.24997904350911085
241.04,-0.24997904350911085
241.306,-0.23725248678941477
241.572,-0.23725248678941477
241.837,-0.23725248678941477
242.103,-0.23725248678941477
242.369,-0.23725248678941477
242.634,-0.23725248678941477
242.9,-0.10149995727084561
243.166,-0.07604641196892935
243.431,-0.4154277357653523
243.697,-0.5257262881194812
243.963,-0.602087355887754
244.228,-0.6572366320648184
244.494,-0.7420820709795553
244.76,-0.7972313471566196
245.025,-0.7845043585743995
245.291,-0.7760199874279354
245.556,-0.7760199874279354
245.822,-0.7760199874279354
246.088,-0.7760199874279354
246.353,-0.7760199874279354
246.619,-0.7760199874279354
246.885,-0.7760199874279354
247.15,-0.7760199874279354
247.416,-0.7760199874279354
247.682,-0.7760199874279354
247.947,-0.7760199874279354
248.213,-0.7760199874279354
248.479,-0.7760199874279354
248.744,-0.7760199874279354
249.01,-0.7760199874279354
249.276,-0.7760199874279354
249.541,-0.7760199874279354
249.807,-0.7760199874279354
250.072,-0.7760199874279354
250.338,-0.7760199874279354
250.604,-0.7760199874279354
250.869,-0.7760199874279354
251.135,-0.7760199874279354
251.401,-0.7760199874279354
251.666,-0.7760199874279354
251.932,-0.7760199874279354
252.198,-0.7760199874279354
252.463,-0.7760199874279354
252.729,-0.7760199874279354
252.995,-0.7760199874279354
253.26,-0.7760199874279354
253.526,-0.7760199874279354
253.792,-0.7760199874279354
254.057,-0.7760199874279354
254.323,-0.7760199874279354
254.588,-0.7760199874279354
254.854,-0.7760199874279354
255.12,-0.7760199874279354
255.385,-0.7760199874279354
255.651,-0.7760199874279354
255.917,-0.7760199874279354
256.182,-0.7760199874279354
256.448,-0.7760199874279354
256.714,-0.7760199874279354
256.979,-0.7760199874279354
257.245,-0.7760199874279354
257.511,-0.7760199874279354
257.776,-0.7760199874279354
258.042,-0.7760199874279354
258.308,-0.7760199874279354
258.573,-0.7760199874279354
258.839,-0.7760199874279354
259.104,-0.7760199874279354
259.37,-0.7760199874279354
259.636,-0.7760199874279354
259.901,-0.7760199874279354
260.167,-0.7760199874279354
260.433,-0.7760199874279354
260.698,-0.7760199874279354
260.964,-0.7760199874279354
261.23,-0.7760199874279354
261.495,-0.7760199874279354
261.761,-0.7760199874279354
262.027,-0.7760199874279354
262.292,-0.7760199874279354
262.558,-0.7760199874279354
262.824,-0.7760199874279354
263.089,-0.7760199874279354
263.355,-0.7760199874279354
263.62,-0.7760199874279354
263.886,-0.7717778018547035
264.152,-0.7717778018547035
264.417,-0.7717778018547035
264.683,-0.7717778018547035
264.949,-0.7717778018547035
265.214,-0.7717778018547035
265.48,-0.7717778018547035
265.746,-0.7717778018547035
266.011,-0.7717778018547035
266.277,-0.7717778018547035
266.543,-0.7717778018547035
266.808,-0.7717778018547035
267.074,-0.7717778018547035
267.34,-0.7717778018547035
267.605,-0.7717778018547035
267.871,-0.7717778018547035
268.136,-0.7717778018547035
268.402,-0.7717778018547035
268.668,-0.7717778018547035
268.933,-0.7717778018547035
269.199,-0.7717778018547035
269.465,-0.7717778018547035
269.73,-0.7717778018547035
269.996,-0.7717778018547035
270.262,-0.7717778018547035
270.527,-0.720870711250871
270.793,-0.7166285256776389
271.059,-0.7166285256776389
271.324,-0.7166285256776389
271.59,-0.7166285256776389
271.856,-0.7166285256776389
272.121,-0.7166285256776389
272.387,-0.7166285256776389
272.652,-0.7166285256776389
272.918,-0.7166285256776389
273.184,-0.7166285256776389
273.449,-0.7166285256776389
273.715,-0.7166285256776389
273.981,-0.7166285256776389
274.246,-0.7166285256776389
274.512,-0.7166285256776389
274.778,-0.7166285256776389
275.043,-0.7166285256776389
275.309,-0.7166285256776389
275.575,-0.7166285256776389
275.84,-0.7166285256776389
276.106,-0.7166285256776389
276.372,-0.7166285256776389
276.637,-0.7166285256776389
276.903,-0.7166285256776389
277.168,-0.7166285256776389
277.434,-0.7166285256776389
277.7,-0.7081437226686509
277.965,-0.7081437226686509
278.231,-0.7081437226686509
278.497,-0.7081437226686509
278.762,-0.7081437226686509
279.028,-0.7081437226686509
279.294,-0.7081437226686509
279.559,-0.7081437226686509
279.825,-0.7081437226686509
280.091,-0.7081437226686509
280.356,-0.7081437226686509
280.622,-0.7039015370954188
280.888,-0.7039015370954188
281.153,-0.3730050163079839
281.419,-0.19058758175881424
281.684,-0.09301558612438142
281.95,-0.09301558612438142
282.216,-0.09301558612438142
282.481,-0.09301558612438142
282.747,-0.09301558612438142
283.013,-0.13119568814599386
283.278,-0.13119568814599386
283.544,-0.13119568814599386
283.81,-0.13119568814599386
284.075,-0.13119568814599386
284.341,-0.13119568814599386
284.607,-0.13119568814599386
284.872,-0.13119568814599386
285.138,-0.13119568814599386
285.404,-0.13119568814599386
285.669,-0.13119568814599386
285.935,-0.13119568814599386
286.2,-0.13119568814599386
286.466,-0.12695350257276167
286.732,-0.12695350257276167
286.997,-0.12695350257276167
287.263,-0.12695350257276167
287.529,-0.12695350257276167
287.794,-0.12695350257276167
288.06,-0.12695350257276167
288.326,-0.12695350257276167
288.591,-0.12695350257276167
288.857,-0.12271131699952967
289.123,-0.12271131699952967
289.388,-0.12271131699952967
289.654,-0.12271131699952967
289.92,-0.12271131699952967
290.185,-0.10574214284407761
290.451,0.02576776923873567
290.716,0.22939656351658938
290.982,0.2803036541204219
291.232,0.3227263735777902
291.498,0.6281693490633088
291.763,0.6663498829474452
292.029,0.7427105188531938
292.295,0.7427105188531938
292.56,0.7427105188531938
292.826,0.7427105188531938
293.092,0.7469527044264258
293.357,0.7511953218621819
293.623,0.7554375074354139
293.889,0.7639218785818779
294.154,0.7639218785818779
294.42,0.7639218785818779
294.686,0.7639218785818779
294.951,0.7893754238837943
295.217,0.8063445980392464
295.483,0.8275559577679305
295.748,0.8572516886430789
296.014,0.861493874216311
296.279,0.9590663017132677
296.545,1.2687514627720184
296.811,1.472380257049872
297.076,1.472380257049872
297.342,1.5020759879250205
297.608,1.7226739563583262
297.873,1.930544504346888
298.139,1.930544504346888
298.405,1.930544504346888
298.67,1.930544504346888
298.936,1.930544504346888
299.202,1.930544504346888
299.467,1.930544504346888
299.733,1.930544504346888
299.999,1.930544504346888
300.264,1.930544504346888
300.53,1.930544504346888
300.795,1.930544504346888
301.061,1.930544504346888
301.327,1.930544504346888
301.592,1.930544504346888
301.858,1.9687250382310246
302.108,1.9687250382310246
302.374,1.9687250382310246
302.639,1.9687250382310246
302.905,1.9687250382310246
303.171,1.9687250382310246
303.436,1.9687250382310246
303.702,1.9687250382310246
303.968,1.9687250382310246
304.233,1.9687250382310246
304.499,1.9687250382310246
304.765,1.9687250382310246
305.03,1.9687250382310246
305.296,1.9687250382310246
305.561,1.9687250382310246
305.827,1.9687250382310246
306.093,1.9687250382310246
306.358,1.9687250382310246
306.624,1.9687250382310246
306.89,1.9687250382310246
307.155,1.9687250382310246
307.421,1.9687250382310246
307.687,2.168111646935646
307.952,2.2868950022987633
308.218,2.3759826267867323
308.484,2.4099205432351125
308.749,2.4099205432351125
309.015,2.4099205432351125
309.281,2.4099205432351125
309.546,2.4099205432351125
309.812,2.4099205432351125
310.077,2.4099205432351125
310.343,2.4099205432351125
310.609,2.4099205432351125
310.874,2.4099205432351125
311.14,2.4099205432351125
311.406,2.4099205432351125
311.671,2.4099205432351125
311.937,2.4099205432351125
312.203,2.4099205432351125
312.468,2.4099205432351125
312.734,2.4099205432351125
313.0,2.4099205432351125
313.265,2.4099205432351125
313.531,2.4099205432351125
313.797,2.4099205432351125
314.062,2.4099205432351125
314.328,2.4099205432351125
314.593,2.4099205432351125
314.859,2.4099205432351125
315.125,2.4099205432351125
315.39,2.4099205432351125
315.656,2.4099205432351125
315.922,2.4099205432351125
316.187,2.4099205432351125
316.453,2.4099205432351125
316.719,2.4099205432351125
316.984,2.4099205432351125
317.25,2.4099205432351125
317.516,2.4099205432351125
317.781,2.4099205432351125
318.047,2.4099205432351125
318.313,2.4099205432351125
318.578,2.4099205432351125
318.844,2.4099205432351125
319.109,2.4099205432351125
319.375,2.4099205432351125
319.641,2.4099205432351125
319.906,2.4099205432351125
320.172,2.4099205432351125
320.438,2.4099205432351125
320.703,2.4099205432351125
320.969,2.414162728808344
321.235,2.414162728808344
321.5,2.414162728808344
321.766,2.414162728808344
322.032,2.414162728808344
322.297,2.414162728808344
322.563,2.414162728808344
322.829,2.414162728808344
323.094,2.414162728808344
323.36,2.414162728808344
323.625,2.414162728808344
323.891,2.414162728808344
324.157,2.414162728808344
324.422,2.414162728808344
324.688,2.414162728808344
324.954,2.414162728808344
325.219,2.414162728808344
325.485,2.414162728808344
325.751,2.414162728808344
326.016,2.414162728808344
326.282,2.4268897173905644
326.548,2.490523796576617
326.813,2.490523796576617
327.079,2.490523796576617
327.345,2.490523796576617
327.61,2.490523796576617
327.876,2.490523796576617
328.141,2.639002882814882
328.407,2.740817064022547
328.673,2.7883305789128037
328.938,2.7883305789128037
329.204,2.7883305789128037
329.47,2.7883305789128037
329.735,2.7883305789128037
330.001,2.7883305789128037
330.267,2.7883305789128037
330.532,2.5838536066378173
330.798,2.465069819412177
331.064,2.397193986515416
331.329,2.39295136907966
331.579,1.756611872806707
331.845,0.18273165848598888
332.111,-0.08453078311539336
332.376,-0.2839173918200152
332.642,-0.6275409011896701
332.908,-0.7972313471566196
333.173,-0.8014735327298518
333.439,-0.8014735327298518
333.704,-0.8014735327298518
333.97,-0.8014735327298518
334.236,-0.8014735327298518
334.501,-0.8014735327298518
334.767,-0.8099583357388398
335.033,-0.8142005213120718
335.298,-0.8184427068853037
335.564,-0.8184427068853037
335.83,-0.8184427068853037
336.095,-0.7675356162814714
336.361,-0.36452021329899587
336.627,-0.36027802772576384
336.892,-0.36027802772576384
337.158,-0.36027802772576384
337.424,-0.36027802772576384
337.689,-0.36027802772576384
337.955,-0.36027802772576384
338.22,-0.36027802772576384
338.486,-0.36027802772576384
338.752,-0.36027802772576384
339.017,-0.36027802772576384
339.283,-0.36027802772576384
339.549,-0.36027802772576384
339.814,-0.36027802772576384
340.064,-0.3008865659754673
340.33,-0.3008865659754673
340.596,-0.3008865659754673
340.861,-0.29664394853971127
341.127,-0.27967520624678305
341.393,-0.27967520624678305
341.658,-0.27967520624678305
341.924,-0.27967520624678305
342.19,-0.266948217664563
342.455,-0.266948217664563
342.721,-0.266948217664563
342.986,-0.2542216609448669
343.252,-0.2542216609448669
343.518,-0.2542216609448669
343.783,-0.2542216609448669
344.049,-0.2542216609448669
344.315,-0.2542216609448669
344.58,-0.2542216609448669
344.846,-0.2542216609448669
345.112,-0.2542216609448669
345.377,-0.2542216609448669
345.643,-0.2542216609448669
345.909,-0.2542216609448669
346.174,-0.2542216609448669
346.44,-0.2542216609448669
346.706,-0.35603584215253176
346.971,-0.500272742817565
347.237,-0.5554224508571536
347.487,-0.7463242565527872
347.752,-0.831169263605
348.018,-0.831169263605
348.284,-0.831169263605
348.549,-0.8354118810407559
348.815,-0.9244995055287247
349.081,-0.9754065961325572
349.346,-0.9754065961325572
349.612,-0.9754065961325572
349.878,-0.9754065961325572
350.143,-0.9754065961325572
350.409,-0.9754065961325572
350.675,-0.9754065961325572
350.94,-0.9754065961325572
351.206,-0.9754065961325572
351.472,-0.9754065961325572
351.737,-0.9754065961325572
352.003,-0.9754065961325572
352.268,-0.9754065961325572
352.534,-0.9754065961325572
352.8,-0.9754065961325572
353.065,-0.9754065961325572
353.331,-0.9754065961325572
353.597,-0.9754065961325572
353.862,-0.9754065961325572
354.128,-0.9754065961325572
354.394,-0.9754065961325572
354.659,-0.9754065961325572
354.925,-0.9754065961325572
355.191,-0.9754065961325572
355.456,-0.9754065961325572
355.722,-0.9754065961325572
355.988,-0.9754065961325572
356.253,-0.9754065961325572
356.519,-0.9754065961325572
356.784,-0.9754065961325572
357.05,-0.9754065961325572
357.316,-0.9754065961325572
357.581,-0.9754065961325572
357.847,-0.9754065961325572
358.113,-0.9754065961325572
358.378,-0.9754065961325572
358.644,-0.9754065961325572
358.91,-0.9754065961325572
359.175,-0.9754065961325572
359.441,-0.9754065961325572
359.707,-0.9754065961325572
359.972,-0.9754065961325572
360.238,-0.9754065961325572
360.504,-0.9754065961325572
360.754,-0.9754065961325572
361.019,-0.9754065961325572
361.285,-0.9754065961325572
361.551,-0.9754065961325572
361.816,-0.9754065961325572
362.082,-0.9754065961325572
362.347,-0.9754065961325572
362.613,-0.9754065961325572
362.879,-0.9754065961325572
363.144,-0.9754065961325572
363.41,-0.9754065961325572
363.676,-0.9754065961325572
363.941,-0.9754065961325572
364.207,-0.9754065961325572
364.473,-0.9754065961325572
364.738,-0.9754065961325572
365.004,-0.9754065961325572
365.27,-0.9754065961325572
365.535,-0.9457104333948849
365.801,-0.8778341686356003
366.067,-0.8735919830623683
366.332,-0.8735919830623683
366.598,-0.8608654263426722
366.863,-0.8608654263426722
367.129,-0.8608654263426722
367.395,-0.8608654263426722
367.66,-0.8608654263426722
367.926,-0.8523806233336841
368.192,-0.8481384377604521
368.457,-0.8354118810407559
368.723,-0.8354118810407559
368.989,-0.8354118810407559
369.254,-0.8354118810407559
369.52,-0.8354118810407559
369.786,-0.6784479917935027
370.051,-0.40694293275636423
370.317,-0.3390666679970796
370.583,-0.3390666679970796
370.848,-0.3390666679970796
371.114,-0.3390666679970796
371.379,-0.3390666679970796
371.645,-0.3390666679970796
371.911,-0.3390666679970796
372.176,-0.3390666679970796
372.442,-0.3390666679970796
372.708,-0.3390666679970796
372.973,-0.3390666679970796
373.239,-0.3390666679970796
373.505,-0.3390666679970796
373.77,-0.3390666679970796
374.036,-0.3390666679970796
374.302,-0.3390666679970796
374.567,-0.3390666679970796
374.833,-0.3390666679970796
375.099,-0.3305822968506156
375.364,-0.3305822968506156
375.63,-0.3263401112773835
375.895,-0.3263401112773835
376.161,-0.3263401112773835
376.427,-0.3263401112773835
376.692,-0.32209792570415147
376.958,-0.32209792570415147
377.224,-0.32209792570415147
377.489,-0.32209792570415147
377.755,-0.32209792570415147
378.021,-0.32209792570415147
378.286,-0.32209792570415147
378.552,-0.32209792570415147
378.818,-0.32209792570415147
379.083,-0.32209792570415147
379.349,-0.32209792570415147
379.615,-0.32209792570415147
379.88,-0.32209792570415147
380.146,-0.32209792570415147
380.411,-0.32209792570415147
380.677,-0.32209792570415147
380.943,-0.32209792570415147
381.208,-0.32209792570415147
381.474,-0.32209792570415147
381.74,-0.31361312269516345
382.005,-0.3008865659754673
382.271,-0.3008865659754673
382.537,-0.27967520624678305
382.802,-0.2542216609448669
383.068,-0.24149467236264677
383.334,-0.12271131699952967
383.599,0.00031422393681941266
383.865,0.00031422393681941266
384.131,0.00031422393681941266
384.396,0.00031422393681941266
384.662,0.00031422393681941266
384.927,0.00031422393681941266
385.193,0.00031422393681941266
385.459,0.004556841372575472
385.724,0.004556841372575472
385.99,0.004556841372575472
386.256,0.004556841372575472
386.521,-0.2584638465180989
386.787,-0.3263401112773835
387.053,-0.32209792570415147
387.318,-0.32209792570415147
387.584,-0.32209792570415147
387.85,-0.32209792570415147
388.1,-0.3093709371219313
388.365,-0.30512875154869934
388.631,-0.30512875154869934
388.897,-0.30512875154869934
389.162,-0.30512875154869934
389.428,-0.30512875154869934
389.693,-0.30512875154869934
389.959,-0.30512875154869934
390.225,-0.30512875154869934
390.49,-0.30512875154869934
390.756,-0.30512875154869934
391.022,-0.30512875154869934
391.287,-0.30512875154869934
391.553,-0.30512875154869934
391.819,-0.30512875154869934
392.084,-0.30512875154869934
392.35,-0.30512875154869934
392.616,-0.29664394853971127
392.881,-0.27119040323779503
393.147,-0.10149995727084561
393.413,-0.03362369251156103
393.678,-0.03362369251156103
393.944,-0.03362369251156103
394.209,0.07667529170509205
394.475,0.13606675345538854
394.741,0.19970083264144112
395.006,0.2548501088185056
395.272,0.25909229439173764
395.538,0.2633349118274937
395.803,0.2633349118274937
396.069,0.2633349118274937
396.335,0.2633349118274937
396.6,0.2633349118274937
396.866,0.2633349118274937
397.132,0.2633349118274937
397.397,0.2633349118274937
397.663,0.2675770974007257
397.929,0.2675770974007257
398.194,0.2675770974007257
398.46,0.2675770974007257
398.725,0.2675770974007257
398.991,0.2675770974007257
399.241,0.2675770974007257
399.507,0.2675770974007257
399.772,0.2760614685471897
400.038,0.2760614685471897
400.304,0.2760614685471897
400.569,0.2760614685471897
400.835,0.2760614685471897
401.101,0.2760614685471897
401.366,0.2760614685471897
401.632,0.2760614685471897
401.898,0.2760614685471897
402.163,0.2760614685471897
402.429,0.2760614685471897
402.695,0.305757199422338
402.96,0.305757199422338
403.226,0.305757199422338
403.492,0.314242002431326
403.757,0.33545336216001026
404.023,0.33545336216001026
404.288,0.3396955477332423
404.554,0.38211826719061076
404.82,0.40757181249252683
405.085,0.4287831722212111
405.351,0.4330253577944431
405.617,0.4415097289409073
405.882,0.4287831722212111
406.148,-0.6148139126074501
406.414,-0.8735919830623683
406.679,-0.9372260622484209
406.945,-0.9117725169465046
407.211,-0.9032881458000406
407.476,-0.9032881458000406
407.742,-0.9032881458000406
408.008,-0.9032881458000406
408.273,-0.9032881458000406
408.539,-0.9032881458000406
408.804,-0.9032881458000406
409.07,-0.9032881458000406
409.336,-0.9032881458000406
409.601,-0.9032881458000406
409.867,-0.8905611572178204
410.133,-0.8735919830623683
410.398,-0.8693497974891363
410.664,-0.8693497974891363
410.93,-0.8523806233336841
411.195,-0.831169263605
411.461,-0.8226848924585358
411.727,-0.7972313471566196
411.992,-0.7548086276992512
412.258,-0.7548086276992512
412.524,-0.7463242565527872
412.789,-0.7463242565527872
413.055,-0.725112896824103
413.32,-0.5639068220036175
413.586,-0.5639068220036175
413.852,-0.5639068220036175
414.117,-0.5639068220036175
414.383,-0.5639068220036175
414.649,-0.5554224508571536
414.914,-0.5426954622749334
415.18,-0.47906138308888085
415.446,-0.2754330206735511
415.711,-0.16937622203013017
415.977,-0.08877340055114942
416.243,-0.0548350522402451
416.508,-0.0548350522402451
416.774,-0.0548350522402451
417.04,-0.025139321365096844
417.305,0.013041212519039475
417.571,0.04697912896741973
417.836,0.06819048869610399
418.102,0.1021288370070083
418.368,0.1615202987573048
418.633,0.19545864706820912
418.899,0.2803036541204219
419.165,0.36090690746192655
419.43,0.36090690746192655
419.696,0.36090690746192655
419.962,0.36090690746192655
420.227,0.36090690746192655
420.493,0.36090690746192655
420.759,0.36090690746192655
421.024,0.36090690746192655
421.29,0.34817991887970645
421.556,0.34817991887970645
421.821,0.2675770974007257
422.087,-0.266948217664563
422.352,-0.2584638465180989
422.618,-0.2584638465180989
422.884,-0.2584638465180989
423.149,-0.2584638465180989
423.415,-0.2584638465180989
423.681,-0.2584638465180989
423.946,-0.2584638465180989
424.212,-0.2584638465180989
424.478,-0.2584638465180989
424.743,-0.2584638465180989
425.009,-0.2584638465180989
425.275,-0.2584638465180989
425.54,-0.2584638465180989
425.806,-0.2584638465180989
426.072,-0.2584638465180989
426.337,-0.2584638465180989
426.603,-0.2584638465180989
426.868,-0.2584638465180989
427.134,-0.2584638465180989
427.4,-0.2584638465180989
427.665,-0.2584638465180989
427.931,-0.2584638465180989
428.197,-0.2584638465180989
428.462,-0.2584638465180989
428.728,-0.2584638465180989
428.994,-0.2584638465180989
429.259,-0.2584638465180989
429.525,-0.2584638465180989
429.791,-0.2584638465180989
430.056,-0.2584638465180989
430.322,-0.2584638465180989
430.588,-0.2584638465180989
430.853,-0.2627060320913309
431.119,-0.2754330206735511
431.384,-0.3093709371219313
431.65,-0.3093709371219313
431.916,-0.3305822968506156
432.181,-0.36452021329899587
432.447,-0.5469376478481655
432.713,-0.7760199874279354
432.978,-0.9541952364038729
433.244,-0.9541952364038729
433.51,-0.9541952364038729
433.775,-0.9457104333948849
434.041,-0.9457104333948849
434.307,-0.9457104333948849
434.572,-0.9457104333948849
434.838,-0.9457104333948849
435.104,-0.9457104333948849
435.369,-0.9457104333948849
435.635,-0.9457104333948849
435.9,-0.9457104333948849
436.166,-0.9457104333948849
436.432,-0.9414682478216528
436.697,-0.9414682478216528
436.963,-0.9414682478216528
437.229,-0.9202568880929688
437.494,-0.9117725169465046
437.76,-0.9117725169465046
438.026,-0.9117725169465046
438.291,-0.9117725169465046
438.557,-0.9117725169465046
438.823,-0.9117725169465046
439.088,-0.9117725169465046
439.354,-0.9117725169465046
439.62,-0.9117725169465046
439.885,-0.9117725169465046
440.151,-0.9117725169465046
440.416,-0.9117725169465046
440.682,-0.9117725169465046
440.948,-0.9117725169465046
441.213,-0.9117725169465046
441.479,-0.9117725169465046
441.745,-0.9117725169465046
442.01,-0.9117725169465046
442.276,-0.9117725169465046
442.542,-0.9117725169465046
442.807,-0.9117725169465046
443.073,-0.9117725169465046
443.339,-0.9117725169465046
443.604,-0.9117725169465046
443.87,-0.9117725169465046
444.136,-0.9117725169465046
444.401,-0.9117725169465046
444.667,-0.9117725169465046
444.932,-0.9117725169465046
445.198,-0.9117725169465046
445.464,-0.9117725169465046
445.729,-0.9117725169465046
445.995,-0.9117725169465046
446.261,-0.9117725169465046
446.526,-0.9117725169465046
446.792,-0.9117725169465046
447.058,-0.9117725169465046
447.323,-0.9117725169465046
447.589,-0.9117725169465046
447.855,-0.9117725169465046
448.12,-0.9117725169465046
448.386,-0.9117725169465046
448.652,-0.9117725169465046
448.917,-0.9117725169465046
449.183,-0.9117725169465046
449.448,-0.9117725169465046
449.714,-0.9117725169465046
449.98,-0.9117725169465046
